발생년,주야,요일,사망자수,사상자수,중상자수,경상자수,부상신고자수,발생지시도,발생지시군구,사고유형_대분류,사고유형_중분류,사고유형,법규위반_대분류,법규위반,도로형태_대분류,도로형태,가해자_당사자종별_대분류,가해자_당사자종별,피해자_당사자종별_대분류,피해자_당사자종별,발생위치X_UTMK,발생위치Y_UTMK,경도,위도
2016,야간,금,1,1,0,0,0,경기,광주시,차대사람,기타,기타,운전자법규위반,안전운전 의무 불이행,교차로,교차로내,승용차,중형,보행자,보행자,981731,1932086,127.2936227,37.38768594
2016,주간,일,1,1,0,0,0,서울,금천구,차대사람,횡단중,횡단중,운전자법규위반,안전운전 의무 불이행,단일로,기타단일로,승용차,중형,보행자,보행자,945989,1942347,126.8891231,37.4787771
2016,야간,일,1,1,0,0,0,충북,진천군,차대사람,차도통행중,차도통행중,운전자법규위반,안전운전 의무 불이행,단일로,기타단일로,화물차,소형,보행자,보행자,993981,1879534,127.4315917,36.91592601
2016,주간,월,1,1,0,0,0,경북,경주시,차대사람,횡단중,횡단중,운전자법규위반,안전운전 의무 불이행,단일로,기타단일로,승합차,경형,보행자,보행자,1161153,1751026,129.282183,35.74239306
2016,야간,수,1,1,0,0,0,경남,진주시,차대사람,횡단중,횡단중,운전자법규위반,보행자 보호의무 위반,단일로,기타단일로,승용차,소형,보행자,보행자,1056276,1686645,128.1180155,35.17351216
2016,주간,토,1,1,0,0,0,경남,거제시,차대사람,횡단중,횡단중,운전자법규위반,안전운전 의무 불이행,단일로,기타단일로,건설기계,건설기계,보행자,보행자,1102347,1655121,128.62001,34.88566481
2016,야간,수,1,1,0,0,0,경기,포천시,차대사람,기타,기타,운전자법규위반,안전운전 의무 불이행,단일로,기타단일로,승용차,중형,보행자,보행자,968730,1980725,127.1446786,37.82573783
2016,야간,목,1,1,0,0,0,인천,서구,차대사람,횡단중,횡단중,운전자법규위반,보행자 보호의무 위반,단일로,기타단일로,승용차,경형,보행자,보행자,927356,1944911,126.6781437,37.50060836
2016,주간,월,1,1,0,0,0,충남,예산군,차량단독,전도전복,전도전복,운전자법규위반,안전운전 의무 불이행,단일로,기타단일로,건설기계,건설기계,,,934854,1859051,126.7704287,36.72726764
2016,야간,화,1,1,0,0,0,전남,순천시,차대사람,차도통행중,차도통행중,운전자법규위반,안전운전 의무 불이행,단일로,기타단일로,승용차,중형,보행자,보행자,996122,1654098,127.4575632,34.88159203
2016,야간,일,1,2,1,0,0,서울,용산구,차대사람,횡단중,횡단중,운전자법규위반,안전운전 의무 불이행,단일로,기타단일로,이륜차,소형,보행자,보행자,954062,1946930,126.9801406,37.52052182
2016,야간,일,1,1,0,0,0,전남,보성군,차대사람,차도통행중,차도통행중,운전자법규위반,안전운전 의무 불이행,단일로,기타단일로,승용차,소형,보행자,보행자,985825,1648455,127.3449792,34.83061404
2016,주간,토,1,1,0,0,0,경기,가평군,차량단독,전도전복,전도전복,운전자법규위반,안전운전 의무 불이행,단일로,기타단일로,농기계,농기계,,,1004740,1985424,127.553892,37.86861416
2016,주간,토,1,1,0,0,0,경기,파주시,차량단독,기타,기타,운전자법규위반,안전운전 의무 불이행,단일로,기타단일로,이륜차,소형,,,931740,1968006,126.7255828,37.70909091
2016,야간,일,1,1,0,0,0,경북,칠곡군,차대사람,횡단중,횡단중,운전자법규위반,안전운전 의무 불이행,단일로,기타단일로,승용차,중형,보행자,보행자,1081074,1777503,128.3994323,35.9909443
2016,주간,토,1,1,0,0,0,서울,중랑구,차대사람,차도통행중,차도통행중,운전자법규위반,안전운전 의무 불이행,단일로,횡단보도부근,승용차,대형,보행자,보행자,963578,1954478,127.087451,37.58897947
2016,야간,금,1,1,0,0,0,경기,화성시,차대차,기타,기타,운전자법규위반,안전운전 의무 불이행,교차로,교차로부근,승용차,중형,승용차,중형,951138,1913712,126.9492456,37.22096292
2016,야간,토,1,3,0,2,0,강원,원주시,차대차,정면충돌,정면충돌,운전자법규위반,중앙선 침범,단일로,기타단일로,승용차,경형,승용차,경형,1036872,1934941,127.9168269,37.41269352
2016,야간,금,1,2,0,1,0,충북,음성군,차량단독,전도전복,전도전복,운전자법규위반,안전운전 의무 불이행,단일로,기타단일로,승합차,중형,,,1018421,1876367,127.7067233,36.88542282
2016,주간,일,2,2,0,0,0,경남,합천군,차량단독,전도전복,전도전복,운전자법규위반,안전운전 의무 불이행,단일로,교량위,승용차,중형,,,1069181,1729221,128.2633316,35.55657566
2016,주간,일,1,1,0,0,0,전북,순창군,차대차,측면직각충돌,측면직각충돌,운전자법규위반,안전운전 의무 불이행,단일로,기타단일로,원동기장치자전거,원동기장치자전거,승용차,경형,964968,1707876,127.114371,35.36591419
2016,주간,일,1,1,0,0,0,부산,남구,차대사람,차도통행중,차도통행중,운전자법규위반,안전운전 의무 불이행,단일로,기타단일로,화물차,소형,보행자,보행자,1142558,1684182,129.0649081,35.14277296
2016,주간,월,1,1,0,0,0,경기,양평군,차대차,기타,기타,운전자법규위반,안전운전 의무 불이행,단일로,기타단일로,승용차,소형,자전거,자전거,1010411,1945061,127.6177922,37.50476068
2016,주간,금,1,4,0,3,0,경기,광주시,차대차,추돌,진행중 추돌,운전자법규위반,안전운전 의무 불이행,교차로,교차로부근,화물차,소형,화물차,소형,977352,1929724,127.2442277,37.36629875
2016,야간,토,1,1,0,0,0,서울,관악구,차량단독,전도전복,전도전복,운전자법규위반,안전운전 의무 불이행,단일로,터널안,승용차,경형,,,951203,1940865,126.9481902,37.46570958
2016,주간,일,1,1,0,0,0,강원,홍천군,차량단독,전도전복,전도전복,운전자법규위반,안전운전 의무 불이행,단일로,기타단일로,이륜차,중형,,,1057988,1980420,128.1588798,37.82168193
2016,주간,토,1,1,0,0,0,경북,경산시,차대차,정면충돌,정면충돌,운전자법규위반,교차로 통행방법 위반,교차로,교차로부근,화물차,중형,이륜차,소형,1121188,1765503,128.8425335,35.87862041
2016,야간,수,1,1,0,0,0,경남,거창군,차대사람,길가장자리구역통행중,길가장자리구역통행중,운전자법규위반,안전운전 의무 불이행,단일로,기타단일로,화물차,소형,보행자,보행자,1039020,1739080,127.9310282,35.64711483
2016,주간,월,1,1,0,0,0,경남,창원시(통합),차대차,측면직각충돌,측면직각충돌,운전자법규위반,중앙선 침범,교차로,교차로부근,화물차,대형,화물차,소형,1092027,1695703,128.511597,35.25253742
2016,주간,월,1,1,0,0,0,전북,임실군,차대차,추돌,진행중 추돌,운전자법규위반,안전운전 의무 불이행,단일로,기타단일로,승용차,소형,자전거,자전거,983850,1723004,127.3219208,35.50280408
2016,야간,목,1,1,0,0,0,대전,유성구,차대사람,횡단중,횡단중,운전자법규위반,보행자 보호의무 위반,단일로,횡단보도상,승합차,소형,보행자,보행자,990169,1825458,127.3903276,36.42661005
2016,야간,월,1,2,1,0,0,서울,양천구,차대차,정면충돌,정면충돌,운전자법규위반,안전운전 의무 불이행,단일로,기타단일로,이륜차,소형,승용차,중형,944245,1947548,126.8690048,37.52555069
2016,주간,일,1,1,0,0,0,경남,창원시(통합),차대차,측면직각충돌,측면직각충돌,운전자법규위반,신호위반,교차로,교차로내,원동기장치자전거,원동기장치자전거,승용차,중형,1094461,1696458,128.5384354,35.25911758
2016,주간,일,1,1,0,0,0,강원,원주시,차대사람,차도통행중,차도통행중,운전자법규위반,안전운전 의무 불이행,교차로,교차로부근,화물차,중형,보행자,보행자,1039181,1926380,127.9423047,37.33560607
2016,주간,토,1,4,2,0,1,부산,금정구,차량단독,공작물충돌,공작물충돌,운전자법규위반,안전운전 의무 불이행,단일로,기타단일로,승용차,경형,,,1146448,1695055,129.1095327,35.24021426
2016,야간,일,1,2,1,0,0,세종,세종,차량단독,기타,기타,운전자법규위반,안전운전 의무 불이행,단일로,기타단일로,승용차,중형,,,980282,1830224,127.2799098,36.46942425
2016,주간,일,1,1,0,0,0,경북,경산시,차대차,측면직각충돌,측면직각충돌,운전자법규위반,신호위반,교차로,교차로내,이륜차,소형,승용차,중형,1121228,1755832,128.841508,35.79144386
2016,주간,토,1,1,0,0,0,경기,부천시,차대사람,기타,기타,운전자법규위반,안전운전 의무 불이행,단일로,기타단일로,승용차,중형,보행자,보행자,934593,1945984,126.7599173,37.51082044
2016,주간,토,1,1,0,0,0,경북,칠곡군,차대사람,보도통행중,보도통행중,운전자법규위반,기타(운전자법규위반),교차로,교차로부근,승용차,중형,보행자,보행자,1080782,1778031,128.3962471,35.99572839
2016,야간,화,1,4,0,3,0,인천,서구,차대차,정면충돌,정면충돌,운전자법규위반,중앙선 침범,고가도로위,고가도로위,승용차,소형,승용차,중형,926641,1942925,126.6702534,37.48265252
2016,야간,수,1,1,0,0,0,서울,광진구,차량단독,공작물충돌,공작물충돌,운전자법규위반,안전운전 의무 불이행,단일로,기타단일로,원동기장치자전거,원동기장치자전거,,,962922,1948748,127.0803106,37.5373069
2016,주간,일,1,1,0,0,0,대구,동구,차대차,측면직각충돌,측면직각충돌,운전자법규위반,안전운전 의무 불이행,교차로,교차로부근,승용차,중형,자전거,자전거,1103161,1772355,128.643756,35.94245216
2016,주간,화,1,1,0,0,0,경남,거제시,차대사람,횡단중,횡단중,운전자법규위반,보행자 보호의무 위반,교차로,교차로부근,화물차,소형,보행자,보행자,1104602,1655476,128.6447272,34.88863558
2016,야간,금,1,1,0,0,0,경기,수원시,차대사람,횡단중,횡단중,운전자법규위반,과속,단일로,기타단일로,승용차,대형,보행자,보행자,962126,1916558,127.07295,37.24712741
2016,주간,수,1,3,2,0,0,전북,전주시,차량단독,공작물충돌,공작물충돌,운전자법규위반,안전운전 의무 불이행,단일로,기타단일로,화물차,소형,,,966182,1753770,127.1334448,35.8077904
2016,주간,수,1,2,0,1,0,서울,동작구,차대차,정면충돌,정면충돌,운전자법규위반,중앙선 침범,단일로,기타단일로,승용차,중형,승용차,대형,952380,1944162,126.9596446,37.49691618
2016,주간,목,1,1,0,0,0,경기,안산시,차대사람,횡단중,횡단중,운전자법규위반,안전운전 의무 불이행,단일로,기타단일로,승용차,소형,보행자,보행자,942151,1922854,126.8472422,37.3028495
2016,주간,화,1,1,0,0,0,서울,금천구,차대차,측면직각충돌,측면직각충돌,운전자법규위반,안전운전 의무 불이행,교차로,교차로내,승용차,중형,이륜차,소형,944921,1943004,126.8772258,37.48412042
2016,야간,토,1,1,0,0,0,제주,서귀포시,차대사람,횡단중,횡단중,운전자법규위반,안전운전 의무 불이행,단일로,기타단일로,승용차,소형,보행자,보행자,907294,1473619,126.5048036,33.24991002
2016,야간,토,1,1,0,0,0,인천,연수구,차대사람,보도통행중,보도통행중,운전자법규위반,보행자 보호의무 위반,단일로,기타단일로,승용차,중형,보행자,보행자,925428,1936733,126.6571613,37.42674838
2016,주간,금,1,1,0,0,0,경기,부천시,차대사람,횡단중,횡단중,운전자법규위반,보행자 보호의무 위반,교차로,교차로내,승용차,경형,보행자,보행자,938565,1942656,126.8051355,37.48109819
2016,주간,금,1,1,0,0,0,경북,예천군,차대사람,횡단중,횡단중,운전자법규위반,안전운전 의무 불이행,단일로,기타단일로,승용차,대형,보행자,보행자,1083753,1858803,128.4379017,36.72357267
2016,야간,목,1,1,0,0,0,부산,기장군,차량단독,공작물충돌,공작물충돌,운전자법규위반,안전운전 의무 불이행,단일로,기타단일로,승용차,중형,,,1154210,1696684,129.1951083,35.25373685
2016,주간,금,1,1,0,0,0,서울,강동구,차대사람,횡단중,횡단중,운전자법규위반,중앙선 침범,단일로,기타단일로,승용차,경형,보행자,보행자,967986,1950914,127.1375348,37.55701975
2016,주간,금,1,1,0,0,0,서울,노원구,차대차,측면직각충돌,측면직각충돌,운전자법규위반,신호위반,교차로,교차로내,승용차,대형,이륜차,중형,963740,1958173,127.0891028,37.62228991
2016,야간,금,1,1,0,0,0,충북,청주시,차대사람,횡단중,횡단중,운전자법규위반,신호위반,단일로,횡단보도상,승용차,중형,보행자,보행자,1000955,1854427,127.5106897,36.68781844
2016,주간,화,1,1,0,0,0,울산,울주군,차량단독,전도전복,전도전복,운전자법규위반,안전운전 의무 불이행,교차로,교차로부근,승합차,경형,,,1157028,1735057,129.2334684,35.59914278
2016,주간,월,1,1,0,0,0,세종,세종,차대사람,기타,기타,운전자법규위반,과속,단일로,터널안,화물차,소형,보행자,보행자,980015,1830088,127.2769331,36.46819265
2016,야간,월,1,1,0,0,0,대구,동구,차대사람,횡단중,횡단중,운전자법규위반,안전운전 의무 불이행,단일로,횡단보도상,승용차,경형,보행자,보행자,1101604,1765868,128.6257574,35.88414312
2016,주간,월,1,1,0,0,0,전남,화순군,차량단독,기타,기타,운전자법규위반,안전운전 의무 불이행,단일로,기타단일로,농기계,농기계,,,948660,1667375,126.937383,35.0000214
2016,주간,월,1,1,0,0,0,서울,성동구,차대사람,횡단중,횡단중,운전자법규위반,보행자 보호의무 위반,교차로,교차로내,특수차,대형,보행자,보행자,958860,1950648,127.0342272,37.55425981
2016,야간,금,1,1,0,0,0,경북,영주시,차대사람,기타,기타,운전자법규위반,안전운전 의무 불이행,단일로,기타단일로,승용차,경형,보행자,보행자,1092178,1873179,128.5339749,36.85236687
2016,야간,월,1,2,1,0,0,경기,고양시,차량단독,전도전복,전도전복,운전자법규위반,안전운전 의무 불이행,단일로,기타단일로,승용차,중형,,,937942,1964497,126.796239,37.67790652
2016,야간,수,1,2,1,0,0,울산,북구,차대차,추돌,진행중 추돌,운전자법규위반,안전운전 의무 불이행,단일로,기타단일로,화물차,소형,화물차,소형,1170886,1729089,129.3851183,35.54306379
2016,야간,수,1,1,0,0,0,전북,부안군,차대사람,차도통행중,차도통행중,운전자법규위반,안전운전 의무 불이행,기타/불명,기타/불명,승용차,경형,보행자,보행자,930612,1747328,126.7328259,35.71980808
2016,야간,목,1,1,0,0,0,충북,청주시,차대사람,횡단중,횡단중,운전자법규위반,과속,단일로,횡단보도상,승용차,대형,보행자,보행자,996258,1849482,127.4592785,36.64316007
2016,야간,목,1,3,2,0,0,충북,청주시,차량단독,전도전복,전도전복,운전자법규위반,안전운전 의무 불이행,교차로,교차로부근,승용차,중형,,,1002039,1859745,127.5228375,36.73575779
2016,야간,목,1,3,2,0,0,경남,거제시,차대차,정면충돌,정면충돌,운전자법규위반,중앙선 침범,단일로,기타단일로,승용차,소형,승용차,중형,1107901,1657849,128.6811298,34.90968447
2016,주간,수,1,3,2,0,0,경기,파주시,차대차,정면충돌,정면충돌,운전자법규위반,중앙선 침범,단일로,기타단일로,승용차,중형,건설기계,건설기계,943271,1978849,126.8555476,37.80760226
2016,주간,월,1,2,1,0,0,전남,완도군,차량단독,공작물충돌,공작물충돌,운전자법규위반,안전운전 의무 불이행,단일로,기타단일로,승용차,중형,,,915584,1578285,126.583812,34.19448733
2016,야간,일,1,2,1,0,0,경기,평택시,차대사람,기타,기타,운전자법규위반,안전운전 의무 불이행,단일로,기타단일로,승용차,중형,보행자,보행자,959849,1890865,127.0486539,37.01543666
2016,야간,금,1,2,1,0,0,충남,서산시,차량단독,도로이탈,도로이탈 추락,운전자법규위반,안전운전 의무 불이행,교차로,교차로내,승용차,경형,,,907920,1867076,126.4678633,36.7973687
2016,주간,목,1,1,0,0,0,경기,수원시,차대사람,횡단중,횡단중,운전자법규위반,안전운전 의무 불이행,교차로,교차로부근,화물차,중형,보행자,보행자,957197,1916032,127.0174048,37.24217271
2016,주간,화,1,1,0,0,0,서울,마포구,차대사람,차도통행중,차도통행중,운전자법규위반,안전운전 의무 불이행,단일로,기타단일로,승합차,대형,보행자,보행자,951279,1949658,126.9484669,37.54496701
2016,야간,일,1,1,0,0,0,전남,순천시,차대사람,횡단중,횡단중,운전자법규위반,안전운전 의무 불이행,단일로,기타단일로,승용차,중형,보행자,보행자,1004449,1663280,127.5487342,34.96438886
2016,주간,화,1,1,0,0,0,충남,예산군,차대차,정면충돌,정면충돌,운전자법규위반,중앙선 침범,단일로,기타단일로,자전거,자전거,승합차,대형,939754,1860570,126.8251805,36.74128393
2016,야간,월,1,1,0,0,0,경기,평택시,차대사람,횡단중,횡단중,운전자법규위반,안전운전 의무 불이행,단일로,기타단일로,승합차,소형,보행자,보행자,960685,1898369,127.0576589,37.08311372
2016,주간,화,1,1,0,0,0,서울,동대문구,차대차,기타,기타,운전자법규위반,안전운전 의무 불이행,단일로,기타단일로,승용차,중형,화물차,경형,960866,1954442,127.0566284,37.5885892
2016,야간,월,1,2,1,0,0,강원,원주시,차대차,추돌,진행중 추돌,운전자법규위반,안전운전 의무 불이행,단일로,기타단일로,승용차,경형,승용차,경형,1041512,1924380,127.9685061,37.31747751
2016,주간,월,1,1,0,0,0,경북,안동시,차량단독,전도전복,전도전복,운전자법규위반,안전운전 의무 불이행,단일로,기타단일로,승용차,경형,,,1101401,1832051,128.6319707,36.48072862
2016,주간,일,1,1,0,0,0,충북,진천군,차대사람,기타,기타,운전자법규위반,안전운전 의무 불이행,단일로,기타단일로,승용차,중형,보행자,보행자,996428,1873347,127.4599286,36.8583717
2016,야간,일,2,2,0,0,0,경북,청송군,차대차,정면충돌,정면충돌,운전자법규위반,중앙선 침범,단일로,기타단일로,승합차,경형,화물차,소형,1140449,1819317,129.0654431,36.36104043
2016,야간,일,2,2,0,0,0,대구,달성군,차대사람,횡단중,횡단중,운전자법규위반,과속,단일로,기타단일로,승용차,대형,보행자,보행자,1103958,1751284,128.6498453,35.75242631
2016,주간,토,1,7,3,3,0,전남,광양시,차대차,정면충돌,정면충돌,운전자법규위반,중앙선 침범,단일로,기타단일로,승용차,중형,승용차,대형,1015924,1662314,127.6744121,34.95556251
2016,야간,일,1,1,0,0,0,서울,송파구,차대사람,기타,기타,운전자법규위반,안전운전 의무 불이행,고가도로위,고가도로위,승용차,중형,보행자,보행자,966828,1940982,127.1248724,37.46745715
2016,야간,토,1,2,0,1,0,서울,마포구,차대사람,차도통행중,차도통행중,운전자법규위반,안전운전 의무 불이행,단일로,기타단일로,승용차,중형,보행자,보행자,951596,1951000,126.9519667,37.55707939
2016,야간,토,1,1,0,0,0,충남,천안시,차대사람,횡단중,횡단중,운전자법규위반,안전운전 의무 불이행,단일로,기타단일로,승용차,경형,보행자,보행자,968380,1870480,127.1454028,36.83200464
2016,야간,월,1,1,0,0,0,전북,전주시,차대사람,횡단중,횡단중,운전자법규위반,안전운전 의무 불이행,단일로,기타단일로,승합차,대형,보행자,보행자,970000,1760390,127.1678108,35.83956494
2016,야간,수,1,1,0,0,0,충남,당진시,차량단독,전도전복,전도전복,운전자법규위반,안전운전 의무 불이행,단일로,기타단일로,승용차,경형,,,926820,1882164,126.6782383,36.9350172
2016,주간,월,1,1,0,0,0,경남,사천시,차대사람,차도통행중,차도통행중,운전자법규위반,안전운전 의무 불이행,단일로,기타단일로,승용차,소형,보행자,보행자,1052042,1663093,128.070042,34.96137461
2016,주간,화,1,1,0,0,0,서울,성동구,차대사람,횡단중,횡단중,운전자법규위반,안전운전 의무 불이행,교차로,교차로내,건설기계,건설기계,보행자,보행자,960069,1949132,127.0479972,37.54064883
2016,야간,토,1,1,0,0,0,경북,경산시,차대차,기타,기타,운전자법규위반,안전운전 의무 불이행,단일로,기타단일로,승용차,중형,승용차,중형,1120660,1770221,128.837401,35.92121196
2016,야간,토,1,1,0,0,0,경북,포항시,차대사람,횡단중,횡단중,운전자법규위반,안전운전 의무 불이행,단일로,기타단일로,승용차,중형,보행자,보행자,1168459,1781230,129.369328,36.01334757
2016,주간,월,1,2,0,1,0,부산,강서구,차대차,추돌,진행중 추돌,운전자법규위반,안전운전 의무 불이행,단일로,터널안,화물차,소형,화물차,중형,1116594,1669732,128.7779293,35.01585074
2016,주간,일,1,2,1,0,0,서울,송파구,차대차,기타,기타,운전자법규위반,안전운전 의무 불이행,교차로,교차로부근,승용차,대형,건설기계,건설기계,962500,1945071,127.0757218,37.5041476
2016,야간,금,1,1,0,0,0,경남,양산시,차대차,측면직각충돌,측면직각충돌,운전자법규위반,안전거리 미확보,교차로,교차로부근,승용차,소형,이륜차,대형,1139595,1706973,129.0362636,35.34862286
2016,주간,금,1,1,0,0,0,전남,순천시,차대차,측면직각충돌,측면직각충돌,운전자법규위반,신호위반,교차로,교차로내,이륜차,소형,승용차,경형,1002283,1661210,127.5250022,34.94572982
2016,야간,화,1,1,0,0,0,경남,통영시,차대사람,횡단중,횡단중,운전자법규위반,안전운전 의무 불이행,단일로,기타단일로,승용차,중형,보행자,보행자,1084366,1648728,128.4226204,34.82967601
2016,주간,월,1,4,3,0,0,경북,김천시,차량단독,공작물충돌,공작물충돌,운전자법규위반,안전운전 의무 불이행,단일로,기타단일로,승용차,소형,,,1057402,1776229,128.1367412,35.98114012
2016,주간,월,1,10,6,3,0,전남,강진군,차대차,측면직각충돌,측면직각충돌,운전자법규위반,안전운전 의무 불이행,단일로,기타단일로,승합차,대형,승합차,경형,929528,1622177,126.7315276,34.59132158
2016,야간,화,1,3,1,1,0,경남,진주시,차대차,측면직각충돌,측면직각충돌,운전자법규위반,안전거리 미확보,단일로,기타단일로,승용차,소형,승용차,소형,1055142,1684326,128.1054077,35.15266534
2016,주간,화,1,1,0,0,0,전북,부안군,차량단독,전도전복,전도전복,운전자법규위반,안전운전 의무 불이행,단일로,기타단일로,이륜차,소형,,,927498,1738275,126.6813101,35.64517846
2016,야간,월,1,1,0,0,0,경기,남양주시,차대차,기타,기타,운전자법규위반,신호위반,교차로,교차로내,승합차,경형,이륜차,소형,973774,1966608,127.2025029,37.69865825
2016,야간,토,1,1,0,0,0,부산,북구,차대차,기타,기타,운전자법규위반,중앙선 침범,단일로,기타단일로,자전거,자전거,승용차,중형,1137667,1697076,129.0133734,35.25968549
2016,주간,화,1,1,0,0,0,전북,부안군,차대사람,횡단중,횡단중,운전자법규위반,보행자 보호의무 위반,단일로,횡단보도상,화물차,소형,보행자,보행자,931018,1748377,126.7372243,35.72929393
2016,주간,금,1,1,0,0,0,경북,고령군,차대사람,횡단중,횡단중,운전자법규위반,안전운전 의무 불이행,단일로,기타단일로,이륜차,소형,보행자,보행자,1069632,1748419,128.2699663,35.72962681
2016,주간,금,1,1,0,0,0,경남,양산시,차대사람,횡단중,횡단중,운전자법규위반,안전운전 의무 불이행,교차로,교차로부근,화물차,소형,보행자,보행자,1149686,1711806,129.1481625,35.39072115
2016,야간,일,2,2,0,0,0,서울,중구,차대차,측면직각충돌,측면직각충돌,운전자법규위반,신호위반,교차로,교차로내,이륜차,중형,승용차,대형,955674,1952037,126.9980737,37.56663139
2016,야간,일,1,1,0,0,0,대전,대덕구,차대사람,횡단중,횡단중,운전자법규위반,과속,단일로,기타단일로,승용차,중형,보행자,보행자,992884,1816351,127.4206989,36.34453121
2016,야간,일,2,10,0,8,0,강원,속초시,차대차,정면충돌,정면충돌,운전자법규위반,중앙선 침범,교차로,교차로부근,승용차,중형,승합차,경형,1089979,2023090,128.5276838,38.20360602
2016,주간,토,1,1,0,0,0,강원,평창군,차량단독,전도전복,전도전복,운전자법규위반,안전운전 의무 불이행,단일로,기타단일로,승용차,경형,,,1096531,1964197,128.5946043,37.67222263
2016,주간,토,1,1,0,0,0,부산,진구,차대사람,횡단중,횡단중,운전자법규위반,보행자 보호의무 위반,단일로,횡단보도상,화물차,소형,보행자,보행자,1140398,1685614,129.0414694,35.15606386
2016,주간,토,1,4,3,0,0,대구,북구,차대사람,보도통행중,보도통행중,운전자법규위반,기타(운전자법규위반),단일로,기타단일로,승용차,중형,보행자,보행자,1098477,1766130,128.5909519,35.88664519
2016,야간,토,1,1,0,0,0,충북,음성군,차대사람,횡단중,횡단중,운전자법규위반,안전운전 의무 불이행,단일로,기타단일로,승용차,소형,보행자,보행자,995704,1887594,127.4517257,36.9867989
2016,주간,일,1,3,0,2,0,전북,군산시,차대차,정면충돌,정면충돌,운전자법규위반,중앙선 침범,단일로,기타단일로,화물차,소형,화물차,소형,928558,1773737,126.7076987,35.95654562
2016,야간,일,1,1,0,0,0,경북,영천시,차량단독,전도전복,전도전복,운전자법규위반,안전운전 의무 불이행,교차로,교차로내,승용차,중형,,,1128941,1773399,128.9296789,35.94879861
2016,주간,토,1,1,0,0,0,충남,아산시,차량단독,전도전복,전도전복,운전자법규위반,안전운전 의무 불이행,단일로,기타단일로,승용차,대형,,,943213,1861313,126.8638675,36.74819491
2016,야간,금,1,1,0,0,0,부산,강서구,차대차,추돌,진행중 추돌,운전자법규위반,안전운전 의무 불이행,교차로,교차로부근,승용차,소형,특수차,대형,1125175,1677115,128.8731094,35.08885799
2016,주간,목,1,1,0,0,0,전남,화순군,차대차,측면직각충돌,측면직각충돌,운전자법규위반,교차로 통행방법 위반,교차로,교차로내,이륜차,소형,승용차,경형,944155,1663404,126.8882831,34.96397624
2016,주간,목,1,1,0,0,0,경남,창원시(통합),차대차,기타,기타,운전자법규위반,보행자 보호의무 위반,교차로,교차로부근,건설기계,건설기계,자전거,자전거,1109740,1682875,128.7045615,35.13510695
2016,주간,화,1,1,0,0,0,경기,화성시,차량단독,전도전복,전도전복,운전자법규위반,안전운전 의무 불이행,단일로,기타단일로,이륜차,소형,,,948392,1897081,126.9194421,37.0709074
2016,주간,일,1,2,0,1,0,전남,구례군,차량단독,공작물충돌,공작물충돌,운전자법규위반,안전운전 의무 불이행,교차로,교차로내,화물차,소형,,,1004109,1684921,127.5451171,35.15953469
2016,야간,일,1,2,1,0,0,대전,유성구,차대사람,횡단중,횡단중,운전자법규위반,안전운전 의무 불이행,단일로,기타단일로,승용차,경형,보행자,보행자,986532,1818092,127.349882,36.36015905
2016,야간,수,1,1,0,0,0,경남,창원시(통합),차대차,추돌,진행중 추돌,운전자법규위반,신호위반,교차로,교차로내,원동기장치자전거,원동기장치자전거,승용차,소형,1106020,1695135,128.6653138,35.24603336
2016,야간,목,1,2,0,1,0,경기,성남시,차대차,정면충돌,정면충돌,운전자법규위반,안전운전 의무 불이행,단일로,기타단일로,승용차,경형,승용차,경형,966996,1929796,127.1272722,37.36663701
2016,주간,목,1,2,0,1,0,경기,이천시,차대차,정면충돌,정면충돌,운전자법규위반,안전운전 의무 불이행,교차로,교차로내,승용차,경형,화물차,소형,989959,1912217,127.3868394,37.2087133
2016,주간,수,1,1,0,0,0,광주,남구,차대사람,횡단중,횡단중,운전자법규위반,안전운전 의무 불이행,단일로,기타단일로,승용차,경형,보행자,보행자,945282,1682326,126.8993797,35.13465505
2016,주간,목,1,1,0,0,0,경기,포천시,차대차,기타,기타,운전자법규위반,기타(운전자법규위반),단일로,기타단일로,화물차,중형,화물차,대형,974808,1976466,127.2138902,37.7875392
2016,야간,목,1,1,0,0,0,경북,안동시,차대사람,횡단중,횡단중,운전자법규위반,안전운전 의무 불이행,단일로,기타단일로,승용차,경형,보행자,보행자,1109084,1842327,128.7191742,36.57250295
2016,주간,목,1,1,0,0,0,충남,보령시,차량단독,도로이탈,도로이탈 추락,운전자법규위반,안전운전 의무 불이행,단일로,교량위,승용차,소형,,,914315,1833176,126.5433231,36.49240457
2016,야간,수,1,1,0,0,0,경기,화성시,차대차,측면직각충돌,측면직각충돌,운전자법규위반,안전운전 의무 불이행,단일로,기타단일로,화물차,소형,원동기장치자전거,원동기장치자전거,944683,1908073,126.8769088,37.16977459
2016,야간,금,1,1,0,0,0,경남,양산시,차대차,측면직각충돌,측면직각충돌,운전자법규위반,교차로 통행방법 위반,교차로,교차로내,승용차,경형,이륜차,소형,1138043,1705826,129.0189954,35.33849994
2016,야간,금,1,1,0,0,0,대구,남구,차대차,정면충돌,정면충돌,운전자법규위반,중앙선 침범,단일로,기타단일로,원동기장치자전거,원동기장치자전거,승용차,중형,1098603,1760109,128.591713,35.83253183
2016,야간,금,1,1,0,0,0,서울,강남구,차대사람,횡단중,횡단중,운전자법규위반,안전운전 의무 불이행,단일로,기타단일로,승용차,중형,보행자,보행자,957877,1945404,127.0262865,37.50106994
2016,주간,월,1,4,2,1,0,강원,양양군,차대차,추돌,진행중 추돌,운전자법규위반,과속,단일로,기타단일로,승합차,소형,승용차,중형,1100263,2007848,128.6429763,38.06517517
2016,야간,수,1,1,0,0,0,경기,수원시,차대사람,횡단중,횡단중,운전자법규위반,안전운전 의무 불이행,단일로,기타단일로,승용차,중형,보행자,보행자,957335,1919172,127.0187806,37.27048212
2016,주간,수,1,1,0,0,0,경남,김해시,차대사람,횡단중,횡단중,운전자법규위반,보행자 보호의무 위반,교차로,교차로내,화물차,소형,보행자,보행자,1111929,1701531,128.7311216,35.3030502
2016,주간,수,1,1,0,0,0,충북,청주시,차대차,측면직각충돌,측면직각충돌,운전자법규위반,안전운전 의무 불이행,단일로,기타단일로,승합차,경형,자전거,자전거,998774,1848751,127.486286,36.63664931
2016,야간,수,1,1,0,0,0,대구,달성군,차대사람,횡단중,횡단중,운전자법규위반,안전운전 의무 불이행,단일로,기타단일로,화물차,소형,보행자,보행자,1086195,1740812,128.4522779,35.6597373
2016,주간,목,1,1,0,0,0,부산,금정구,차대사람,기타,기타,운전자법규위반,안전운전 의무 불이행,단일로,횡단보도상,승용차,중형,보행자,보행자,1144653,1693513,129.0893514,35.22651265
2016,주간,화,1,1,0,0,0,제주,서귀포시,차대차,기타,기타,운전자법규위반,안전운전 의무 불이행,단일로,기타단일로,승용차,중형,화물차,소형,917693,1473736,126.6160859,33.25141553
2016,주간,화,1,1,0,0,0,전남,진도군,차대차,추돌,진행중 추돌,운전자법규위반,안전운전 의무 불이행,단일로,기타단일로,화물차,소형,농기계,농기계,879696,1601354,126.191164,34.39895403
2016,주간,화,1,1,0,0,0,경기,고양시,차대차,기타,기타,운전자법규위반,안전운전 의무 불이행,단일로,횡단보도상,승합차,대형,자전거,자전거,933767,1964866,126.748863,37.68094017
2016,야간,토,1,1,0,0,0,대전,동구,차대사람,횡단중,횡단중,운전자법규위반,안전운전 의무 불이행,교차로,교차로부근,승용차,소형,보행자,보행자,993480,1815831,127.4273451,36.33984741
2016,주간,금,1,1,0,0,0,충북,제천시,차량단독,전도전복,전도전복,운전자법규위반,안전운전 의무 불이행,단일로,기타단일로,승용차,소형,,,1063796,1879832,128.2161971,36.91467923
2016,주간,금,1,1,0,0,0,충남,아산시,차대차,측면직각충돌,측면직각충돌,운전자법규위반,신호위반,교차로,교차로내,화물차,소형,원동기장치자전거,원동기장치자전거,956545,1865855,127.0129491,36.7898432
2016,주간,화,1,1,0,0,0,서울,강남구,차대차,측면직각충돌,측면직각충돌,운전자법규위반,신호위반,교차로,교차로내,이륜차,중형,승용차,중형,964777,1943191,127.1018414,37.48730104
2016,주간,월,1,1,0,0,0,경기,여주시,차대사람,횡단중,횡단중,운전자법규위반,안전운전 의무 불이행,교차로,교차로부근,화물차,중형,보행자,보행자,1008956,1917995,127.6010023,37.26080758
2016,주간,금,1,3,1,1,0,전남,담양군,차대차,측면직각충돌,측면직각충돌,운전자법규위반,신호위반,교차로,교차로내,이륜차,사발이,승용차,대형,944897,1698393,126.8940786,35.2795042
2016,야간,목,1,1,0,0,0,서울,서초구,차대사람,보도통행중,보도통행중,운전자법규위반,신호위반,교차로,교차로부근,승용차,중형,보행자,보행자,956580,1942819,127.0088774,37.48359
2016,주간,수,1,1,0,0,0,울산,남구,차량단독,전도전복,전도전복,운전자법규위반,안전운전 의무 불이행,단일로,기타단일로,이륜차,소형,,,1161496,1729287,129.2816186,35.54642285
2016,야간,토,1,1,0,0,0,충남,당진시,차대차,측면직각충돌,측면직각충돌,운전자법규위반,중앙선 침범,단일로,기타단일로,화물차,소형,승용차,소형,918683,1888022,126.5862446,36.98715006
2016,주간,토,1,1,0,0,0,충남,서산시,차대차,정면충돌,정면충돌,운전자법규위반,중앙선 침범,단일로,기타단일로,승용차,경형,화물차,소형,906209,1872434,126.4480266,36.84549334
2016,주간,일,2,3,0,1,0,경기,시흥시,차량단독,공작물충돌,공작물충돌,운전자법규위반,안전운전 의무 불이행,단일로,기타단일로,화물차,소형,,,935262,1935478,126.7684097,37.41617721
2016,야간,목,1,1,0,0,0,대구,동구,차량단독,전도전복,전도전복,운전자법규위반,안전운전 의무 불이행,단일로,기타단일로,이륜차,소형,,,1100834,1764065,128.666213,35.95648134
2016,주간,금,1,1,0,0,0,경기,남양주시,차대사람,횡단중,횡단중,운전자법규위반,안전운전 의무 불이행,교차로,교차로내,화물차,소형,보행자,보행자,973649,1971812,127.2008964,37.74555937
2016,야간,목,1,1,0,0,0,인천,남구,차대차,기타,기타,운전자법규위반,안전운전 의무 불이행,교차로,교차로내,원동기장치자전거,원동기장치자전거,승용차,경형,928352,1938897,126.6899961,37.44648321
2016,야간,수,1,3,0,2,0,서울,서초구,차대차,기타,기타,운전자법규위반,안전운전 의무 불이행,단일로,기타단일로,승용차,중형,승합차,중형,958964,1942711,127.035848,37.48272556
2016,야간,수,1,1,0,0,0,전북,익산시,차대사람,길가장자리구역통행중,길가장자리구역통행중,운전자법규위반,안전운전 의무 불이행,단일로,기타단일로,승용차,중형,보행자,보행자,945481,1770546,126.8956278,35.93007044
2016,주간,토,1,1,0,0,0,전남,고흥군,차대사람,기타,기타,운전자법규위반,안전운전 의무 불이행,단일로,기타단일로,화물차,소형,보행자,보행자,985099,1645512,127.3370918,34.80406464
2016,주간,일,1,1,0,0,0,경북,구미시,차대사람,횡단중,횡단중,운전자법규위반,안전운전 의무 불이행,기타/불명,기타/불명,승용차,경형,보행자,보행자,1089472,1792595,128.4942976,36.12625648
2016,야간,금,1,1,0,0,0,전남,신안군,차대사람,횡단중,횡단중,운전자법규위반,중앙선 침범,단일로,기타단일로,승용차,경형,보행자,보행자,874469,1639905,126.1286153,34.74588893
2016,야간,수,1,1,0,0,0,경기,광명시,차량단독,전도전복,전도전복,운전자법규위반,안전운전 의무 불이행,단일로,기타단일로,이륜차,소형,,,942783,1939585,126.8530791,37.45368977
2016,주간,수,1,1,0,0,0,강원,양구군,차량단독,전도전복,전도전복,운전자법규위반,안전운전 의무 불이행,단일로,기타단일로,건설기계,건설기계,,,1053196,2029009,128.1080447,38.25987407
2016,주간,수,1,2,1,0,0,경북,구미시,차대차,측면직각충돌,측면직각충돌,운전자법규위반,과속,단일로,기타단일로,승용차,경형,이륜차,소형,1074305,1810081,128.3274225,36.28516782
2016,야간,화,1,1,0,0,0,경기,의정부시,차대사람,횡단중,횡단중,운전자법규위반,안전운전 의무 불이행,단일로,횡단보도상,승용차,중형,보행자,보행자,959750,1971149,127.0431729,37.73907784
2016,주간,수,1,2,0,1,0,충북,청주시,차대사람,기타,기타,운전자법규위반,안전운전 의무 불이행,단일로,기타단일로,승용차,소형,보행자,보행자,996091,1848892,127.4562733,36.63791319
2016,주간,목,1,1,0,0,0,전남,무안군,차대사람,길가장자리구역통행중,길가장자리구역통행중,운전자법규위반,안전운전 의무 불이행,교차로,교차로내,승용차,경형,보행자,보행자,907519,1662404,126.487134,34.95227612
2016,주간,목,1,1,0,0,0,대구,북구,차대사람,기타,기타,운전자법규위반,안전운전 의무 불이행,단일로,기타단일로,승용차,중형,보행자,보행자,1096916,1766243,128.5737834,35.88799539
2016,주간,화,1,1,0,0,0,충북,청주시,차량단독,전도전복,전도전복,운전자법규위반,안전운전 의무 불이행,단일로,기타단일로,승합차,경형,,,1015023,1846614,127.6680048,36.61726662
2016,주간,수,1,1,0,0,0,충남,천안시,차대차,측면직각충돌,측면직각충돌,운전자법규위반,안전거리 미확보,단일로,기타단일로,승합차,소형,이륜차,소형,982531,1861518,127.3043012,36.75158234
2016,야간,목,1,1,0,0,0,충남,예산군,차량단독,공작물충돌,공작물충돌,운전자법규위반,안전운전 의무 불이행,단일로,기타단일로,승용차,경형,,,941164,1857366,126.8412198,36.71249079
2016,주간,수,1,2,0,1,0,경기,고양시,차대차,추돌,진행중 추돌,운전자법규위반,안전운전 의무 불이행,단일로,기타단일로,화물차,소형,건설기계,건설기계,933167,1961128,126.7424016,37.64720744
2016,야간,화,1,1,0,0,0,경기,과천시,차대차,측면직각충돌,측면직각충돌,운전자법규위반,안전운전 의무 불이행,단일로,기타단일로,승용차,중형,이륜차,대형,955559,1936803,126.9976921,37.4293169
2016,야간,화,1,1,0,0,0,세종,세종,차대차,기타,기타,운전자법규위반,중앙선 침범,교차로,교차로부근,자전거,자전거,승용차,중형,982565,1845032,127.3050574,36.60296385
2016,야간,금,1,1,0,0,0,경기,안산시,차량단독,기타,기타,운전자법규위반,안전운전 의무 불이행,단일로,기타단일로,이륜차,소형,,,943186,1922986,126.8589102,37.30410311
2016,주간,화,1,2,0,1,0,전남,담양군,차대차,측면직각충돌,측면직각충돌,운전자법규위반,신호위반,교차로,교차로내,원동기장치자전거,원동기장치자전거,승용차,경형,952025,1702672,126.9722056,35.31845346
2016,야간,화,1,1,0,0,0,충남,서천군,차대사람,차도통행중,차도통행중,운전자법규위반,안전운전 의무 불이행,단일로,기타단일로,승합차,소형,보행자,보행자,929868,1789793,126.720856,36.10258777
2016,주간,월,2,2,0,0,0,대구,수성구,차량단독,전도전복,전도전복,운전자법규위반,안전운전 의무 불이행,단일로,기타단일로,이륜차,소형,,,1104688,1762343,128.659366,35.85203903
2016,주간,수,1,1,0,0,0,광주,북구,차대사람,횡단중,횡단중,운전자법규위반,안전운전 의무 불이행,교차로,교차로내,화물차,소형,보행자,보행자,946475,1685857,126.9122453,35.16655735
2016,주간,금,1,1,0,0,0,대구,동구,차대차,측면직각충돌,측면직각충돌,운전자법규위반,안전운전 의무 불이행,교차로,교차로내,승용차,경형,이륜차,소형,1102858,1764824,128.639347,35.87506432
2016,야간,화,1,2,0,1,0,충북,청주시,차대차,추돌,진행중 추돌,운전자법규위반,안전운전 의무 불이행,단일로,기타단일로,이륜차,대형,승용차,경형,988744,1847307,127.374112,36.62356595
2016,주간,화,1,2,0,1,0,경남,창원시(통합),차대차,측면직각충돌,측면직각충돌,운전자법규위반,신호위반,교차로,교차로내,승용차,경형,승용차,경형,1104245,1694785,128.645763,35.24306428
2016,주간,월,1,1,0,0,0,충남,논산시,차대사람,횡단중,횡단중,운전자법규위반,안전운전 의무 불이행,교차로,교차로내,승용차,중형,보행자,보행자,956560,1795739,127.0170549,36.15775483
2016,야간,토,1,1,0,0,0,충북,제천시,차대사람,횡단중,횡단중,운전자법규위반,안전운전 의무 불이행,교차로,교차로부근,승용차,경형,보행자,보행자,1063195,1904962,128.2115604,37.1412338
2016,야간,월,1,1,0,0,0,경북,포항시,차대사람,횡단중,횡단중,운전자법규위반,안전운전 의무 불이행,단일로,기타단일로,승용차,경형,보행자,보행자,1168571,1787123,129.3719402,36.06708396
2016,야간,일,1,1,0,0,0,대구,북구,차대사람,횡단중,횡단중,운전자법규위반,과속,교차로,교차로부근,승용차,경형,보행자,보행자,1097049,1766204,128.575252,35.88763064
2016,야간,목,1,1,0,0,0,서울,용산구,차대사람,기타,기타,운전자법규위반,안전운전 의무 불이행,단일로,기타단일로,승합차,대형,보행자,보행자,953378,1949556,126.9722336,37.54415625
2016,주간,수,1,1,0,0,0,광주,동구,차량단독,도로이탈,도로이탈 기타,운전자법규위반,안전운전 의무 불이행,기타/불명,기타/불명,승용차,중형,,,946711,1684456,126.9149272,35.15393746
2016,야간,수,1,1,0,0,0,서울,강서구,차대차,측면직각충돌,측면직각충돌,운전자법규위반,신호위반,교차로,교차로내,자전거,자전거,승용차,경형,942234,1949616,126.8460362,37.54413137
2016,야간,일,1,1,0,0,0,전남,여수시,차대사람,횡단중,횡단중,운전자법규위반,보행자 보호의무 위반,단일로,횡단보도상,승용차,중형,보행자,보행자,1020201,1637922,127.720669,34.73552881
2016,주간,월,1,9,1,7,0,전남,여수시,차대차,측면직각충돌,측면직각충돌,운전자법규위반,신호위반,교차로,교차로내,승용차,대형,승합차,대형,1015923,1646818,127.6741062,34.81582626
2016,야간,일,1,1,0,0,0,충남,부여군,차량단독,전도전복,전도전복,운전자법규위반,안전운전 의무 불이행,교차로,교차로내,승용차,대형,,,948759,1809823,126.9294093,36.28434322
2016,야간,금,1,2,1,0,0,경기,의정부시,차대차,측면직각충돌,측면직각충돌,운전자법규위반,신호위반,교차로,교차로내,승용차,중형,승용차,소형,963025,1973127,127.0802416,37.75704383
2016,야간,금,1,2,1,0,0,대전,유성구,차대차,정면충돌,정면충돌,운전자법규위반,신호위반,교차로,교차로내,이륜차,소형,승용차,소형,989790,1825668,127.3860968,36.4284993
2016,야간,금,1,1,0,0,0,서울,강북구,차대사람,횡단중,횡단중,운전자법규위반,안전운전 의무 불이행,단일로,횡단보도상,승용차,중형,보행자,보행자,958743,1956851,127.0325532,37.61016371
2016,야간,월,1,1,0,0,0,충남,태안군,차대차,정면충돌,정면충돌,운전자법규위반,중앙선 침범,단일로,기타단일로,원동기장치자전거,원동기장치자전거,승용차,소형,893391,1852661,126.3070477,36.66592348
2016,주간,금,1,1,0,0,0,전북,완주군,차대사람,기타,기타,운전자법규위반,기타(운전자법규위반),단일로,기타단일로,승용차,대형,보행자,보행자,969155,1770791,127.1592424,35.93166982
2016,주간,화,1,1,0,0,0,대구,수성구,차량단독,전도전복,전도전복,운전자법규위반,안전운전 의무 불이행,고가도로위,고가도로위,승용차,중형,,,1100002,1759577,128.607325,35.82673256
2016,야간,수,1,3,1,1,0,서울,용산구,차대차,추돌,진행중 추돌,운전자법규위반,과속,단일로,교량위,승용차,중형,이륜차,중형,955487,1946275,126.9963057,37.51468799
2016,야간,토,1,1,0,0,0,경기,안성시,차대사람,기타,기타,운전자법규위반,안전운전 의무 불이행,단일로,기타단일로,화물차,소형,보행자,보행자,979895,1891580,127.2739738,37.02252496
2016,야간,목,1,1,0,0,0,경북,경주시,차대사람,기타,기타,운전자법규위반,과속,단일로,기타단일로,승용차,중형,보행자,보행자,1156047,1766151,129.2285965,35.87956733
2016,야간,수,1,1,0,0,0,강원,춘천시,차대사람,횡단중,횡단중,운전자법규위반,안전운전 의무 불이행,교차로,교차로부근,승용차,소형,보행자,보행자,1021468,1984555,127.7440561,37.86054118
2016,야간,화,1,1,0,0,0,경기,광주시,차대차,추돌,진행중 추돌,운전자법규위반,안전운전 의무 불이행,단일로,기타단일로,화물차,소형,화물차,소형,985999,1927920,127.3419152,37.35020862
2016,주간,화,1,2,1,0,0,제주,서귀포시,차대차,기타,기타,운전자법규위반,직진 및 우회전차의 통행방해,교차로,교차로내,화물차,대형,승용차,중형,937911,1491387,126.8321306,33.41235178
2016,주간,수,1,1,0,0,0,충남,홍성군,차대차,측면직각충돌,측면직각충돌,운전자법규위반,교차로 통행방법 위반,교차로,교차로부근,이륜차,소형,화물차,소형,933000,1834397,126.7518177,36.50490149
2016,야간,금,1,2,0,0,1,부산,해운대구,차대사람,횡단중,횡단중,운전자법규위반,안전운전 의무 불이행,단일로,기타단일로,이륜차,소형,보행자,보행자,1152220,1687936,129.1716248,35.17520219
2016,야간,목,1,1,0,0,0,경북,청도군,차대사람,기타,기타,운전자법규위반,안전운전 의무 불이행,단일로,기타단일로,승용차,경형,보행자,보행자,1095114,1737464,128.5504053,35.62873577
2016,야간,목,1,2,1,0,0,경남,창원시(통합),차대차,기타,기타,운전자법규위반,안전운전 의무 불이행,단일로,기타단일로,이륜차,소형,승용차,경형,1108572,1693795,128.6931816,35.23367977
2016,주간,월,1,1,0,0,0,대구,북구,차대사람,횡단중,횡단중,운전자법규위반,안전운전 의무 불이행,단일로,횡단보도상,승용차,중형,보행자,보행자,1098912,1767512,128.5960523,35.899235
2016,주간,월,1,4,0,3,0,경기,성남시,차대차,추돌,진행중 추돌,운전자법규위반,안전운전 의무 불이행,단일로,기타단일로,화물차,소형,화물차,중형,969391,1935880,127.1540676,37.42155828
2016,야간,일,1,1,0,0,0,대구,수성구,차대차,추돌,진행중 추돌,운전자법규위반,안전운전 의무 불이행,단일로,기타단일로,승용차,경형,자전거,자전거,1103334,1763107,128.6444728,35.85906974
2016,주간,일,1,1,0,0,0,충남,공주시,차량단독,전도전복,전도전복,운전자법규위반,안전운전 의무 불이행,단일로,기타단일로,이륜차,소형,,,963674,1831190,127.0944909,36.47764692
2016,주간,수,1,1,0,0,0,경북,안동시,차대차,정면충돌,정면충돌,운전자법규위반,안전운전 의무 불이행,단일로,기타단일로,건설기계,건설기계,농기계,농기계,1103019,1840253,128.6511243,36.55448334
2016,주간,화,1,1,0,0,0,전남,완도군,차량단독,전도전복,전도전복,운전자법규위반,안전운전 의무 불이행,단일로,기타단일로,화물차,소형,,,942881,1575865,126.8802139,34.17451817
2016,야간,화,1,1,0,0,0,충남,논산시,차대사람,기타,기타,운전자법규위반,안전운전 의무 불이행,교차로,교차로내,승용차,소형,보행자,보행자,975572,1804104,127.2281576,36.23383578
2016,야간,화,1,1,0,0,0,전북,완주군,차대차,기타,기타,운전자법규위반,안전운전 의무 불이행,단일로,기타단일로,건설기계,건설기계,농기계,농기계,971788,1772767,127.1871703,35.95120866
2016,야간,화,1,6,1,4,0,서울,동대문구,차대차,정면충돌,정면충돌,운전자법규위반,중앙선 침범,단일로,기타단일로,승용차,중형,승합차,대형,960634,1951904,127.0542438,37.56565804
2016,야간,목,2,3,1,0,0,전남,무안군,차대차,기타,기타,운전자법규위반,안전운전 의무 불이행,교차로,교차로내,승용차,경형,승용차,경형,906862,1668040,126.4793091,35.00303032
2016,야간,월,1,1,0,0,0,울산,남구,차량단독,전도전복,전도전복,운전자법규위반,중앙선 침범,단일로,기타단일로,승용차,중형,,,1168418,1725996,129.3572629,35.51561246
2016,주간,금,1,2,0,1,0,경기,파주시,차대차,추돌,진행중 추돌,운전자법규위반,신호위반,교차로,교차로내,승용차,경형,승합차,경형,933281,1970281,126.7428555,37.72970797
2016,주간,금,1,2,1,0,0,충남,서천군,차대차,정면충돌,정면충돌,운전자법규위반,중앙선 침범,단일로,기타단일로,승용차,경형,화물차,소형,926413,1787257,126.6827122,36.07947029
2016,주간,화,1,1,0,0,0,강원,원주시,차대차,측면직각충돌,측면직각충돌,운전자법규위반,안전운전 의무 불이행,교차로,교차로내,승합차,경형,이륜차,소형,1040714,1925406,127.9595564,37.32676083
2016,야간,월,1,2,1,0,0,경남,진주시,차대차,추돌,진행중 추돌,운전자법규위반,안전운전 의무 불이행,단일로,기타단일로,승용차,경형,건설기계,건설기계,1057173,1688991,128.1280284,35.1946145
2016,주간,월,1,1,0,0,0,충북,증평군,차량단독,전도전복,전도전복,운전자법규위반,안전운전 의무 불이행,단일로,기타단일로,농기계,농기계,,,1012021,1859780,127.6346397,36.73599935
2016,주간,월,1,1,0,0,0,대구,수성구,차대사람,차도통행중,차도통행중,운전자법규위반,안전운전 의무 불이행,단일로,기타단일로,화물차,소형,보행자,보행자,1101503,1761181,128.6239521,35.84189939
2016,야간,일,2,2,0,0,0,서울,동작구,차대차,추돌,진행중 추돌,운전자법규위반,과속,단일로,기타단일로,승용차,중형,화물차,대형,951206,1946495,126.9478507,37.51645439
2016,주간,월,1,1,0,0,0,충남,천안시,차량단독,공작물충돌,공작물충돌,운전자법규위반,안전운전 의무 불이행,단일로,기타단일로,특수차,대형,,,988909,1867978,127.3756574,36.80991363
2016,주간,일,1,2,1,0,0,경기,연천군,차량단독,공작물충돌,공작물충돌,운전자법규위반,안전운전 의무 불이행,단일로,기타단일로,승용차,중형,,,964026,2003996,127.0900652,38.03530078
2016,주간,토,1,1,0,0,0,경북,영덕군,차대차,기타,기타,운전자법규위반,안전운전 의무 불이행,교차로,교차로내,승합차,소형,자전거,자전거,1160790,1826057,129.2934647,36.41858914
2016,주간,수,1,1,0,0,0,전남,곡성군,차량단독,전도전복,전도전복,운전자법규위반,안전운전 의무 불이행,단일로,기타단일로,이륜차,소형,,,987887,1692001,127.3668946,35.22331138
2016,주간,월,1,1,0,0,0,경남,진주시,차대차,측면직각충돌,측면직각충돌,운전자법규위반,안전거리 미확보,교차로,교차로내,승용차,중형,원동기장치자전거,원동기장치자전거,1057328,1687416,128.1296214,35.18040449
2016,야간,일,1,1,0,0,0,서울,영등포구,차대차,추돌,진행중 추돌,운전자법규위반,안전운전 의무 불이행,단일로,기타단일로,승용차,중형,원동기장치자전거,원동기장치자전거,946778,1949116,126.8975563,37.53983293
2016,야간,일,1,1,0,0,0,제주,제주시,차대사람,횡단중,횡단중,운전자법규위반,안전운전 의무 불이행,단일로,기타단일로,승용차,경형,보행자,보행자,909266,1501305,126.523001,33.49976029
2016,주간,월,1,1,0,0,0,경기,안양시,차대사람,횡단중,횡단중,운전자법규위반,신호위반,교차로,교차로부근,승합차,대형,보행자,보행자,947944,1932952,126.9118965,37.39420952
2016,주간,목,1,1,0,0,0,충북,괴산군,차대사람,횡단중,횡단중,운전자법규위반,보행자 보호의무 위반,교차로,교차로부근,화물차,소형,보행자,보행자,1025326,1868583,127.7839519,36.81509352
2016,주간,목,1,1,0,0,0,전남,목포시,차대차,측면직각충돌,측면직각충돌,운전자법규위반,중앙선 침범,단일로,기타단일로,이륜차,소형,승용차,중형,898037,1644521,126.3854804,34.79013417
2016,야간,화,1,1,0,0,0,서울,도봉구,차대사람,차도통행중,차도통행중,운전자법규위반,안전운전 의무 불이행,단일로,기타단일로,이륜차,소형,보행자,보행자,959236,1962549,127.0378208,37.66154272
2016,주간,화,1,1,0,0,0,인천,남구,차대사람,횡단중,횡단중,운전자법규위반,신호위반,단일로,기타단일로,승합차,대형,보행자,보행자,926575,1939159,126.6698823,37.44870518
2016,야간,수,1,1,0,0,0,경북,경주시,차대사람,횡단중,횡단중,운전자법규위반,과속,단일로,기타단일로,승용차,경형,보행자,보행자,1165176,1744192,129.325248,35.68013933
2016,야간,토,1,2,0,1,0,인천,남동구,차대차,측면직각충돌,측면직각충돌,운전자법규위반,신호위반,단일로,횡단보도상,승용차,중형,자전거,자전거,930963,1939929,126.7194151,37.45598314
2016,주간,금,1,1,0,0,0,전북,임실군,차량단독,전도전복,전도전복,운전자법규위반,안전운전 의무 불이행,단일로,기타단일로,농기계,농기계,,,973239,1730710,127.2046644,35.57205596
2016,야간,수,1,1,0,0,0,경기,파주시,차대사람,횡단중,횡단중,운전자법규위반,안전운전 의무 불이행,단일로,기타단일로,승용차,중형,보행자,보행자,940950,1974967,126.8294985,37.77246814
2016,주간,월,1,1,0,0,0,경기,성남시,차대차,추돌,진행중 추돌,운전자법규위반,안전운전 의무 불이행,단일로,기타단일로,승합차,대형,농기계,농기계,967081,1932500,127.1281118,37.39101297
2016,주간,월,1,3,2,0,0,경남,밀양시,차대차,정면충돌,정면충돌,운전자법규위반,중앙선 침범,단일로,기타단일로,승용차,중형,화물차,소형,1108396,1722474,128.6950522,35.49223827
2016,주간,일,1,1,0,0,0,전남,고흥군,차량단독,공작물충돌,공작물충돌,운전자법규위반,안전운전 의무 불이행,단일로,기타단일로,승용차,중형,,,992129,1630012,127.4140933,34.66436694
2016,야간,일,1,2,1,0,0,충북,괴산군,차량단독,공작물충돌,공작물충돌,운전자법규위반,안전운전 의무 불이행,교차로,교차로내,승용차,중형,,,1014102,1868176,127.6581029,36.81165845
2016,주간,일,1,2,1,0,0,서울,양천구,차량단독,공작물충돌,공작물충돌,운전자법규위반,안전운전 의무 불이행,단일로,기타단일로,승용차,중형,,,941386,1947250,126.8366744,37.52268751
2016,야간,수,1,1,0,0,0,전북,익산시,차대사람,횡단중,횡단중,운전자법규위반,신호위반,교차로,교차로내,승용차,중형,보행자,보행자,952074,1771248,126.9686693,35.93674511
2016,주간,목,1,4,3,0,0,전남,곡성군,차대차,정면충돌,정면충돌,운전자법규위반,중앙선 침범,단일로,기타단일로,건설기계,건설기계,승용차,경형,990995,1688162,127.4010892,35.18872739
2016,야간,목,1,1,0,0,0,경기,수원시,차대사람,횡단중,횡단중,운전자법규위반,안전운전 의무 불이행,단일로,기타단일로,승용차,중형,보행자,보행자,953977,1921990,126.9807326,37.29572252
2016,야간,화,1,1,0,0,0,경기,포천시,차대사람,기타,기타,운전자법규위반,안전운전 의무 불이행,단일로,기타단일로,승용차,중형,보행자,보행자,970793,1982561,127.1680459,37.84235409
2016,야간,목,1,1,0,0,0,대전,유성구,차량단독,공작물충돌,공작물충돌,운전자법규위반,안전운전 의무 불이행,단일로,기타단일로,승용차,경형,,,988391,1820851,127.3705616,36.38505666
2016,주간,화,1,1,0,0,0,경북,경주시,차대차,추돌,진행중 추돌,운전자법규위반,과속,단일로,기타단일로,승용차,경형,농기계,농기계,1160093,1756668,129.2715931,35.79341167
2016,주간,화,1,4,0,3,0,경기,성남시,차대차,기타,기타,운전자법규위반,안전운전 의무 불이행,교차로,교차로내,승용차,경형,승용차,경형,964965,1930434,127.1043056,37.37231322
2016,야간,금,1,2,1,0,0,경기,화성시,차량단독,공작물충돌,공작물충돌,운전자법규위반,안전운전 의무 불이행,교차로,교차로부근,승용차,경형,,,955862,1911562,127.0026181,37.20181895
2016,야간,일,1,1,0,0,0,충남,서천군,차량단독,기타,기타,운전자법규위반,안전운전 의무 불이행,교차로,교차로내,승용차,소형,,,924651,1784967,126.6633632,36.05869118
2016,주간,토,1,1,0,0,0,충북,충주시,차량단독,기타,기타,운전자법규위반,안전운전 의무 불이행,단일로,기타단일로,원동기장치자전거,원동기장치자전거,,,1038257,1881230,127.9295675,36.92866373
2016,주간,토,1,1,0,0,0,경남,진주시,차량단독,전도전복,전도전복,운전자법규위반,안전운전 의무 불이행,단일로,기타단일로,농기계,농기계,,,1059250,1684884,128.1505473,35.15746287
2016,야간,금,1,1,0,0,0,경기,평택시,차대차,추돌,진행중 추돌,운전자법규위반,안전운전 의무 불이행,교차로,교차로부근,원동기장치자전거,원동기장치자전거,화물차,소형,967482,1888722,127.1345488,36.99641444
2016,야간,목,1,1,0,0,0,충남,보령시,차량단독,전도전복,전도전복,운전자법규위반,안전운전 의무 불이행,단일로,기타단일로,화물차,중형,,,919052,1821291,126.5974473,36.38568363
2016,주간,월,1,2,1,0,0,경기,포천시,차대차,추돌,진행중 추돌,운전자법규위반,신호위반,교차로,교차로내,건설기계,건설기계,화물차,소형,979113,1980293,127.262672,37.822141
2016,주간,금,1,1,0,0,0,경남,거제시,차대차,정면충돌,정면충돌,운전자법규위반,안전운전 의무 불이행,교차로,교차로내,원동기장치자전거,원동기장치자전거,승합차,중형,1100785,1655312,128.6029425,34.88754312
2016,주간,수,1,1,0,0,0,대전,서구,차대사람,횡단중,횡단중,운전자법규위반,보행자 보호의무 위반,교차로,교차로내,승합차,중형,보행자,보행자,987797,1817890,127.3639851,36.35835483
2016,주간,토,1,1,0,0,0,경북,구미시,차대사람,횡단중,횡단중,운전자법규위반,안전운전 의무 불이행,교차로,교차로부근,화물차,소형,보행자,보행자,1076761,1796474,128.3534349,36.16231377
2016,주간,금,1,1,0,0,0,경기,안산시,차대차,측면직각충돌,측면직각충돌,운전자법규위반,신호위반,교차로,교차로내,승용차,대형,이륜차,소형,940564,1923056,126.8293197,37.30457008
2016,야간,화,1,1,0,0,0,전북,전주시,차대사람,횡단중,횡단중,운전자법규위반,안전운전 의무 불이행,단일로,기타단일로,원동기장치자전거,원동기장치자전거,보행자,보행자,966689,1760275,127.1311536,35.83842117
2016,야간,수,1,4,0,3,0,충북,청주시,차대차,기타,기타,운전자법규위반,중앙선 침범,단일로,기타단일로,승용차,소형,화물차,소형,997256,1850285,127.4693002,36.65047511
2016,야간,월,1,1,0,0,0,경북,경주시,차량단독,전도전복,전도전복,운전자법규위반,안전운전 의무 불이행,교차로,교차로내,화물차,소형,,,1155569,1761804,129.2225508,35.84042511
2016,주간,일,1,2,1,0,0,강원,춘천시,차대차,정면충돌,정면충돌,운전자법규위반,중앙선 침범,단일로,기타단일로,승용차,소형,승용차,대형,1010577,1972405,127.6198142,37.75125891
2016,야간,금,1,3,2,0,0,강원,원주시,차대차,정면충돌,정면충돌,운전자법규위반,중앙선 침범,단일로,기타단일로,승용차,경형,승용차,경형,1051633,1914778,128.0820605,37.23042209
2016,야간,토,1,1,0,0,0,전북,군산시,차대사람,횡단중,횡단중,운전자법규위반,보행자 보호의무 위반,교차로,교차로내,승용차,중형,보행자,보행자,928934,1775963,126.7103678,35.98550097
2016,주간,토,1,1,0,0,0,경북,경주시,차대차,측면직각충돌,측면직각충돌,운전자법규위반,중앙선 침범,단일로,기타단일로,승용차,중형,이륜차,소형,1162689,1760872,129.3011635,35.83087047
2016,야간,수,1,1,0,0,0,인천,남동구,차대차,측면직각충돌,측면직각충돌,운전자법규위반,안전운전 의무 불이행,단일로,기타단일로,건설기계,건설기계,이륜차,소형,930751,1936176,126.7160097,37.41999657
2016,주간,수,1,1,0,0,0,경기,안성시,차대사람,횡단중,횡단중,운전자법규위반,안전운전 의무 불이행,단일로,기타단일로,승용차,중형,보행자,보행자,978783,1890892,127.2614919,37.01629863
2016,주간,수,1,7,3,3,0,경북,경주시,차대차,측면직각충돌,측면직각충돌,운전자법규위반,중앙선 침범,단일로,기타단일로,승용차,경형,화물차,소형,1155689,1763829,129.2242741,35.85865552
2016,야간,일,1,1,0,0,0,경기,파주시,차량단독,전도전복,전도전복,운전자법규위반,안전운전 의무 불이행,단일로,기타단일로,건설기계,건설기계,,,933380,1980491,126.7430412,37.82173236
2016,야간,수,1,1,0,0,0,대구,수성구,차대사람,횡단중,횡단중,운전자법규위반,안전운전 의무 불이행,단일로,기타단일로,화물차,소형,보행자,보행자,1104202,1762661,128.6540263,35.8549574
2016,야간,월,1,1,0,0,0,경남,김해시,차대사람,횡단중,횡단중,운전자법규위반,안전운전 의무 불이행,단일로,기타단일로,승합차,경형,보행자,보행자,1126964,1694343,128.8953406,35.23645873
2016,야간,목,1,1,0,0,0,서울,동작구,차대차,측면직각충돌,측면직각충돌,운전자법규위반,중앙선 침범,단일로,기타단일로,이륜차,소형,승합차,대형,948704,1944431,126.9190184,37.49756884
2016,주간,월,1,1,0,0,0,충남,부여군,차대사람,횡단중,횡단중,운전자법규위반,보행자 보호의무 위반,단일로,횡단보도상,화물차,소형,보행자,보행자,947058,1809516,126.9104896,36.28148373
2016,주간,화,1,4,3,0,0,경남,진주시,차대차,추돌,진행중 추돌,운전자법규위반,안전운전 의무 불이행,단일로,기타단일로,승용차,경형,승용차,중형,1056171,1688162,128.1169658,35.18719629
2016,야간,목,2,2,0,0,0,경북,포항시,차량단독,전도전복,전도전복,운전자법규위반,안전운전 의무 불이행,단일로,기타단일로,원동기장치자전거,원동기장치자전거,,,1147668,1791128,129.1405599,36.10592352
2016,주간,화,1,1,0,0,0,경기,파주시,차대차,정면충돌,정면충돌,운전자법규위반,안전운전 의무 불이행,단일로,기타단일로,원동기장치자전거,원동기장치자전거,화물차,소형,936542,1974443,126.7794958,37.76745016
2016,주간,수,1,1,0,0,0,경기,평택시,차대차,기타,기타,운전자법규위반,안전운전 의무 불이행,교차로,교차로부근,승용차,소형,자전거,자전거,948624,1887502,126.9227056,36.98457573
2016,주간,일,1,1,0,0,0,전북,익산시,차대차,측면직각충돌,측면직각충돌,운전자법규위반,안전거리 미확보,단일로,기타단일로,원동기장치자전거,원동기장치자전거,승용차,중형,950785,1776989,126.9540233,35.98843951
2016,야간,토,1,1,0,0,0,전남,순천시,차대사람,횡단중,횡단중,운전자법규위반,안전운전 의무 불이행,단일로,횡단보도부근,화물차,소형,보행자,보행자,996819,1668678,127.4651348,35.01306987
2016,주간,수,1,1,0,0,0,전남,함평군,차대사람,길가장자리구역통행중,길가장자리구역통행중,운전자법규위반,기타(운전자법규위반),단일로,기타단일로,승용차,경형,보행자,보행자,905682,1677887,126.4652603,35.09170045
2016,주간,화,4,5,1,0,0,부산,남구,차대차,추돌,진행중 추돌,운전자법규위반,안전운전 의무 불이행,교차로,교차로부근,승용차,대형,특수차,대형,1144335,1680622,129.0837867,35.11043039
2016,주간,수,1,2,0,1,0,전북,군산시,차대차,추돌,진행중 추돌,운전자법규위반,안전운전 의무 불이행,단일로,기타단일로,이륜차,소형,화물차,소형,926565,1773080,126.685716,35.95167605
2016,야간,화,1,1,0,0,0,경기,여주시,차량단독,도로이탈,도로이탈 기타,운전자법규위반,안전운전 의무 불이행,단일로,기타단일로,승용차,소형,,,1007423,1926017,127.5837939,37.33313111
2016,주간,수,1,1,0,0,0,부산,중구,차대차,측면직각충돌,측면직각충돌,운전자법규위반,신호위반,교차로,교차로내,자전거,자전거,승용차,중형,1139019,1679727,129.0252393,35.10316684
2016,주간,일,1,1,0,0,0,경기,파주시,차량단독,공작물충돌,공작물충돌,운전자법규위반,안전운전 의무 불이행,단일로,기타단일로,화물차,경형,,,942629,1978028,126.8483198,37.80016278
2016,야간,토,1,4,0,3,0,경북,구미시,차대차,정면충돌,정면충돌,운전자법규위반,안전운전 의무 불이행,단일로,기타단일로,화물차,소형,농기계,농기계,1073929,1808845,128.323119,36.27405468
2016,주간,목,1,1,0,0,0,경기,안양시,차대사람,횡단중,횡단중,운전자법규위반,안전운전 의무 불이행,교차로,교차로내,승용차,중형,보행자,보행자,950062,1933370,126.9357953,37.3980937
2016,야간,금,1,1,0,0,0,인천,계양구,차대사람,횡단중,횡단중,운전자법규위반,안전운전 의무 불이행,단일로,기타단일로,승합차,대형,보행자,보행자,932366,1948849,126.7344569,37.53648162
2016,주간,화,1,1,0,0,0,인천,강화군,차대차,측면직각충돌,측면직각충돌,운전자법규위반,과속,교차로,교차로내,화물차,소형,이륜차,소형,912748,1961972,126.5108651,37.65310029
2016,야간,월,1,1,0,0,0,제주,제주시,차대차,기타,기타,운전자법규위반,안전거리 미확보,교차로,교차로부근,이륜차,소형,이륜차,소형,904447,1500697,126.4713748,33.49386153
2016,주간,일,1,1,0,0,0,충남,예산군,차량단독,전도전복,전도전복,운전자법규위반,앞지르기 방법위반,단일로,기타단일로,승용차,중형,,,921101,1847938,126.6175686,36.62605307
2016,야간,일,1,1,0,0,0,제주,서귀포시,차대사람,횡단중,횡단중,운전자법규위반,안전운전 의무 불이행,단일로,기타단일로,승용차,대형,보행자,보행자,942052,1488017,126.8769009,33.38222658
2016,주간,토,3,4,0,1,0,경남,고성군,차대차,추돌,진행중 추돌,운전자법규위반,기타(운전자법규위반),교차로,교차로부근,승용차,중형,화물차,대형,1072422,1665234,128.2934441,34.97942638
2016,야간,목,1,2,1,0,0,전남,해남군,차대차,추돌,진행중 추돌,운전자법규위반,안전운전 의무 불이행,단일로,기타단일로,승용차,대형,농기계,농기계,922542,1613691,126.6561277,34.5142988
2016,야간,월,1,1,0,0,0,전남,해남군,차량단독,공작물충돌,공작물충돌,운전자법규위반,안전운전 의무 불이행,단일로,기타단일로,화물차,소형,,,897319,1630878,126.3792952,34.66705524
2016,야간,화,1,2,1,0,0,부산,동래구,차대차,측면직각충돌,측면직각충돌,운전자법규위반,신호위반,교차로,교차로내,승용차,중형,원동기장치자전거,원동기장치자전거,1142876,1691410,129.069532,35.20809021
2016,야간,금,1,1,0,0,0,충남,논산시,차대사람,횡단중,횡단중,운전자법규위반,안전운전 의무 불이행,교차로,교차로내,화물차,소형,보행자,보행자,956347,1796501,127.0146446,36.16461498
2016,야간,일,1,1,0,0,0,경북,김천시,차대사람,차도통행중,차도통행중,운전자법규위반,안전운전 의무 불이행,단일로,기타단일로,승용차,경형,보행자,보행자,1055605,1792345,128.1179435,36.12653543
2016,주간,토,1,2,0,1,0,경북,경주시,차대차,정면충돌,정면충돌,운전자법규위반,중앙선 침범,단일로,기타단일로,승합차,경형,건설기계,건설기계,1158862,1784943,129.2636263,36.04842004
2016,야간,금,1,1,0,0,0,전남,해남군,차대사람,차도통행중,차도통행중,운전자법규위반,안전운전 의무 불이행,단일로,기타단일로,승용차,대형,보행자,보행자,912942,1608293,126.5521026,34.46485803
2016,주간,일,1,2,1,0,0,경북,안동시,차량단독,공작물충돌,공작물충돌,운전자법규위반,안전운전 의무 불이행,단일로,기타단일로,화물차,소형,,,1131124,1828704,128.963124,36.44695618
2016,야간,일,1,2,1,0,0,충북,음성군,차대차,기타,기타,운전자법규위반,안전운전 의무 불이행,단일로,기타단일로,승용차,중형,승용차,대형,1016754,1901912,127.6885839,37.11572622
2016,주간,토,2,3,0,1,0,경기,평택시,차대차,정면충돌,정면충돌,운전자법규위반,중앙선 침범,단일로,기타단일로,승용차,경형,승용차,경형,950790,1892221,126.946735,37.02722865
2016,주간,일,1,1,0,0,0,경북,상주시,차대차,정면충돌,정면충돌,운전자법규위반,안전운전 의무 불이행,단일로,기타단일로,화물차,소형,이륜차,소형,1038241,1822683,127.926466,36.4008815
2016,주간,화,1,2,0,1,0,서울,강북구,차대사람,횡단중,횡단중,운전자법규위반,안전운전 의무 불이행,단일로,기타단일로,이륜차,소형,보행자,보행자,957398,1959974,127.0171326,37.63825045
2016,주간,목,1,9,8,0,0,전북,정읍시,차대차,정면충돌,정면충돌,운전자법규위반,직진 및 우회전차의 통행방해,교차로,교차로내,화물차,중형,승용차,중형,934417,1736404,126.784606,35.59371225
2016,야간,일,1,1,0,0,0,강원,원주시,차대차,추돌,진행중 추돌,운전자법규위반,안전운전 의무 불이행,단일로,기타단일로,승용차,중형,건설기계,건설기계,1042811,1926308,127.9832775,37.3347968
2016,주간,화,1,2,0,0,1,경남,거창군,차대차,정면충돌,정면충돌,운전자법규위반,중앙선 침범,단일로,기타단일로,화물차,중형,화물차,중형,1040245,1736635,127.9444376,35.62502099
2016,야간,토,1,1,0,0,0,전남,화순군,차대사람,횡단중,횡단중,운전자법규위반,신호위반,교차로,교차로내,승용차,경형,보행자,보행자,953926,1674047,126.9947191,35.06043685
2016,주간,금,1,2,0,1,0,경기,수원시,차대차,기타,기타,운전자법규위반,기타(운전자법규위반),단일로,기타단일로,화물차,중형,승용차,중형,959060,1919550,127.0382155,37.2739668
2016,야간,목,1,1,0,0,0,서울,중랑구,차대사람,차도통행중,차도통행중,운전자법규위반,안전운전 의무 불이행,단일로,기타단일로,화물차,소형,보행자,보행자,964725,1955877,127.1003753,37.60163377
2016,주간,수,1,2,1,0,0,경기,수원시,차대차,기타,기타,운전자법규위반,안전운전 의무 불이행,교차로,교차로내,승용차,경형,화물차,중형,954199,1915133,126.9836594,37.23392682
2016,주간,일,1,1,0,0,0,전남,함평군,차대차,측면직각충돌,측면직각충돌,운전자법규위반,신호위반,교차로,교차로내,이륜차,소형,화물차,소형,911612,1675187,126.5305964,35.06789487
2016,주간,일,1,2,0,0,1,대구,달서구,차대차,측면직각충돌,측면직각충돌,운전자법규위반,안전운전 의무 불이행,단일로,기타단일로,승용차,경형,화물차,대형,1091565,1759004,128.5136743,35.82325302
2016,야간,토,1,1,0,0,0,서울,동작구,차대사람,횡단중,횡단중,운전자법규위반,안전운전 의무 불이행,단일로,기타단일로,승용차,중형,보행자,보행자,948961,1945263,126.9225332,37.50522866
2016,주간,월,1,1,0,0,0,경기,남양주시,차대사람,차도통행중,차도통행중,운전자법규위반,안전운전 의무 불이행,교차로,교차로내,승용차,대형,보행자,보행자,970134,1956566,127.1616238,37.60803554
2016,야간,토,1,1,0,0,0,서울,성동구,차대사람,기타,기타,운전자법규위반,안전운전 의무 불이행,단일로,기타단일로,승용차,중형,보행자,보행자,960849,1948397,127.0568655,37.53405749
2016,주간,토,1,1,0,0,0,전북,무주군,차량단독,기타,기타,운전자법규위반,안전운전 의무 불이행,단일로,기타단일로,이륜차,대형,,,1021823,1768883,127.741879,35.9163544
2016,주간,목,1,1,0,0,0,전북,완주군,차량단독,전도전복,전도전복,운전자법규위반,안전운전 의무 불이행,단일로,기타단일로,승용차,소형,,,978111,1761859,127.2545086,35.85719071
2016,야간,화,1,1,0,0,0,대구,서구,차대사람,횡단중,횡단중,운전자법규위반,안전운전 의무 불이행,단일로,기타단일로,승용차,중형,보행자,보행자,1096897,1765276,128.5735922,35.87924293
2016,야간,수,1,1,0,0,0,경기,안산시,차대사람,횡단중,횡단중,운전자법규위반,과속,교차로,교차로부근,승용차,중형,보행자,보행자,939940,1924301,126.8221781,37.31575156
2016,야간,수,1,1,0,0,0,경기,고양시,차대차,측면직각충돌,측면직각충돌,운전자법규위반,신호위반,교차로,교차로내,화물차,소형,자전거,자전거,947177,1965891,126.9008606,37.69104891
2016,주간,화,1,1,0,0,0,경남,의령군,차대차,추돌,진행중 추돌,운전자법규위반,안전운전 의무 불이행,단일로,기타단일로,화물차,소형,화물차,대형,1064882,1704604,128.2139378,35.33491797
2016,야간,화,1,1,0,0,0,경북,경주시,차대차,추돌,진행중 추돌,운전자법규위반,안전운전 의무 불이행,단일로,기타단일로,승용차,중형,승용차,중형,1156221,1775146,129.2323861,35.9605591
2016,야간,월,1,2,0,1,0,인천,연수구,차대차,기타,기타,운전자법규위반,신호위반,교차로,교차로내,이륜차,소형,승용차,중형,925463,1936846,126.6575454,37.42776965
2016,야간,금,1,3,2,0,0,전남,여수시,차량단독,전도전복,전도전복,운전자법규위반,안전운전 의무 불이행,단일로,기타단일로,승용차,경형,,,1012790,1645304,127.6398262,34.80221766
2016,야간,금,1,1,0,0,0,부산,남구,차대사람,횡단중,횡단중,운전자법규위반,안전운전 의무 불이행,단일로,기타단일로,승용차,중형,보행자,보행자,1146828,1681388,129.1112688,35.11697444
2016,야간,금,1,1,0,0,0,충남,천안시,차대사람,횡단중,횡단중,운전자법규위반,안전운전 의무 불이행,단일로,기타단일로,승용차,소형,보행자,보행자,967018,1866355,127.130308,36.79477319
2016,주간,금,1,1,0,0,0,경기,부천시,차대차,정면충돌,정면충돌,운전자법규위반,신호위반,교차로,교차로내,승용차,대형,이륜차,소형,937234,1948329,126.7895978,37.53213923
2016,야간,수,1,1,0,0,0,강원,춘천시,차대사람,횡단중,횡단중,운전자법규위반,안전운전 의무 불이행,교차로,교차로부근,승용차,경형,보행자,보행자,1020599,1986007,127.7342184,37.87364816
2016,야간,수,1,2,0,1,0,전남,여수시,차대차,측면직각충돌,측면직각충돌,운전자법규위반,안전운전 의무 불이행,단일로,기타단일로,승용차,경형,승용차,중형,1013020,1645210,127.6423885,34.80143736
2016,주간,화,1,1,0,0,0,충남,논산시,차대차,측면직각충돌,측면직각충돌,운전자법규위반,안전운전 의무 불이행,교차로,교차로부근,건설기계,건설기계,이륜차,소형,960333,1797625,127.0589048,36.17491975
2016,야간,월,1,1,0,0,0,세종,세종,차대차,측면직각충돌,측면직각충돌,운전자법규위반,중앙선 침범,단일로,횡단보도부근,자전거,자전거,승용차,경형,981278,1844449,127.2906816,36.59768372
2016,야간,일,1,1,0,0,0,광주,남구,차량단독,기타,기타,운전자법규위반,안전운전 의무 불이행,고가도로위,고가도로위,승용차,중형,,,943576,1679237,126.8808653,35.10670811
2016,야간,일,1,1,0,0,0,전남,목포시,차량단독,전도전복,전도전복,운전자법규위반,안전운전 의무 불이행,단일로,기타단일로,이륜차,소형,,,901906,1647698,126.4273933,34.81915834
2016,주간,토,1,5,4,0,0,경기,남양주시,차대차,추돌,진행중 추돌,운전자법규위반,안전운전 의무 불이행,단일로,기타단일로,화물차,소형,화물차,소형,981296,1947921,127.2883068,37.53040869
2016,야간,금,1,1,0,0,0,경기,양주시,차대사람,횡단중,횡단중,운전자법규위반,과속,단일로,횡단보도부근,승용차,소형,보행자,보행자,952942,1978693,126.9654174,37.80674605
2016,야간,목,1,1,0,0,0,전북,익산시,차대사람,횡단중,횡단중,운전자법규위반,안전운전 의무 불이행,교차로,교차로내,승용차,경형,보행자,보행자,949530,1772647,126.9403776,35.94922979
2016,주간,금,1,5,4,0,0,경북,예천군,차대차,정면충돌,정면충돌,운전자법규위반,중앙선 침범,단일로,기타단일로,승용차,소형,화물차,소형,1084041,1861248,128.4413955,36.7455855
2016,야간,토,1,1,0,0,0,인천,남동구,차대사람,횡단중,횡단중,운전자법규위반,안전운전 의무 불이행,단일로,횡단보도상,승용차,중형,보행자,보행자,929002,1940091,126.6972289,37.45729469
2016,야간,화,1,1,0,0,0,전남,보성군,차대사람,횡단중,횡단중,운전자법규위반,신호위반,단일로,횡단보도상,승용차,소형,보행자,보행자,991098,1649629,127.4026333,34.8412606
2016,주간,화,1,1,0,0,0,경북,포항시,차대차,측면직각충돌,측면직각충돌,운전자법규위반,중앙선 침범,단일로,기타단일로,승용차,중형,원동기장치자전거,원동기장치자전거,1169921,1776260,129.3844776,35.96830867
2016,주간,금,1,1,0,0,0,경기,용인시,차대사람,횡단중,횡단중,운전자법규위반,안전운전 의무 불이행,단일로,기타단일로,승용차,경형,보행자,보행자,974749,1914973,127.2153329,37.23326806
2016,야간,수,1,1,0,0,0,경남,창원시(통합),차대차,정면충돌,정면충돌,운전자법규위반,신호위반,교차로,교차로내,이륜차,소형,승용차,경형,1106573,1690318,128.6707669,35.20254837
2016,주간,금,1,1,0,0,0,경북,예천군,차량단독,도로이탈,도로이탈 추락,운전자법규위반,안전운전 의무 불이행,단일로,기타단일로,화물차,소형,,,1090314,1850762,128.5104159,36.65049355
2016,주간,금,1,1,0,0,0,대구,달성군,차대차,측면직각충돌,측면직각충돌,운전자법규위반,부당한 회전,단일로,기타단일로,화물차,소형,승용차,중형,1086644,1755026,128.4587851,35.78772033
2016,야간,토,1,1,0,0,0,부산,동래구,차대사람,차도통행중,차도통행중,운전자법규위반,안전운전 의무 불이행,단일로,횡단보도상,승용차,중형,보행자,보행자,1143614,1693319,129.0780935,35.22498571
2016,야간,일,1,2,1,0,0,전남,장성군,차량단독,전도전복,전도전복,운전자법규위반,안전운전 의무 불이행,단일로,기타단일로,승용차,경형,,,933605,1699205,126.7698525,35.28613981
2016,주간,목,1,1,0,0,0,울산,울주군,차량단독,전도전복,전도전복,운전자법규위반,안전운전 의무 불이행,단일로,기타단일로,건설기계,건설기계,,,1136168,1736546,129.0035175,35.61565601
2016,야간,월,1,2,0,1,0,충남,홍성군,차대차,측면직각충돌,측면직각충돌,운전자법규위반,신호위반,교차로,교차로내,화물차,소형,화물차,소형,929399,1847074,126.710447,36.61891604
2016,야간,토,1,1,0,0,0,전남,영암군,차대차,추돌,진행중 추돌,운전자법규위반,안전운전 의무 불이행,단일로,기타단일로,승용차,중형,화물차,대형,902445,1642777,126.4338574,34.77484154
2016,야간,월,1,2,1,0,0,경남,김해시,차대사람,횡단중,횡단중,운전자법규위반,안전운전 의무 불이행,교차로,교차로내,원동기장치자전거,원동기장치자전거,보행자,보행자,1128487,1694320,128.9120704,35.2360573
2016,주간,토,1,1,0,0,0,경기,화성시,차대차,추돌,진행중 추돌,운전자법규위반,안전운전 의무 불이행,단일로,기타단일로,승용차,중형,이륜차,대형,929409,1907640,126.7049166,37.16484234
2016,야간,토,1,1,0,0,0,전남,영암군,차대차,측면직각충돌,측면직각충돌,운전자법규위반,안전운전 의무 불이행,교차로,교차로부근,승용차,경형,농기계,농기계,926079,1655375,126.6910079,34.89042295
2016,야간,목,1,1,0,0,0,경기,성남시,차대차,측면직각충돌,측면직각충돌,운전자법규위반,신호위반,교차로,교차로부근,이륜차,소형,승용차,경형,970437,1937112,127.1658396,37.43269707
2016,야간,수,1,1,0,0,0,서울,영등포구,차대사람,차도통행중,차도통행중,운전자법규위반,안전운전 의무 불이행,단일로,기타단일로,승합차,경형,보행자,보행자,947403,1944593,126.9051637,37.49939003
2016,주간,금,1,1,0,0,0,충남,태안군,차대사람,횡단중,횡단중,운전자법규위반,보행자 보호의무 위반,단일로,횡단보도상,화물차,소형,보행자,보행자,892035,1862811,126.2904439,36.75725103
2016,야간,월,1,1,0,0,0,경기,안산시,차대차,추돌,진행중 추돌,운전자법규위반,과속,단일로,기타단일로,승용차,대형,원동기장치자전거,원동기장치자전거,919034,1922507,126.5864579,37.29799601
2016,주간,목,1,1,0,0,0,경북,포항시,차대사람,횡단중,횡단중,운전자법규위반,안전운전 의무 불이행,단일로,기타단일로,건설기계,건설기계,보행자,보행자,1170911,1773264,129.3948066,35.94113861
2016,야간,금,1,1,0,0,0,전북,전주시,차대사람,길가장자리구역통행중,길가장자리구역통행중,운전자법규위반,안전운전 의무 불이행,단일로,기타단일로,승용차,중형,보행자,보행자,970262,1760252,127.170717,35.83832872
2016,주간,일,1,1,0,0,0,전북,완주군,차량단독,전도전복,전도전복,운전자법규위반,안전운전 의무 불이행,단일로,기타단일로,이륜차,사발이,,,965247,1746611,127.1157801,35.71517544
2016,야간,목,1,3,2,0,0,강원,인제군,차량단독,전도전복,전도전복,운전자법규위반,안전운전 의무 불이행,단일로,기타단일로,화물차,소형,,,1053449,1992881,128.1082317,37.93426487
2016,주간,금,1,3,2,0,0,충남,서천군,차량단독,공작물충돌,공작물충돌,운전자법규위반,안전운전 의무 불이행,교차로,교차로내,승합차,경형,,,928914,1785622,126.7106343,36.06491699
2016,주간,목,1,1,0,0,0,경북,구미시,차대사람,횡단중,횡단중,운전자법규위반,보행자 보호의무 위반,교차로,교차로내,화물차,소형,보행자,보행자,1076552,1786395,128.3501314,36.07147043
2016,주간,월,1,3,1,0,1,울산,북구,차대차,측면직각충돌,측면직각충돌,운전자법규위반,안전운전 의무 불이행,교차로,교차로내,승용차,중형,승용차,경형,1168264,1740784,129.3586433,35.64890542
2016,주간,토,2,4,2,0,0,경기,화성시,차대차,측면직각충돌,측면직각충돌,운전자법규위반,안전운전 의무 불이행,단일로,기타단일로,승용차,소형,승용차,대형,954439,1914232,126.98642,37.22581723
2016,야간,금,1,3,1,1,0,인천,동구,차대차,추돌,진행중 추돌,운전자법규위반,신호위반,교차로,교차로내,승용차,중형,승용차,중형,924939,1942991,126.6509976,37.4831106
2016,주간,금,1,2,0,0,1,경기,안성시,차량단독,전도전복,전도전복,운전자법규위반,안전운전 의무 불이행,단일로,기타단일로,승용차,대형,,,994847,1896956,127.4420315,37.07118723
2016,야간,화,1,1,0,0,0,경기,광주시,차대차,추돌,진행중 추돌,운전자법규위반,안전거리 미확보,교차로,교차로부근,화물차,소형,승합차,대형,977359,1931998,127.2442372,37.38679622
2016,주간,토,1,1,0,0,0,전남,해남군,차대사람,횡단중,횡단중,운전자법규위반,안전운전 의무 불이행,단일로,기타단일로,승용차,경형,보행자,보행자,917012,1619408,126.5953295,34.56541796
2016,야간,목,1,3,2,0,0,강원,평창군,차대차,추돌,진행중 추돌,운전자법규위반,과속,단일로,기타단일로,승용차,중형,농기계,농기계,1071667,1937512,128.3100841,37.43399894
2016,야간,목,1,5,2,2,0,대전,중구,차대차,기타,기타,운전자법규위반,안전운전 의무 불이행,단일로,기타단일로,승용차,중형,자전거,자전거,995360,1812061,127.4483171,36.30587005
2016,주간,화,1,1,0,0,0,강원,횡성군,차량단독,전도전복,전도전복,운전자법규위반,안전운전 의무 불이행,단일로,기타단일로,농기계,농기계,,,1057581,1939048,128.1509942,37.44882711
2016,야간,월,1,1,0,0,0,경남,창원시(통합),차대사람,보도통행중,보도통행중,운전자법규위반,안전운전 의무 불이행,기타/불명,기타/불명,승용차,경형,보행자,보행자,1106499,1691982,128.6701689,35.2174458
2016,야간,화,1,1,0,0,0,강원,원주시,차대사람,횡단중,횡단중,운전자법규위반,보행자 보호의무 위반,교차로,교차로내,승용차,경형,보행자,보행자,1039076,1928348,127.9412232,37.35334933
2016,주간,수,1,1,0,0,0,광주,남구,차대사람,횡단중,횡단중,운전자법규위반,안전운전 의무 불이행,교차로,교차로내,승용차,경형,보행자,보행자,946400,1681261,126.9117201,35.12511238
2016,야간,월,2,2,0,0,0,경기,화성시,차대사람,기타,기타,운전자법규위반,안전운전 의무 불이행,단일로,기타단일로,화물차,중형,보행자,보행자,947360,1919220,126.906274,37.270404
2016,주간,토,1,1,0,0,0,울산,울주군,차대차,측면직각충돌,측면직각충돌,운전자법규위반,직진 및 우회전차의 통행방해,교차로,교차로내,화물차,소형,이륜차,소형,1163190,1715569,129.2975428,35.42251512
2016,야간,일,1,1,0,0,0,울산,북구,차량단독,공작물충돌,공작물충돌,운전자법규위반,안전운전 의무 불이행,교차로,교차로부근,승용차,대형,,,1167206,1739594,129.3467152,35.63836115
2016,주간,금,1,1,0,0,0,경기,안산시,차대사람,횡단중,횡단중,운전자법규위반,과속,단일로,기타단일로,승용차,중형,보행자,보행자,940975,1924215,126.833865,37.31504274
2016,주간,금,1,2,1,0,0,경남,하동군,차량단독,전도전복,전도전복,운전자법규위반,안전운전 의무 불이행,단일로,기타단일로,승용차,중형,,,1036803,1670202,127.9034405,35.0261468
2016,야간,토,1,1,0,0,0,경기,시흥시,차대사람,횡단중,횡단중,운전자법규위반,안전운전 의무 불이행,단일로,기타단일로,승용차,중형,보행자,보행자,933122,1932149,126.7445292,37.3860207
2016,야간,목,1,1,0,0,0,충남,논산시,차대차,정면충돌,정면충돌,운전자법규위반,신호위반,교차로,교차로내,승용차,중형,원동기장치자전거,원동기장치자전거,963903,1798664,127.0985544,36.18442647
2016,주간,화,1,1,0,0,0,경기,남양주시,차대사람,횡단중,횡단중,운전자법규위반,신호위반,교차로,교차로부근,화물차,소형,보행자,보행자,973083,1966589,127.1946653,37.69846696
2016,야간,화,1,1,0,0,0,경남,함안군,차대사람,횡단중,횡단중,운전자법규위반,안전운전 의무 불이행,단일로,기타단일로,화물차,경형,보행자,보행자,1083890,1695023,128.4220933,35.24712123
2016,주간,토,1,2,1,0,0,전북,군산시,차대차,정면충돌,정면충돌,운전자법규위반,중앙선 침범,단일로,기타단일로,승용차,대형,승용차,중형,933535,1774295,126.7628951,35.96312903
2016,주간,토,1,3,0,2,0,충북,괴산군,차대차,측면직각충돌,측면직각충돌,운전자법규위반,안전운전 의무 불이행,교차로,교차로부근,승용차,소형,승용차,경형,1020147,1860894,127.7256828,36.74590402
2016,야간,목,1,1,0,0,0,경기,파주시,차대사람,차도통행중,차도통행중,운전자법규위반,안전운전 의무 불이행,단일로,기타단일로,승용차,경형,보행자,보행자,931099,1967194,126.718388,37.70172476
2016,야간,수,1,1,0,0,0,부산,해운대구,차대사람,길가장자리구역통행중,길가장자리구역통행중,운전자법규위반,안전운전 의무 불이행,단일로,기타단일로,승용차,중형,보행자,보행자,1155139,1688611,129.2036335,35.18085261
2016,주간,금,1,1,0,0,0,전남,신안군,차대차,측면직각충돌,측면직각충돌,운전자법규위반,교차로 통행방법 위반,단일로,기타단일로,승합차,소형,이륜차,소형,856909,1636715,125.9373788,34.71482184
2016,주간,금,1,3,1,1,0,부산,사하구,차대차,기타,기타,운전자법규위반,안전운전 의무 불이행,단일로,기타단일로,승용차,중형,승용차,경형,1134522,1680130,128.9760617,35.10735423
2016,주간,금,1,2,0,1,0,경기,평택시,차대차,추돌,진행중 추돌,운전자법규위반,안전운전 의무 불이행,단일로,기타단일로,화물차,소형,화물차,대형,961763,1893237,127.0700485,37.03689806
2016,야간,수,1,1,0,0,0,경기,광주시,차대사람,기타,기타,운전자법규위반,보행자 보호의무 위반,교차로,교차로부근,승용차,중형,보행자,보행자,973335,1927104,127.1989571,37.34257589
2016,주간,목,1,4,2,1,0,전북,익산시,차대차,추돌,진행중 추돌,운전자법규위반,안전거리 미확보,단일로,기타단일로,승용차,중형,승용차,중형,953796,1792445,126.9865207,36.12793035
2016,주간,목,1,1,0,0,0,전남,완도군,차량단독,전도전복,전도전복,운전자법규위반,안전운전 의무 불이행,교차로,교차로부근,이륜차,소형,,,944236,1598516,126.8934507,34.37885843
2016,야간,일,1,1,0,0,0,충남,서산시,차량단독,전도전복,전도전복,운전자법규위반,안전운전 의무 불이행,단일로,기타단일로,승용차,중형,,,905582,1870071,126.4412887,36.82413286
2016,야간,토,1,1,0,0,0,전북,정읍시,차량단독,공작물충돌,공작물충돌,운전자법규위반,안전운전 의무 불이행,단일로,기타단일로,화물차,중형,,,941566,1742060,126.854312,35.67302383
2016,주간,일,1,1,0,0,0,충남,태안군,차대사람,횡단중,횡단중,운전자법규위반,안전운전 의무 불이행,기타/불명,기타/불명,화물차,소형,보행자,보행자,891592,1871762,126.2842073,36.8378732
2016,야간,금,3,5,1,1,0,인천,서구,차대차,기타,기타,운전자법규위반,과속,교차로,교차로부근,승용차,소형,승용차,소형,923316,1949227,126.6319914,37.53917992
2016,야간,토,1,1,0,0,0,경남,김해시,차량단독,공작물충돌,공작물충돌,운전자법규위반,안전운전 의무 불이행,단일로,기타단일로,이륜차,중형,,,1127137,1694449,128.8972578,35.23739232
2016,야간,수,1,4,3,0,0,경기,용인시,차대차,추돌,진행중 추돌,운전자법규위반,안전운전 의무 불이행,기타/불명,기타/불명,화물차,소형,화물차,소형,976262,1914817,127.2323945,37.23190165
2016,주간,화,2,2,0,0,0,충남,천안시,차량단독,공작물충돌,공작물충돌,운전자법규위반,안전운전 의무 불이행,단일로,기타단일로,승용차,대형,,,967562,1852201,127.1370066,36.66719853
2016,야간,목,1,1,0,0,0,강원,춘천시,차대사람,길가장자리구역통행중,길가장자리구역통행중,운전자법규위반,안전운전 의무 불이행,단일로,기타단일로,승용차,중형,보행자,보행자,1005305,1980884,127.5602825,37.82769145
2016,주간,금,1,3,0,2,0,충남,보령시,차대차,정면충돌,정면충돌,운전자법규위반,안전운전 의무 불이행,단일로,기타단일로,화물차,소형,건설기계,건설기계,910695,1829194,126.5033707,36.45618048
2016,야간,월,1,1,0,0,0,경북,경산시,차대사람,기타,기타,운전자법규위반,안전운전 의무 불이행,단일로,기타단일로,승용차,중형,보행자,보행자,1114873,1763621,128.7723199,35.8624177
2016,야간,화,1,1,0,0,0,전남,목포시,차대차,측면직각충돌,측면직각충돌,운전자법규위반,안전운전 의무 불이행,교차로,교차로내,이륜차,소형,승용차,경형,896443,1645388,126.3679532,34.79779025
2016,주간,화,1,1,0,0,0,경기,안양시,차대사람,횡단중,횡단중,운전자법규위반,신호위반,교차로,교차로내,특수차,대형,보행자,보행자,950374,1932977,126.9393466,37.3945682
2016,야간,금,1,1,0,0,0,대전,서구,차대사람,기타,기타,운전자법규위반,안전운전 의무 불이행,단일로,기타단일로,승용차,경형,보행자,보행자,990791,1817235,127.397364,36.35248307
2016,주간,금,1,1,0,0,0,대전,동구,차대차,추돌,진행중 추돌,운전자법규위반,부당한 회전,단일로,기타단일로,승용차,경형,원동기장치자전거,원동기장치자전거,995937,1813293,127.4547377,36.31697972
2016,야간,금,1,1,0,0,0,세종,세종,차대차,추돌,진행중 추돌,운전자법규위반,안전운전 의무 불이행,단일로,기타단일로,승용차,경형,특수차,경형,978014,1833501,127.2545016,36.49891746
2016,주간,화,1,1,0,0,0,전북,부안군,차대사람,횡단중,횡단중,운전자법규위반,안전운전 의무 불이행,교차로,교차로내,특수차,경형,보행자,보행자,930927,1748748,126.7361862,35.73263231
2016,야간,일,1,1,0,0,0,경남,고성군,차대차,추돌,진행중 추돌,운전자법규위반,안전운전 의무 불이행,단일로,기타단일로,이륜차,소형,화물차,소형,1075955,1665181,128.3321427,34.97868942
2016,야간,토,1,1,0,0,0,강원,철원군,차량단독,공작물충돌,공작물충돌,운전자법규위반,안전운전 의무 불이행,단일로,기타단일로,승합차,소형,,,980414,2021353,127.2763331,38.19223626
2016,주간,월,1,1,0,0,0,경남,창원시(통합),차대차,측면직각충돌,측면직각충돌,운전자법규위반,안전운전 의무 불이행,단일로,기타단일로,특수차,소형,이륜차,중형,1084095,1679817,128.4227954,35.11000674
2016,주간,금,1,1,0,0,0,서울,동대문구,차대차,정면충돌,정면충돌,운전자법규위반,신호위반,교차로,교차로내,승용차,중형,자전거,자전거,960604,1952526,127.0538707,37.57126302
2016,야간,월,1,2,1,0,0,충남,보령시,차량단독,전도전복,전도전복,운전자법규위반,과속,교차로,교차로부근,승용차,중형,,,920115,1816797,126.6097598,36.34526232
2016,야간,일,1,1,0,0,0,충북,충주시,차대사람,횡단중,횡단중,운전자법규위반,안전운전 의무 불이행,단일로,기타단일로,승용차,경형,보행자,보행자,1038267,1887193,127.9299818,36.98241525
2016,주간,금,1,1,0,0,0,서울,중구,차대차,측면직각충돌,측면직각충돌,운전자법규위반,신호위반,교차로,교차로내,승합차,대형,이륜차,중형,954753,1951983,126.9876484,37.56609988
2016,야간,목,1,1,0,0,0,대전,서구,차대사람,횡단중,횡단중,운전자법규위반,과속,교차로,교차로내,승용차,중형,보행자,보행자,987781,1817901,127.3638066,36.35845379
2016,주간,목,1,1,0,0,0,경기,용인시,차대사람,기타,기타,운전자법규위반,안전운전 의무 불이행,단일로,기타단일로,화물차,소형,보행자,보행자,979267,1906446,127.266503,37.15651667
2016,주간,화,1,1,0,0,0,경북,경주시,차대사람,횡단중,횡단중,운전자법규위반,안전운전 의무 불이행,단일로,기타단일로,화물차,소형,보행자,보행자,1164671,1749591,129.3207764,35.72887864
2016,주간,토,1,1,0,0,0,경남,통영시,차대사람,횡단중,횡단중,운전자법규위반,안전운전 의무 불이행,단일로,기타단일로,승용차,경형,보행자,보행자,1083852,1654956,128.4176234,34.88587323
2016,주간,토,1,1,0,0,0,충북,보은군,차대차,측면직각충돌,측면직각충돌,운전자법규위반,교차로 통행방법 위반,교차로,교차로내,승용차,중형,원동기장치자전거,원동기장치자전거,1027667,1827017,127.8058298,36.43438068
2016,주간,금,1,1,0,0,0,강원,정선군,차대사람,기타,기타,운전자법규위반,안전운전 의무 불이행,단일로,기타단일로,화물차,소형,보행자,보행자,1097751,1929080,128.6037648,37.35562039
2016,야간,목,1,1,0,0,0,경기,이천시,차대사람,기타,기타,운전자법규위반,안전운전 의무 불이행,단일로,기타단일로,승용차,대형,보행자,보행자,1001900,1914970,127.5214198,37.23358121
2016,주간,월,1,1,0,0,0,충남,논산시,차량단독,전도전복,전도전복,운전자법규위반,안전운전 의무 불이행,단일로,기타단일로,농기계,농기계,,,955196,1799786,127.0016601,36.19417778
2016,주간,월,1,2,0,1,0,경기,화성시,차대차,추돌,진행중 추돌,운전자법규위반,안전운전 의무 불이행,교차로,교차로부근,화물차,경형,승용차,대형,949977,1908376,126.9365174,37.17280429
2016,야간,화,1,1,0,0,0,제주,제주시,차대사람,기타,기타,운전자법규위반,안전운전 의무 불이행,단일로,기타단일로,승용차,중형,보행자,보행자,885256,1492119,126.2659188,33.41456104
2016,주간,수,1,1,0,0,0,경북,고령군,차대차,측면직각충돌,측면직각충돌,운전자법규위반,교차로 통행방법 위반,교차로,교차로내,화물차,소형,원동기장치자전거,원동기장치자전거,1069079,1748548,128.263863,35.73082878
2016,주간,화,1,1,0,0,0,충남,서산시,차대차,측면직각충돌,측면직각충돌,운전자법규위반,부당한 회전,단일로,기타단일로,자전거,자전거,승용차,중형,908694,1863696,126.476943,36.76697864
2016,야간,월,1,1,0,0,0,경북,고령군,차대사람,길가장자리구역통행중,길가장자리구역통행중,운전자법규위반,안전운전 의무 불이행,단일로,기타단일로,화물차,소형,보행자,보행자,1065952,1743105,128.2288409,35.68197112
2016,주간,목,2,2,0,0,0,경남,양산시,차대사람,횡단중,횡단중,운전자법규위반,보행자 보호의무 위반,교차로,교차로부근,승용차,경형,보행자,보행자,1139157,1709234,129.0318298,35.36906394
2016,주간,일,1,4,0,3,0,울산,울주군,차대사람,기타,기타,운전자법규위반,안전운전 의무 불이행,단일로,기타단일로,화물차,소형,보행자,보행자,1147452,1731004,129.1269278,35.56408564
2016,야간,토,1,1,0,0,0,제주,서귀포시,차대사람,횡단중,횡단중,운전자법규위반,안전운전 의무 불이행,교차로,교차로부근,화물차,소형,보행자,보행자,919953,1475252,126.6406246,33.26569147
2016,야간,화,1,1,0,0,0,경남,창원시(통합),차대차,정면충돌,정면충돌,운전자법규위반,안전운전 의무 불이행,단일로,기타단일로,승용차,경형,승합차,경형,1101525,1697440,128.6162006,35.26727934
2016,야간,일,1,1,0,0,0,경북,의성군,차대사람,길가장자리구역통행중,길가장자리구역통행중,운전자법규위반,안전운전 의무 불이행,단일로,기타단일로,화물차,소형,보행자,보행자,1110753,1815154,128.7339382,36.32739609
2016,주간,화,1,2,1,0,0,경남,의령군,차량단독,공작물충돌,공작물충돌,운전자법규위반,안전운전 의무 불이행,단일로,기타단일로,화물차,소형,,,1062849,1709897,128.1919759,35.382771
2016,주간,월,1,1,0,0,0,세종,세종,차대차,기타,기타,운전자법규위반,중앙선 침범,교차로,교차로부근,원동기장치자전거,원동기장치자전거,건설기계,건설기계,975044,1851162,127.2207658,36.65805787
2016,야간,금,1,4,3,0,0,인천,옹진군,차량단독,전도전복,전도전복,운전자법규위반,안전운전 의무 불이행,단일로,기타단일로,승용차,중형,,,754452,1985513,124.7097058,37.8363572
2016,주간,목,1,1,0,0,0,전북,완주군,차량단독,전도전복,전도전복,운전자법규위반,안전운전 의무 불이행,단일로,기타단일로,승용차,경형,,,980548,1759530,127.2846285,35.83207717
2016,주간,금,1,1,0,0,0,전북,순창군,차대차,추돌,진행중 추돌,운전자법규위반,안전운전 의무 불이행,단일로,기타단일로,원동기장치자전거,원동기장치자전거,화물차,중형,969230,1709415,127.161228,35.37993153
2016,야간,일,1,1,0,0,0,대구,달서구,차대사람,횡단중,횡단중,운전자법규위반,안전운전 의무 불이행,단일로,기타단일로,승용차,중형,보행자,보행자,1095245,1760202,128.5545507,35.83370215
2016,주간,목,1,5,4,0,0,경북,군위군,차대차,측면직각충돌,측면직각충돌,운전자법규위반,중앙선 침범,단일로,기타단일로,승용차,소형,승용차,소형,1104178,1787252,128.6569903,36.07662709
2016,주간,금,1,1,0,0,0,충남,당진시,차량단독,전도전복,전도전복,운전자법규위반,안전운전 의무 불이행,단일로,기타단일로,이륜차,소형,,,910832,1895377,126.4971641,37.052729
2016,야간,수,1,1,0,0,0,충남,청양군,차대사람,횡단중,횡단중,운전자법규위반,안전운전 의무 불이행,단일로,기타단일로,승용차,경형,보행자,보행자,933553,1831714,126.7582232,36.48075431
2016,야간,목,1,2,1,0,0,충남,공주시,차량단독,공작물충돌,공작물충돌,운전자법규위반,안전운전 의무 불이행,단일로,기타단일로,화물차,소형,,,973099,1827223,127.199839,36.44219505
2016,주간,목,1,1,0,0,0,전북,전주시,차대사람,횡단중,횡단중,운전자법규위반,신호위반,교차로,교차로내,승용차,중형,보행자,보행자,958491,1764593,127.0401563,35.87703881
2016,야간,수,1,1,0,0,0,서울,동대문구,차대사람,횡단중,횡단중,운전자법규위반,안전운전 의무 불이행,교차로,교차로내,승합차,대형,보행자,보행자,958962,1953287,127.0352342,37.57805038
2016,야간,수,1,1,0,0,0,경기,여주시,차대사람,차도통행중,차도통행중,운전자법규위반,안전운전 의무 불이행,단일로,기타단일로,승용차,중형,보행자,보행자,1005742,1920290,127.5647738,37.2815201
2016,주간,수,1,1,0,0,0,충북,진천군,차대차,기타,기타,운전자법규위반,안전운전 의무 불이행,교차로,교차로부근,이륜차,소형,화물차,소형,997729,1875477,127.4745171,36.87757689
2016,주간,월,1,1,0,0,0,경기,파주시,차대차,측면직각충돌,측면직각충돌,운전자법규위반,직진 및 우회전차의 통행방해,교차로,교차로내,화물차,소형,화물차,소형,935401,1971080,126.766841,37.73706107
2016,야간,화,1,1,0,0,0,경북,문경시,차대사람,보도통행중,보도통행중,운전자법규위반,보행자 보호의무 위반,교차로,교차로부근,화물차,대형,보행자,보행자,1064638,1846231,128.222801,36.61174019
2016,야간,목,1,1,0,0,0,광주,광산구,차대차,추돌,진행중 추돌,운전자법규위반,안전운전 의무 불이행,단일로,기타단일로,승용차,중형,화물차,중형,939953,1689088,126.8403963,35.19532127
2016,주간,화,1,2,1,0,0,경기,시흥시,차대차,측면직각충돌,측면직각충돌,운전자법규위반,직진 및 우회전차의 통행방해,교차로,교차로내,화물차,소형,건설기계,건설기계,928835,1926159,126.6966821,37.3317136
2016,주간,수,1,1,0,0,0,서울,노원구,차대사람,횡단중,횡단중,운전자법규위반,안전운전 의무 불이행,교차로,교차로내,화물차,소형,보행자,보행자,962908,1958414,127.0796626,37.62442889
2016,주간,월,1,1,0,0,0,경북,영주시,차대사람,횡단중,횡단중,운전자법규위반,안전운전 의무 불이행,단일로,기타단일로,승용차,경형,보행자,보행자,1099838,1868387,128.6192546,36.80839838
2016,주간,토,1,1,0,0,0,경기,김포시,차량단독,전도전복,전도전복,운전자법규위반,안전운전 의무 불이행,단일로,기타단일로,승용차,경형,,,925260,1960660,126.6528267,37.64238
2016,야간,월,1,1,0,0,0,경기,용인시,차량단독,공작물충돌,공작물충돌,운전자법규위반,안전운전 의무 불이행,교차로,교차로부근,승용차,중형,,,964937,1916200,127.1046617,37.24401052
2016,주간,일,1,1,0,0,0,부산,사하구,차대차,추돌,진행중 추돌,운전자법규위반,안전운전 의무 불이행,단일로,기타단일로,화물차,소형,화물차,대형,1135987,1677588,128.9917143,35.08424328
2016,야간,월,1,1,0,0,0,경기,용인시,차대차,정면충돌,정면충돌,운전자법규위반,안전운전 의무 불이행,교차로,교차로부근,승용차,경형,건설기계,건설기계,974865,1914981,127.2166404,37.23334331
2016,주간,토,1,1,0,0,0,충북,제천시,차대차,기타,기타,운전자법규위반,안전운전 의무 불이행,단일로,기타단일로,승합차,경형,승용차,경형,1056782,1881358,128.1375746,36.92888318
2016,주간,금,1,2,1,0,0,경북,김천시,차대차,측면직각충돌,측면직각충돌,운전자법규위반,안전운전 의무 불이행,단일로,기타단일로,이륜차,소형,화물차,중형,1062019,1789617,128.1890036,36.10155329
2016,야간,금,1,2,1,0,0,충북,음성군,차대차,정면충돌,정면충돌,운전자법규위반,중앙선 침범,단일로,기타단일로,화물차,소형,화물차,중형,1016991,1901803,127.6912491,37.1147394
2016,야간,목,1,1,0,0,0,인천,남동구,차대사람,횡단중,횡단중,운전자법규위반,안전운전 의무 불이행,단일로,횡단보도상,승용차,중형,보행자,보행자,931344,1933812,126.7242917,37.40087931
2016,야간,수,1,1,0,0,0,경기,성남시,차대차,기타,기타,운전자법규위반,안전운전 의무 불이행,교차로,교차로내,승용차,소형,자전거,자전거,966499,1931546,127.1215803,37.3823931
2016,주간,일,1,2,0,1,0,경기,성남시,차대차,추돌,진행중 추돌,운전자법규위반,과속,교차로,교차로부근,승용차,중형,승용차,경형,969180,1936807,127.1516442,37.4299069
2016,야간,일,1,1,0,0,0,서울,동작구,차대사람,차도통행중,차도통행중,운전자법규위반,안전운전 의무 불이행,단일로,기타단일로,이륜차,소형,보행자,보행자,954060,1942978,126.9803649,37.4849012
2016,주간,토,1,1,0,0,0,충남,아산시,차대차,추돌,진행중 추돌,운전자법규위반,안전운전 의무 불이행,단일로,기타단일로,승용차,중형,화물차,소형,956077,1866998,127.0076379,36.80012507
2016,야간,목,1,1,0,0,0,전북,군산시,차대사람,횡단중,횡단중,운전자법규위반,안전운전 의무 불이행,단일로,기타단일로,승용차,중형,보행자,보행자,931270,1774916,126.7377241,35.96857056
2016,야간,금,1,1,0,0,0,부산,연제구,차대사람,차도통행중,차도통행중,운전자법규위반,안전운전 의무 불이행,단일로,기타단일로,승용차,경형,보행자,보행자,1143705,1688536,129.078253,35.18185568
2016,야간,월,1,1,0,0,0,전북,완주군,차대사람,길가장자리구역통행중,길가장자리구역통행중,운전자법규위반,안전운전 의무 불이행,교차로,교차로부근,화물차,소형,보행자,보행자,956655,1758054,127.0201727,35.81800454
2016,주간,일,1,2,1,0,0,충북,충주시,차대차,측면직각충돌,측면직각충돌,운전자법규위반,신호위반,교차로,교차로내,원동기장치자전거,원동기장치자전거,승용차,경형,1037102,1889011,127.9169812,36.99884976
2016,야간,일,1,1,0,0,0,경남,창원시(통합),차량단독,공작물충돌,공작물충돌,운전자법규위반,안전운전 의무 불이행,교차로,교차로부근,승용차,대형,,,1096489,1686970,128.5596141,35.17338447
2016,야간,토,1,1,0,0,0,울산,울주군,차량단독,공작물충돌,공작물충돌,운전자법규위반,안전운전 의무 불이행,단일로,기타단일로,승용차,경형,,,1163081,1717692,129.2967678,35.44166621
2016,주간,수,1,1,0,0,0,부산,연제구,차대사람,기타,기타,운전자법규위반,안전운전 의무 불이행,교차로,교차로내,승용차,경형,보행자,보행자,1146321,1689241,129.1070669,35.18789427
2016,야간,화,2,3,1,0,0,인천,강화군,차대차,추돌,진행중 추돌,운전자법규위반,안전운전 의무 불이행,단일로,기타단일로,화물차,소형,농기계,농기계,908677,1975869,126.4629766,37.77794213
2016,주간,화,1,1,0,0,0,서울,동대문구,차대사람,횡단중,횡단중,운전자법규위반,안전운전 의무 불이행,교차로,교차로부근,승용차,중형,보행자,보행자,960902,1953327,127.0572025,37.57849537
2016,주간,화,1,1,0,0,0,강원,양구군,차대사람,횡단중,횡단중,운전자법규위반,안전운전 의무 불이행,교차로,교차로내,화물차,소형,보행자,보행자,1046418,2011790,128.0294494,38.10506829
2016,야간,토,1,1,0,0,0,경기,군포시,차대차,기타,기타,운전자법규위반,부당한 회전,단일로,기타단일로,승합차,대형,이륜차,소형,951009,1930626,126.946676,37.37341144
2016,야간,월,1,1,0,0,0,경기,수원시,차대차,기타,기타,운전자법규위반,안전운전 의무 불이행,단일로,기타단일로,승용차,경형,자전거,자전거,957064,1924620,127.0154092,37.31957606
2016,주간,일,2,4,1,1,0,전남,영암군,차대차,측면직각충돌,측면직각충돌,운전자법규위반,신호위반,교차로,교차로내,승용차,중형,승용차,소형,902762,1641733,126.4374419,34.76545889
2016,야간,금,1,1,0,0,0,대구,북구,차대사람,횡단중,횡단중,운전자법규위반,보행자 보호의무 위반,단일로,횡단보도부근,승용차,경형,보행자,보행자,1098346,1766935,128.5897868,35.89411257
2016,야간,토,1,1,0,0,0,광주,서구,차대사람,횡단중,횡단중,운전자법규위반,신호위반,단일로,횡단보도상,승용차,중형,보행자,보행자,943290,1685795,126.8772771,35.16582359
2016,주간,금,1,1,0,0,0,경기,광주시,차대사람,횡단중,횡단중,운전자법규위반,보행자 보호의무 위반,교차로,교차로내,승용차,중형,보행자,보행자,978261,1934338,127.2543577,37.40790997
2016,야간,화,1,1,0,0,0,경북,경산시,차대차,추돌,진행중 추돌,운전자법규위반,안전운전 의무 불이행,교차로,교차로내,승용차,중형,자전거,자전거,1113119,1757374,128.7520119,35.80631118
2016,야간,토,1,1,0,0,0,경기,화성시,차대차,측면직각충돌,측면직각충돌,운전자법규위반,안전거리 미확보,교차로,교차로부근,화물차,대형,원동기장치자전거,원동기장치자전거,958053,1912236,127.0272693,37.20799534
2016,야간,화,1,1,0,0,0,전북,익산시,차대사람,기타,기타,운전자법규위반,안전운전 의무 불이행,단일로,기타단일로,승용차,중형,보행자,보행자,956780,1770779,127.0208661,35.93273632
2016,야간,화,1,1,0,0,0,경기,의정부시,차대사람,횡단중,횡단중,운전자법규위반,안전운전 의무 불이행,교차로,교차로내,승용차,경형,보행자,보행자,961074,1972135,127.0581467,37.74802196
2016,야간,일,1,1,0,0,0,충북,영동군,차량단독,전도전복,전도전복,운전자법규위반,안전운전 의무 불이행,단일로,기타단일로,자전거,자전거,,,1021500,1792921,127.7389525,36.13308405
2016,야간,토,1,1,0,0,0,광주,북구,차량단독,전도전복,전도전복,운전자법규위반,안전운전 의무 불이행,단일로,기타단일로,승용차,소형,,,943262,1688794,126.8767633,35.19286291
2016,주간,토,1,1,0,0,0,부산,동래구,차대사람,길가장자리구역통행중,길가장자리구역통행중,운전자법규위반,안전운전 의무 불이행,단일로,기타단일로,화물차,소형,보행자,보행자,1142181,1690801,129.0619066,35.20249793
2016,야간,일,1,3,1,1,0,대전,중구,차대차,측면직각충돌,측면직각충돌,운전자법규위반,신호위반,교차로,교차로내,화물차,소형,승용차,소형,991491,1814578,127.4051947,36.32853555
2016,주간,수,1,2,1,0,0,경기,이천시,차대차,측면직각충돌,측면직각충돌,운전자법규위반,중앙선 침범,단일로,기타단일로,화물차,소형,승용차,경형,997849,1922881,127.4757277,37.30489057
2016,주간,수,1,1,0,0,0,부산,남구,차대사람,차도통행중,차도통행중,운전자법규위반,안전운전 의무 불이행,단일로,기타단일로,승용차,중형,보행자,보행자,1142726,1684519,129.0669065,35.14481091
2016,주간,월,1,2,0,0,1,경북,청송군,차대차,기타,기타,운전자법규위반,직진 및 우회전차의 통행방해,교차로,교차로내,승용차,소형,원동기장치자전거,원동기장치자전거,1125602,1809023,128.8983475,36.27031642
2016,야간,일,1,1,0,0,0,경북,청도군,차대사람,기타,기타,운전자법규위반,안전운전 의무 불이행,단일로,기타단일로,승용차,경형,보행자,보행자,1134647,1757030,128.9901614,35.80049348
2016,야간,화,1,1,0,0,0,제주,제주시,차대사람,횡단중,횡단중,운전자법규위반,안전운전 의무 불이행,단일로,기타단일로,승용차,중형,보행자,보행자,907360,1501264,126.5026332,33.49927783
2016,주간,월,1,1,0,0,0,경북,군위군,차대차,추돌,진행중 추돌,운전자법규위반,안전운전 의무 불이행,교차로,교차로부근,화물차,소형,자전거,자전거,1109525,1797968,128.717853,36.17263018
2016,주간,금,1,1,0,0,0,경기,성남시,차대차,측면직각충돌,측면직각충돌,운전자법규위반,과속,단일로,기타단일로,화물차,중형,자전거,자전거,969190,1935941,127.1517934,37.42210144
2016,주간,금,1,1,0,0,0,인천,남동구,차대사람,횡단중,횡단중,운전자법규위반,안전운전 의무 불이행,교차로,교차로내,화물차,대형,보행자,보행자,929004,1932590,126.697973,37.3896891
2016,주간,금,1,1,0,0,0,충남,태안군,차량단독,전도전복,전도전복,운전자법규위반,안전운전 의무 불이행,단일로,기타단일로,농기계,농기계,,,888792,1864963,126.2538057,36.7762714
2016,주간,목,1,1,0,0,0,충남,아산시,차대차,추돌,진행중 추돌,운전자법규위반,안전운전 의무 불이행,단일로,기타단일로,원동기장치자전거,원동기장치자전거,승합차,대형,960457,1863587,127.0569119,36.76956977
2016,주간,목,1,2,1,0,0,경북,청송군,차대차,추돌,진행중 추돌,운전자법규위반,안전운전 의무 불이행,단일로,기타단일로,승용차,대형,화물차,소형,1126508,1800474,128.90705,36.19314708
2016,주간,금,1,2,1,0,0,경남,양산시,차대차,측면직각충돌,측면직각충돌,운전자법규위반,안전운전 의무 불이행,단일로,기타단일로,건설기계,건설기계,이륜차,소형,1140607,1710378,129.0479831,35.37917212
2016,야간,금,1,1,0,0,0,경북,성주군,차량단독,전도전복,전도전복,운전자법규위반,안전운전 의무 불이행,단일로,기타단일로,화물차,중형,,,1060987,1760374,128.1752903,35.83798251
2016,주간,목,1,3,2,0,0,경기,성남시,차대차,기타,기타,운전자법규위반,기타(운전자법규위반),단일로,기타단일로,승용차,중형,화물차,소형,968370,1938369,127.1424221,37.44395879
2016,주간,목,1,1,0,0,0,충남,천안시,차대차,기타,기타,운전자법규위반,중앙선 침범,교차로,교차로부근,이륜차,대형,건설기계,건설기계,967266,1869843,127.1329377,36.82622449
2016,주간,수,1,1,0,0,0,경기,안산시,차량단독,전도전복,전도전복,운전자법규위반,안전운전 의무 불이행,단일로,기타단일로,자전거,자전거,,,937410,1925222,126.7935495,37.32388578
2016,야간,목,1,1,0,0,0,서울,영등포구,차대사람,횡단중,횡단중,운전자법규위반,신호위반,단일로,기타단일로,승용차,중형,보행자,보행자,948537,1947079,126.917609,37.52157304
2016,주간,목,1,2,1,0,0,대구,북구,차대사람,길가장자리구역통행중,길가장자리구역통행중,운전자법규위반,안전운전 의무 불이행,단일로,기타단일로,화물차,소형,보행자,보행자,1098627,1767219,128.5929305,35.89566263
2016,야간,수,1,1,0,0,0,대전,서구,차대사람,횡단중,횡단중,운전자법규위반,안전운전 의무 불이행,교차로,교차로내,승용차,중형,보행자,보행자,989377,1814580,127.381641,36.32853258
2016,주간,수,1,1,0,0,0,경기,여주시,차대사람,기타,기타,운전자법규위반,안전운전 의무 불이행,교차로,교차로내,승용차,경형,보행자,보행자,1015594,1919527,127.6758949,37.27452947
2016,주간,월,1,1,0,0,0,전남,여수시,차대사람,길가장자리구역통행중,길가장자리구역통행중,운전자법규위반,안전운전 의무 불이행,단일로,기타단일로,승합차,소형,보행자,보행자,1019441,1636715,127.7123392,34.72465911
2016,주간,월,1,1,0,0,0,전남,영광군,차량단독,전도전복,전도전복,운전자법규위반,안전운전 의무 불이행,교차로,교차로내,이륜차,소형,,,902844,1691381,126.4325422,35.21308792
2016,주간,금,1,2,1,0,0,충북,충주시,차대차,측면직각충돌,측면직각충돌,운전자법규위반,안전운전 의무 불이행,교차로,교차로부근,승용차,경형,원동기장치자전거,원동기장치자전거,1040851,1897818,127.9595925,37.07808129
2016,주간,토,1,1,0,0,0,충남,부여군,차대차,측면직각충돌,측면직각충돌,운전자법규위반,안전운전 의무 불이행,단일로,기타단일로,이륜차,소형,건설기계,건설기계,949855,1804039,126.9419842,36.23225735
2016,야간,목,1,2,1,0,0,경기,의왕시,차대사람,횡단중,횡단중,운전자법규위반,안전운전 의무 불이행,단일로,기타단일로,승합차,대형,보행자,보행자,953093,1928444,126.9703508,37.35385178
2016,주간,금,1,1,0,0,0,서울,동작구,차량단독,기타,기타,운전자법규위반,안전운전 의무 불이행,기타/불명,기타/불명,자전거,자전거,,,951559,1946370,126.9518533,37.51534635
2016,주간,토,1,1,0,0,0,경기,남양주시,차대사람,차도통행중,차도통행중,운전자법규위반,안전운전 의무 불이행,단일로,기타단일로,승용차,중형,보행자,보행자,986912,1959368,127.3516643,37.63368318
2016,야간,금,1,1,0,0,0,부산,사하구,차대사람,기타,기타,운전자법규위반,안전운전 의무 불이행,단일로,기타단일로,화물차,중형,보행자,보행자,1136255,1679424,128.9971928,35.10180162
2016,야간,금,1,1,0,0,0,서울,강남구,차량단독,기타,기타,운전자법규위반,안전운전 의무 불이행,단일로,기타단일로,이륜차,소형,,,963353,1943497,127.0854509,37.48999472
2016,야간,화,1,1,0,0,0,경북,경주시,차대사람,횡단중,횡단중,운전자법규위반,안전운전 의무 불이행,교차로,교차로내,승용차,경형,보행자,보행자,1151331,1762194,129.1757174,35.84460331
2016,주간,토,1,1,0,0,0,경남,밀양시,차량단독,공작물충돌,공작물충돌,운전자법규위반,안전운전 의무 불이행,단일로,기타단일로,승용차,중형,,,1104401,1721978,128.6509522,35.48819503
2016,주간,화,1,1,0,0,0,경남,함안군,차대차,측면직각충돌,측면직각충돌,운전자법규위반,안전거리 미확보,교차로,교차로부근,이륜차,소형,승용차,대형,1080979,1703070,128.3908943,35.31991194
2016,주간,일,1,1,0,0,0,경기,동두천시,차대차,측면직각충돌,측면직각충돌,운전자법규위반,신호위반,교차로,교차로내,승합차,중형,이륜차,소형,960637,1988546,127.0522938,37.89591393
2016,야간,목,1,1,0,0,0,충북,단양군,차대차,정면충돌,정면충돌,운전자법규위반,중앙선 침범,단일로,기타단일로,이륜차,소형,승용차,경형,1079223,1889764,128.3904109,37.00303008
2016,주간,금,1,2,0,1,0,전북,군산시,차대차,정면충돌,정면충돌,운전자법규위반,직진 및 우회전차의 통행방해,교차로,교차로내,이륜차,소형,승용차,경형,931123,1775913,126.7360073,35.97754833
2016,야간,금,1,1,0,0,0,경기,안성시,차대사람,기타,기타,운전자법규위반,안전운전 의무 불이행,단일로,기타단일로,승용차,소형,보행자,보행자,990444,1897261,127.3924962,37.07390204
2016,야간,토,2,3,1,0,0,전북,고창군,차대사람,횡단중,횡단중,운전자법규위반,과속,단일로,기타단일로,승용차,경형,보행자,보행자,932726,1728396,126.7577769,35.54926895
2016,야간,월,1,1,0,0,0,경남,함안군,차량단독,공작물충돌,공작물충돌,운전자법규위반,안전운전 의무 불이행,단일로,기타단일로,승용차,경형,,,1090711,1705174,128.4981809,35.33804451
2016,야간,토,1,1,0,0,0,서울,강북구,차대차,정면충돌,정면충돌,운전자법규위반,신호위반,교차로,교차로내,이륜차,소형,승합차,대형,960058,1958662,127.0473529,37.6265447
2016,야간,금,1,1,0,0,0,경북,구미시,차대차,기타,기타,운전자법규위반,안전운전 의무 불이행,기타/불명,기타/불명,승용차,경형,건설기계,건설기계,1075828,1807090,128.34409,36.25808675
2016,주간,금,1,1,0,0,0,대전,중구,차대사람,횡단중,횡단중,운전자법규위반,안전운전 의무 불이행,단일로,기타단일로,승용차,중형,보행자,보행자,994455,1813016,127.43823,36.31447504
2016,야간,금,1,1,0,0,0,강원,홍천군,차대사람,횡단중,횡단중,운전자법규위반,안전운전 의무 불이행,단일로,기타단일로,승용차,경형,보행자,보행자,1060995,1965646,128.1918032,37.68833346
2016,야간,수,1,1,0,0,0,충남,공주시,차대사람,횡단중,횡단중,운전자법규위반,안전운전 의무 불이행,교차로,교차로부근,승용차,대형,보행자,보행자,977975,1821374,127.2544109,36.38958935
2016,주간,목,1,1,0,0,0,제주,서귀포시,차대사람,횡단중,횡단중,운전자법규위반,보행자 보호의무 위반,단일로,기타단일로,화물차,소형,보행자,보행자,900562,1473966,126.4882424,33.25055837
2016,야간,수,1,1,0,0,0,경기,군포시,차대차,측면직각충돌,측면직각충돌,운전자법규위반,신호위반,교차로,교차로내,승용차,중형,이륜차,대형,950311,1927257,126.9390189,37.34300798
2016,야간,금,1,1,0,0,0,서울,서대문구,차대사람,횡단중,횡단중,운전자법규위반,안전운전 의무 불이행,단일로,기타단일로,승용차,중형,보행자,보행자,948137,1953887,126.9127248,37.58274847
2016,야간,화,1,1,0,0,0,전남,광양시,차대사람,횡단중,횡단중,운전자법규위반,안전운전 의무 불이행,단일로,기타단일로,승용차,중형,보행자,보행자,1007353,1662505,127.5805376,34.95738337
2016,야간,월,1,1,0,0,0,전남,순천시,차대사람,횡단중,횡단중,운전자법규위반,안전운전 의무 불이행,교차로,교차로내,승용차,경형,보행자,보행자,1002469,1661125,127.5091671,34.95164393
2016,주간,금,1,1,0,0,0,충북,단양군,차대차,측면직각충돌,측면직각충돌,운전자법규위반,안전거리 미확보,단일로,기타단일로,승용차,중형,이륜차,소형,1076865,1888371,128.3637694,36.99067025
2016,주간,금,1,1,0,0,0,경기,안성시,차대사람,차도통행중,차도통행중,운전자법규위반,안전운전 의무 불이행,교차로,교차로내,승용차,소형,보행자,보행자,979407,1889601,127.2685417,37.00467501
2016,야간,월,1,1,0,0,0,경기,양평군,차대사람,기타,기타,운전자법규위반,안전운전 의무 불이행,단일로,기타단일로,승용차,중형,보행자,보행자,1007959,1943767,127.5900358,37.49312141
2016,주간,금,1,1,0,0,0,경남,밀양시,차량단독,공작물충돌,공작물충돌,운전자법규위반,안전운전 의무 불이행,단일로,기타단일로,화물차,소형,,,1123040,1728680,128.8574041,35.54647317
2016,주간,일,1,1,0,0,0,전남,장성군,차대차,추돌,진행중 추돌,운전자법규위반,안전운전 의무 불이행,단일로,기타단일로,농기계,농기계,농기계,농기계,922197,1693748,126.644927,35.236117
2016,야간,토,1,1,0,0,0,대구,수성구,차대사람,횡단중,횡단중,운전자법규위반,안전운전 의무 불이행,단일로,횡단보도상,승용차,대형,보행자,보행자,1101491,1760064,128.623746,35.83184347
2016,야간,월,1,1,0,0,0,경기,포천시,차대차,추돌,진행중 추돌,운전자법규위반,안전운전 의무 불이행,단일로,기타단일로,승용차,경형,이륜차,소형,968179,1980171,127.138442,37.82072558
2016,야간,월,1,1,0,0,0,부산,금정구,차대사람,횡단중,횡단중,운전자법규위반,신호위반,단일로,횡단보도상,자전거,자전거,보행자,보행자,1144808,1696112,129.0915468,35.24991436
2016,야간,월,1,1,0,0,0,경기,고양시,차대사람,횡단중,횡단중,운전자법규위반,안전운전 의무 불이행,교차로,교차로내,승합차,소형,보행자,보행자,932490,1966517,126.734229,37.6957268
2016,주간,금,1,1,0,0,0,울산,남구,차대차,기타,기타,운전자법규위반,안전운전 의무 불이행,교차로,교차로부근,이륜차,소형,화물차,대형,1166796,1725821,129.3393483,35.51430939
2016,주간,화,1,2,0,1,0,경북,안동시,차대사람,횡단중,횡단중,운전자법규위반,신호위반,단일로,횡단보도상,원동기장치자전거,원동기장치자전거,보행자,보행자,1112206,1840709,128.753824,36.55755811
2016,주간,월,1,3,0,2,0,충북,충주시,차대차,정면충돌,정면충돌,운전자법규위반,안전운전 의무 불이행,단일로,기타단일로,화물차,소형,승용차,경형,1026138,1893780,127.7939269,37.04227808
2016,주간,화,1,1,0,0,0,전북,남원시,차대사람,기타,기타,운전자법규위반,안전운전 의무 불이행,단일로,기타단일로,승용차,중형,보행자,보행자,992891,1716105,127.4216723,35.44070363
2016,야간,토,1,1,0,0,0,부산,해운대구,차대사람,횡단중,횡단중,운전자법규위반,신호위반,단일로,기타단일로,승용차,경형,보행자,보행자,1148079,1693658,129.1271894,35.22739196
2016,야간,수,1,1,0,0,0,충북,청주시,차량단독,공작물충돌,공작물충돌,운전자법규위반,안전운전 의무 불이행,단일로,기타단일로,화물차,소형,,,982751,1848550,127.3070581,36.63468186
2016,주간,토,1,1,0,0,0,대구,달성군,차대차,측면직각충돌,측면직각충돌,운전자법규위반,부당한 회전,교차로,교차로내,자전거,자전거,승용차,경형,1084992,1745427,128.4394765,35.70144685
2016,야간,화,1,1,0,0,0,경기,고양시,차대차,기타,기타,운전자법규위반,신호위반,교차로,교차로내,화물차,중형,이륜차,소형,934143,1966354,126.7529923,37.69437801
2016,주간,일,1,1,0,0,0,경북,구미시,차대차,기타,기타,운전자법규위반,안전거리 미확보,단일로,기타단일로,승용차,중형,이륜차,소형,1074965,1793513,128.3331864,36.13576171
2016,주간,금,1,1,0,0,0,부산,진구,차대사람,보도통행중,보도통행중,운전자법규위반,보행자 보호의무 위반,단일로,기타단일로,화물차,중형,보행자,보행자,1141308,1685824,129.0518528,35.15780483
2016,야간,월,1,1,0,0,0,충남,천안시,차대차,추돌,진행중 추돌,운전자법규위반,안전운전 의무 불이행,단일로,기타단일로,승용차,중형,화물차,중형,970559,1875625,127.1696389,36.87845461
2016,야간,목,1,1,0,0,0,서울,용산구,차대사람,횡단중,횡단중,운전자법규위반,안전운전 의무 불이행,단일로,기타단일로,화물차,소형,보행자,보행자,952541,1947306,126.9629045,37.52383378
2016,주간,월,1,1,0,0,0,전남,담양군,차대차,기타,기타,운전자법규위반,안전운전 의무 불이행,교차로,교차로부근,화물차,소형,자전거,자전거,952725,1702799,126.979899,35.31963194
2016,주간,월,1,1,0,0,0,인천,계양구,차대사람,횡단중,횡단중,운전자법규위반,안전운전 의무 불이행,교차로,교차로부근,화물차,소형,보행자,보행자,932651,1949567,126.7376167,37.54297368
2016,주간,토,1,1,0,0,0,대구,동구,차량단독,공작물충돌,공작물충돌,운전자법규위반,안전운전 의무 불이행,단일로,기타단일로,자전거,자전거,,,1104997,1777058,128.6647306,35.98464995
2016,주간,수,1,1,0,0,0,광주,광산구,차대차,추돌,진행중 추돌,운전자법규위반,안전운전 의무 불이행,단일로,기타단일로,승용차,경형,자전거,자전거,925310,1687883,126.6796685,35.18347383
2016,주간,일,1,1,0,0,0,경북,경주시,차량단독,전도전복,전도전복,운전자법규위반,안전운전 의무 불이행,단일로,기타단일로,승용차,중형,,,1152962,1770245,129.1953166,35.91690711
2016,주간,월,1,1,0,0,0,전북,군산시,차대사람,횡단중,횡단중,운전자법규위반,안전운전 의무 불이행,단일로,기타단일로,화물차,소형,보행자,보행자,919698,1774540,126.6094315,35.9642971
2016,주간,수,1,2,1,0,0,충남,부여군,차대사람,기타,기타,운전자법규위반,안전운전 의무 불이행,단일로,교량위,화물차,중형,보행자,보행자,945456,1807782,126.8927732,36.26576242
2016,야간,목,1,1,0,0,0,서울,중구,차대사람,횡단중,횡단중,운전자법규위반,안전운전 의무 불이행,교차로,교차로내,승용차,중형,보행자,보행자,956071,1950603,127.0026549,37.55372544
2016,주간,월,1,1,0,0,0,경남,창원시(통합),차량단독,기타,기타,운전자법규위반,안전운전 의무 불이행,교차로,교차로내,원동기장치자전거,원동기장치자전거,,,1101625,1696642,128.6172011,35.26007496
2016,야간,일,1,1,0,0,0,경기,광주시,차대사람,횡단중,횡단중,운전자법규위반,보행자 보호의무 위반,단일로,횡단보도상,화물차,소형,보행자,보행자,976687,1936840,127.2364932,37.43042395
2016,야간,일,1,1,0,0,0,대구,수성구,차대사람,횡단중,횡단중,운전자법규위반,안전운전 의무 불이행,단일로,기타단일로,승용차,경형,보행자,보행자,1102187,1759347,128.63129,35.82529585
2016,주간,목,1,1,0,0,0,대전,대덕구,차량단독,전도전복,전도전복,운전자법규위반,안전운전 의무 불이행,단일로,기타단일로,자전거,자전거,,,996169,1817586,127.4573011,36.35568393
2016,야간,수,1,1,0,0,0,부산,남구,차대사람,차도통행중,차도통행중,운전자법규위반,안전운전 의무 불이행,교차로,교차로부근,승용차,중형,보행자,보행자,1142930,1683408,129.0688564,35.13574345
2016,주간,토,1,1,0,0,0,경기,가평군,차대차,추돌,진행중 추돌,운전자법규위반,안전운전 의무 불이행,단일로,터널안,승용차,중형,건설기계,건설기계,989149,1974925,127.3767858,37.77393276
2016,야간,금,1,1,0,0,0,전남,영암군,차량단독,전도전복,전도전복,운전자법규위반,안전운전 의무 불이행,단일로,기타단일로,이륜차,사발이,,,898226,1639353,126.388171,34.74355795
2016,주간,금,1,2,0,1,0,부산,금정구,차대차,정면충돌,정면충돌,운전자법규위반,중앙선 침범,단일로,기타단일로,승용차,중형,건설기계,건설기계,1148353,1694741,129.1303945,35.237113
2016,주간,목,1,4,3,0,0,대구,수성구,차대차,측면직각충돌,측면직각충돌,운전자법규위반,신호위반,교차로,교차로내,승용차,경형,승용차,중형,1101554,1760955,128.6244126,35.83977371
2016,주간,일,1,1,0,0,0,서울,용산구,차대차,정면충돌,정면충돌,운전자법규위반,안전운전 의무 불이행,단일로,기타단일로,원동기장치자전거,원동기장치자전거,승합차,경형,954311,1948517,126.9828595,37.53483823
2016,야간,월,1,1,0,0,0,경기,용인시,차대사람,횡단중,횡단중,운전자법규위반,안전운전 의무 불이행,교차로,교차로내,승용차,중형,보행자,보행자,974511,1917835,127.2125519,37.25905948
2016,주간,토,1,1,0,0,0,경남,합천군,차대차,측면직각충돌,측면직각충돌,운전자법규위반,교차로 통행방법 위반,교차로,교차로내,원동기장치자전거,원동기장치자전거,승용차,소형,1056476,1730056,128.1232133,35.56491007
2016,야간,토,1,1,0,0,0,충북,청주시,차대사람,횡단중,횡단중,운전자법규위반,안전운전 의무 불이행,단일로,기타단일로,승용차,경형,보행자,보행자,1000676,1843474,127.5075571,36.58907761
2016,야간,목,1,1,0,0,0,전남,진도군,차대차,기타,기타,운전자법규위반,중앙선 침범,단일로,기타단일로,화물차,소형,화물차,소형,888127,1600761,126.2829467,34.39455418
2016,주간,화,1,3,0,2,0,충북,청주시,차대차,추돌,진행중 추돌,운전자법규위반,과속,단일로,기타단일로,화물차,중형,화물차,소형,994869,1844908,127.4426304,36.60199162
2016,야간,화,2,6,4,0,0,충북,충주시,차대차,기타,기타,운전자법규위반,안전운전 의무 불이행,단일로,기타단일로,화물차,중형,승용차,대형,1041624,1899553,127.9682078,37.09341052
2016,야간,일,1,1,0,0,0,경기,용인시,차대사람,기타,기타,운전자법규위반,안전운전 의무 불이행,단일로,기타단일로,승합차,대형,보행자,보행자,974214,1914883,127.2093048,37.23244216
2016,야간,토,1,1,0,0,0,경북,예천군,차량단독,전도전복,전도전복,운전자법규위반,안전운전 의무 불이행,단일로,기타단일로,이륜차,소형,,,1088718,1856577,128.4932362,36.70305753
2016,주간,토,1,3,2,0,0,부산,북구,차량단독,공작물충돌,공작물충돌,운전자법규위반,안전운전 의무 불이행,단일로,기타단일로,승용차,중형,,,1139636,1691567,129.0340874,35.20974642
2016,주간,금,1,1,0,0,0,전남,여수시,차대사람,횡단중,횡단중,운전자법규위반,보행자 보호의무 위반,단일로,기타단일로,승용차,중형,보행자,보행자,1019224,1636767,127.7099703,34.72513214
2016,야간,화,1,1,0,0,0,인천,남구,차대사람,기타,기타,운전자법규위반,안전운전 의무 불이행,교차로,교차로부근,승용차,중형,보행자,보행자,925781,1939917,126.6608302,37.45547347
2016,주간,화,1,1,0,0,0,충남,부여군,차대차,추돌,진행중 추돌,운전자법규위반,안전운전 의무 불이행,단일로,기타단일로,화물차,소형,화물차,소형,939600,1814281,126.8270805,36.32400136
2016,야간,일,1,5,2,2,0,충남,서산시,차대차,정면충돌,정면충돌,운전자법규위반,중앙선 침범,단일로,기타단일로,승용차,경형,승용차,중형,905034,1864009,126.4359011,36.76944011
2016,주간,월,1,1,0,0,0,충남,논산시,차량단독,전도전복,전도전복,운전자법규위반,안전운전 의무 불이행,단일로,기타단일로,이륜차,사발이,,,961338,1797259,127.0700981,36.17166075
2016,야간,일,1,1,0,0,0,경기,부천시,차대사람,횡단중,횡단중,운전자법규위반,안전운전 의무 불이행,교차로,교차로부근,승용차,중형,보행자,보행자,939200,1943028,126.8122865,37.48449306
2016,야간,토,1,1,0,0,0,전남,순천시,차량단독,공작물충돌,공작물충돌,운전자법규위반,안전운전 의무 불이행,단일로,기타단일로,승합차,소형,,,985636,1652514,127.3428427,34.86721395
2016,주간,금,1,1,0,0,0,충북,괴산군,차대사람,차도통행중,차도통행중,운전자법규위반,안전운전 의무 불이행,교차로,교차로내,승용차,소형,보행자,보행자,1026083,1868010,127.7924196,36.80990759
2016,야간,월,1,1,0,0,0,충남,천안시,차대사람,보도통행중,보도통행중,운전자법규위반,과속,교차로,교차로내,승합차,대형,보행자,보행자,968250,1869487,127.1439864,36.82304887
2016,주간,월,1,1,0,0,0,서울,성동구,차대사람,기타,기타,운전자법규위반,안전운전 의무 불이행,교차로,교차로내,화물차,소형,보행자,보행자,959073,1951952,127.0365659,37.56602262
2016,야간,토,1,1,0,0,0,전북,순창군,차대사람,차도통행중,차도통행중,운전자법규위반,안전운전 의무 불이행,단일로,기타단일로,승용차,소형,보행자,보행자,965920,1720775,127.1243107,35.48225249
2016,주간,월,1,1,0,0,0,대구,북구,차대차,측면직각충돌,측면직각충돌,운전자법규위반,안전운전 의무 불이행,단일로,기타단일로,승용차,중형,자전거,자전거,1094835,1771139,128.5510021,35.93237337
2016,주간,목,1,1,0,0,0,광주,광산구,차량단독,전도전복,전도전복,운전자법규위반,안전운전 의무 불이행,단일로,기타단일로,이륜차,중형,,,929902,1684545,126.7303826,35.15370826
2016,야간,수,1,1,0,0,0,경남,양산시,차대차,정면충돌,정면충돌,운전자법규위반,중앙선 침범,단일로,기타단일로,승용차,중형,승합차,경형,1134437,1704222,128.9790642,35.32453363
2016,주간,화,1,1,0,0,0,경북,안동시,차량단독,전도전복,전도전복,운전자법규위반,안전운전 의무 불이행,단일로,기타단일로,이륜차,소형,,,1113639,1857988,128.7723917,36.71312014
2016,야간,화,2,5,2,1,0,경기,포천시,차대차,추돌,진행중 추돌,운전자법규위반,안전운전 의무 불이행,단일로,기타단일로,승용차,중형,화물차,중형,974693,1986989,127.2122159,37.88238024
2016,야간,월,1,1,0,0,0,전남,구례군,차량단독,전도전복,전도전복,운전자법규위반,안전운전 의무 불이행,단일로,기타단일로,화물차,소형,,,1010820,1686894,127.61883,35.17727572
2016,야간,수,1,1,0,0,0,경기,포천시,차대사람,기타,기타,운전자법규위반,안전운전 의무 불이행,단일로,기타단일로,승용차,중형,보행자,보행자,971799,1978688,127.1796305,37.8074783
2016,주간,목,1,2,0,1,0,전북,고창군,차대차,정면충돌,정면충돌,운전자법규위반,중앙선 침범,단일로,기타단일로,화물차,대형,화물차,소형,917710,1726645,126.5923026,35.53234933
2016,주간,일,1,1,0,0,0,충남,서산시,차대차,정면충돌,정면충돌,운전자법규위반,안전운전 의무 불이행,단일로,기타단일로,승용차,소형,농기계,농기계,911531,1861395,126.5089932,36.74650778
2016,주간,화,1,1,0,0,0,대구,달서구,차대사람,횡단중,횡단중,운전자법규위반,보행자 보호의무 위반,교차로,교차로내,승용차,경형,보행자,보행자,1093427,1759133,128.5344522,35.82387298
2016,야간,화,1,1,0,0,0,경기,광명시,차대차,측면직각충돌,측면직각충돌,운전자법규위반,안전운전 의무 불이행,교차로,교차로내,특수차,경형,이륜차,소형,941045,1940712,126.8333395,37.46373836
2016,야간,토,1,1,0,0,0,충북,충주시,차대사람,기타,기타,운전자법규위반,안전운전 의무 불이행,단일로,기타단일로,승용차,중형,보행자,보행자,1038896,1891238,127.9373492,37.01887124
2016,주간,수,1,1,0,0,0,전북,정읍시,차량단독,전도전복,전도전복,운전자법규위반,안전운전 의무 불이행,교차로,교차로부근,이륜차,사발이,,,944974,1734420,126.8924896,35.6043378
2016,야간,수,1,1,0,0,0,경기,포천시,차대차,기타,기타,운전자법규위반,안전운전 의무 불이행,단일로,기타단일로,화물차,중형,자전거,자전거,974761,1986816,127.2129953,37.88082288
2016,야간,목,1,1,0,0,0,경기,성남시,차량단독,도로이탈,도로이탈 추락,운전자법규위반,안전운전 의무 불이행,기타/불명,기타/불명,자전거,자전거,,,966270,1937098,127.1187401,37.43242835
2016,주간,수,1,1,0,0,0,서울,구로구,차대사람,기타,기타,운전자법규위반,안전운전 의무 불이행,단일로,기타단일로,화물차,경형,보행자,보행자,942046,1944262,126.8443786,37.4957982
2016,주간,월,1,1,0,0,0,전남,순천시,차대차,측면직각충돌,측면직각충돌,운전자법규위반,안전운전 의무 불이행,교차로,교차로부근,승용차,중형,자전거,자전거,972844,1677526,127.2020702,35.09249449
2016,주간,화,1,2,1,0,0,세종,세종,차대차,측면직각충돌,측면직각충돌,운전자법규위반,교차로 통행방법 위반,교차로,교차로부근,이륜차,소형,건설기계,건설기계,972380,1851766,127.1909368,36.66342921
2016,야간,목,1,1,0,0,0,서울,서대문구,차대사람,횡단중,횡단중,운전자법규위반,안전운전 의무 불이행,단일로,횡단보도부근,승용차,대형,보행자,보행자,947617,1953004,126.9067751,37.57492391
2016,주간,화,1,1,0,0,0,서울,성동구,차량단독,기타,기타,운전자법규위반,기타(운전자법규위반),기타/불명,기타/불명,화물차,중형,,,958722,1950077,127.032697,37.54910705
2016,주간,목,1,1,0,0,0,경남,창원시(통합),차대차,정면충돌,정면충돌,운전자법규위반,안전운전 의무 불이행,교차로,교차로부근,승용차,중형,원동기장치자전거,원동기장치자전거,1089881,1680442,128.4863465,35.1151418
2016,주간,화,1,1,0,0,0,충남,천안시,차량단독,기타,기타,운전자법규위반,안전운전 의무 불이행,단일로,기타단일로,농기계,농기계,,,966933,1882305,127.1286601,36.9385506
2016,주간,월,1,1,0,0,0,전남,무안군,차량단독,전도전복,전도전복,운전자법규위반,안전운전 의무 불이행,단일로,기타단일로,이륜차,소형,,,901399,1667129,126.4195577,34.99429877
2016,야간,일,1,1,0,0,0,경기,구리시,차량단독,기타,기타,운전자법규위반,안전운전 의무 불이행,기타/불명,기타/불명,승합차,중형,,,968298,1958157,127.1407536,37.62231425
2016,야간,일,1,2,0,1,0,서울,구로구,차대차,추돌,진행중 추돌,운전자법규위반,안전운전 의무 불이행,단일로,기타단일로,화물차,소형,화물차,소형,941567,1943685,126.839006,37.49056746
2016,주간,일,1,8,4,3,0,대구,수성구,차대차,측면직각충돌,측면직각충돌,운전자법규위반,신호위반,교차로,교차로내,승용차,대형,승용차,중형,1100927,1757581,128.6171202,35.80950672
2016,야간,월,1,1,0,0,0,경기,파주시,차량단독,전도전복,전도전복,운전자법규위반,안전운전 의무 불이행,단일로,기타단일로,원동기장치자전거,원동기장치자전거,,,934748,1968801,126.7596349,37.71647511
2016,야간,일,1,2,1,0,0,강원,횡성군,차대차,정면충돌,정면충돌,운전자법규위반,중앙선 침범,단일로,기타단일로,승용차,중형,승용차,중형,1041657,1942852,127.9711838,37.48396865
2016,주간,수,1,1,0,0,0,경남,고성군,차대차,측면직각충돌,측면직각충돌,운전자법규위반,안전거리 미확보,교차로,교차로내,화물차,소형,특수차,대형,1079095,1673946,128.3673744,35.05747738
2016,주간,수,1,1,0,0,0,경북,군위군,차대차,기타,기타,운전자법규위반,앞지르기 금지위반,교차로,교차로내,화물차,중형,농기계,농기계,1111095,1798071,128.7353214,36.17337974
2016,야간,수,1,1,0,0,0,경북,칠곡군,차대차,기타,기타,운전자법규위반,안전운전 의무 불이행,단일로,기타단일로,승용차,중형,승용차,경형,1079980,1779362,128.3874846,36.0077933
2016,야간,목,1,1,0,0,0,부산,해운대구,차대사람,기타,기타,운전자법규위반,안전운전 의무 불이행,단일로,기타단일로,승용차,중형,보행자,보행자,1148098,1688740,129.1265619,35.18250388
2016,주간,목,1,2,1,0,0,충남,부여군,차대차,정면충돌,정면충돌,운전자법규위반,중앙선 침범,단일로,교량위,승용차,경형,승용차,경형,945260,1807769,126.8905922,36.26563412
2016,야간,수,1,1,0,0,0,경기,성남시,차대사람,차도통행중,차도통행중,운전자법규위반,안전운전 의무 불이행,기타/불명,기타/불명,승용차,경형,보행자,보행자,964977,1930738,127.1044268,37.37505382
2016,야간,수,1,1,0,0,0,충북,옥천군,차대사람,기타,기타,운전자법규위반,안전운전 의무 불이행,단일로,기타단일로,승용차,대형,보행자,보행자,1011184,1809160,127.6245318,36.27966241
2016,주간,수,1,1,0,0,0,경북,봉화군,차량단독,공작물충돌,공작물충돌,운전자법규위반,안전운전 의무 불이행,교차로,교차로부근,화물차,소형,,,1111690,1870281,128.7523747,36.82414357
2016,주간,수,1,2,0,1,0,경남,창원시(통합),차대차,측면직각충돌,측면직각충돌,운전자법규위반,안전운전 의무 불이행,교차로,교차로부근,승용차,경형,승용차,경형,1109635,1691745,128.7045883,35.21508309
2016,야간,화,1,1,0,0,0,전북,순창군,차대차,측면직각충돌,측면직각충돌,운전자법규위반,직진 및 우회전차의 통행방해,교차로,교차로부근,원동기장치자전거,원동기장치자전거,승용차,중형,975859,1717677,127.2339665,35.45461027
2016,주간,목,1,1,0,0,0,경남,사천시,차대사람,차도통행중,차도통행중,운전자법규위반,안전운전 의무 불이행,교차로,교차로내,화물차,소형,보행자,보행자,1053475,1676724,128.0866149,35.08420976
2016,야간,금,1,1,0,0,0,충북,제천시,차대사람,횡단중,횡단중,운전자법규위반,안전운전 의무 불이행,기타/불명,기타/불명,승용차,경형,보행자,보행자,1069686,1909918,128.2851035,37.18544262
2016,야간,월,1,1,0,0,0,경기,남양주시,차대사람,횡단중,횡단중,운전자법규위반,안전운전 의무 불이행,교차로,교차로내,승용차,경형,보행자,보행자,977418,1960882,127.2440159,37.64714506
2016,야간,일,1,1,0,0,0,강원,홍천군,차량단독,전도전복,전도전복,운전자법규위반,안전운전 의무 불이행,단일로,기타단일로,화물차,소형,,,1046297,1978698,128.0259383,37.80683002
2016,야간,화,1,1,0,0,0,경남,창원시(통합),차대사람,기타,기타,운전자법규위반,안전운전 의무 불이행,단일로,횡단보도상,화물차,중형,보행자,보행자,1105913,1685761,128.6629324,35.1615355
2016,야간,월,1,1,0,0,0,경기,양주시,차대차,추돌,진행중 추돌,운전자법규위반,안전거리 미확보,단일로,기타단일로,화물차,경형,승용차,중형,962510,1979169,127.0740828,37.8114793
2016,주간,목,1,1,0,0,0,경남,거제시,차대차,기타,기타,운전자법규위반,안전운전 의무 불이행,교차로,교차로내,화물차,소형,이륜차,소형,1112412,1653668,128.7299373,34.87150069
2016,야간,월,1,1,0,0,0,충남,아산시,차량단독,전도전복,전도전복,운전자법규위반,안전운전 의무 불이행,기타/불명,기타/불명,승용차,경형,,,959614,1875955,127.0468091,36.88102448
2016,주간,토,1,1,0,0,0,경북,영양군,차대차,추돌,진행중 추돌,운전자법규위반,안전운전 의무 불이행,단일로,기타단일로,이륜차,소형,화물차,소형,1142373,1849935,129.0925221,36.63667814
2016,야간,금,1,1,0,0,0,경기,군포시,차대사람,횡단중,횡단중,운전자법규위반,안전운전 의무 불이행,단일로,기타단일로,화물차,소형,보행자,보행자,949481,1930676,126.9294155,37.37378011
2016,주간,수,1,1,0,0,0,서울,양천구,차대사람,차도통행중,차도통행중,운전자법규위반,안전운전 의무 불이행,단일로,기타단일로,승용차,중형,보행자,보행자,942471,1947772,126.8489115,37.52746064
2016,주간,수,1,1,0,0,0,서울,은평구,차대사람,횡단중,횡단중,운전자법규위반,안전운전 의무 불이행,교차로,교차로부근,건설기계,건설기계,보행자,보행자,948612,1955103,126.9178954,37.59389844
2016,주간,수,1,1,0,0,0,전남,고흥군,차대사람,횡단중,횡단중,운전자법규위반,안전운전 의무 불이행,단일로,기타단일로,화물차,소형,보행자,보행자,984364,1621112,127.3295081,34.58401793
2016,주간,화,1,1,0,0,0,경북,울진군,차대사람,횡단중,횡단중,운전자법규위반,안전운전 의무 불이행,단일로,기타단일로,승합차,대형,보행자,보행자,1169802,1889249,129.4079626,36.98639144
2016,야간,수,1,1,0,0,0,대전,동구,차대사람,횡단중,횡단중,운전자법규위반,안전운전 의무 불이행,단일로,기타단일로,화물차,소형,보행자,보행자,993869,1816243,127.4316767,36.34356432
2016,주간,목,1,2,1,0,0,경북,상주시,차대차,측면직각충돌,측면직각충돌,운전자법규위반,교차로 통행방법 위반,교차로,교차로내,이륜차,소형,이륜차,소형,1053283,1823421,128.094259,36.40681768
2016,야간,금,1,2,1,0,0,광주,서구,차대차,추돌,진행중 추돌,운전자법규위반,안전운전 의무 불이행,단일로,기타단일로,화물차,소형,화물차,소형,941612,1680861,126.8592011,35.12123927
2016,야간,화,1,1,0,0,0,부산,기장군,차량단독,전도전복,전도전복,운전자법규위반,안전운전 의무 불이행,단일로,기타단일로,이륜차,소형,,,1155525,1691577,129.2085918,35.20750376
2016,야간,월,2,3,1,0,0,전남,보성군,차량단독,공작물충돌,공작물충돌,운전자법규위반,과속,단일로,기타단일로,승용차,소형,,,984155,1648526,127.3267145,34.83122965
2016,주간,월,1,1,0,0,0,인천,서구,차대차,기타,기타,운전자법규위반,안전거리 미확보,단일로,기타단일로,건설기계,건설기계,원동기장치자전거,원동기장치자전거,926148,1945521,126.6644171,37.50601024
2016,주간,일,1,1,0,0,0,인천,동구,차량단독,전도전복,전도전복,운전자법규위반,안전운전 의무 불이행,단일로,기타단일로,이륜차,소형,,,924133,1941911,126.6419934,37.47331104
2016,주간,수,1,1,0,0,0,강원,철원군,차량단독,공작물충돌,공작물충돌,운전자법규위반,안전운전 의무 불이행,단일로,기타단일로,화물차,소형,,,977482,2018236,127.2429494,38.16407564
2016,야간,수,1,1,0,0,0,울산,울주군,차대사람,차도통행중,차도통행중,운전자법규위반,안전운전 의무 불이행,단일로,기타단일로,승용차,경형,보행자,보행자,1159903,1713663,129.2609779,35.40587063
2016,야간,목,1,2,1,0,0,강원,원주시,차대사람,횡단중,횡단중,운전자법규위반,보행자 보호의무 위반,단일로,기타단일로,화물차,소형,보행자,보행자,1040942,1935530,127.96269,37.41800416
2016,주간,금,1,1,0,0,0,전북,익산시,차대사람,차도통행중,차도통행중,운전자법규위반,안전운전 의무 불이행,교차로,교차로내,승용차,소형,보행자,보행자,951509,1783970,126.9616268,36.05141311
2016,야간,목,1,1,0,0,0,경기,안산시,차대사람,횡단중,횡단중,운전자법규위반,안전운전 의무 불이행,단일로,기타단일로,화물차,소형,보행자,보행자,943480,1923935,126.8621552,37.31267475
2016,야간,월,2,2,0,0,0,충북,제천시,차량단독,공작물충돌,공작물충돌,운전자법규위반,안전운전 의무 불이행,단일로,기타단일로,이륜차,중형,,,1062104,1881822,128.1973668,36.93272984
2016,주간,화,1,1,0,0,0,강원,홍천군,차량단독,공작물충돌,공작물충돌,운전자법규위반,안전운전 의무 불이행,단일로,기타단일로,화물차,중형,,,1058892,1980318,128.1691424,37.82070474
2016,야간,일,1,1,0,0,0,경기,연천군,차량단독,전도전복,전도전복,운전자법규위반,안전운전 의무 불이행,단일로,기타단일로,화물차,소형,,,959439,2014671,127.0371903,38.13131511
2016,주간,월,1,1,0,0,0,대전,서구,차대차,측면직각충돌,측면직각충돌,운전자법규위반,안전거리 미확보,단일로,기타단일로,승용차,소형,승용차,소형,987734,1818252,127.3632772,36.36161759
2016,주간,금,1,1,0,0,0,전남,구례군,차량단독,전도전복,전도전복,운전자법규위반,안전운전 의무 불이행,단일로,기타단일로,원동기장치자전거,원동기장치자전거,,,996374,1691974,127.4601553,35.22313454
2016,주간,목,1,1,0,0,0,전남,나주시,차대차,정면충돌,정면충돌,운전자법규위반,안전운전 의무 불이행,교차로,교차로부근,화물차,중형,자전거,자전거,940295,1672715,126.8453352,35.04771175
2016,야간,금,1,1,0,0,0,부산,사하구,차대사람,길가장자리구역통행중,길가장자리구역통행중,운전자법규위반,안전운전 의무 불이행,단일로,기타단일로,승용차,중형,보행자,보행자,1131766,1680178,128.9469474,35.10775668
2016,야간,수,1,1,0,0,0,서울,송파구,차대사람,기타,기타,운전자법규위반,안전운전 의무 불이행,단일로,기타단일로,승용차,대형,승용차,중형,962937,1946491,127.0805943,37.5169643
2016,야간,수,1,1,0,0,0,전남,고흥군,차대사람,횡단중,횡단중,운전자법규위반,안전운전 의무 불이행,교차로,교차로내,승용차,경형,보행자,보행자,974705,1619586,127.2242346,34.57006395
2016,야간,토,1,1,0,0,0,경기,고양시,차대차,기타,기타,운전자법규위반,중앙선 침범,단일로,기타단일로,승용차,소형,이륜차,소형,947449,1957982,126.9045152,37.6197812
2016,야간,월,1,1,0,0,0,충북,옥천군,차대사람,차도통행중,차도통행중,운전자법규위반,안전운전 의무 불이행,교차로,교차로부근,승용차,중형,보행자,보행자,1011189,1807150,127.6245587,36.26154117
2016,주간,수,1,1,0,0,0,강원,속초시,차대차,측면직각충돌,측면직각충돌,운전자법규위반,안전운전 의무 불이행,단일로,횡단보도상,자전거,자전거,승용차,소형,1094870,2022951,128.5835181,38.20185126
2016,야간,목,1,1,0,0,0,부산,강서구,차대사람,기타,기타,운전자법규위반,안전운전 의무 불이행,단일로,기타단일로,승용차,소형,보행자,보행자,1130002,1680692,128.9003725,35.17209057
2016,주간,토,1,1,0,0,0,경남,진주시,차대사람,횡단중,횡단중,운전자법규위반,부당한 회전,기타/불명,기타/불명,승합차,대형,보행자,보행자,1062067,1683943,128.1814044,35.14880826
2016,야간,월,2,2,0,0,0,충남,천안시,차대차,기타,기타,운전자법규위반,신호위반,교차로,교차로내,이륜차,소형,승용차,중형,968292,1869736,127.144447,36.8252949
2016,주간,토,1,1,0,0,0,경기,용인시,차대사람,기타,기타,운전자법규위반,안전운전 의무 불이행,단일로,기타단일로,화물차,중형,보행자,보행자,975147,1928221,127.2193765,37.35269458
2016,주간,토,1,2,1,0,0,강원,강릉시,차량단독,기타,기타,운전자법규위반,안전운전 의무 불이행,교차로,교차로부근,승용차,중형,,,1116888,1976413,128.8273522,37.77993189
2016,주간,일,1,1,0,0,0,충북,음성군,차대차,측면직각충돌,측면직각충돌,운전자법규위반,교차로 통행방법 위반,교차로,교차로내,화물차,소형,이륜차,소형,1017278,1881879,127.6940223,36.93513244
2016,주간,월,1,1,0,0,0,강원,인제군,차량단독,전도전복,전도전복,운전자법규위반,안전운전 의무 불이행,단일로,기타단일로,농기계,농기계,,,1060433,2008805,128.1890442,38.07733815
2016,주간,목,1,1,0,0,0,충북,충주시,차량단독,전도전복,전도전복,운전자법규위반,안전운전 의무 불이행,단일로,교량위,이륜차,사발이,,,1021820,1901249,127.7455874,37.10964541
2016,주간,화,1,1,0,0,0,전남,장성군,차대차,측면직각충돌,측면직각충돌,운전자법규위반,교차로 통행방법 위반,교차로,교차로내,승용차,소형,이륜차,소형,919611,1693633,126.6165205,35.23487605
2016,주간,목,1,1,0,0,0,전북,전주시,차대차,측면직각충돌,측면직각충돌,운전자법규위반,신호위반,교차로,교차로내,자전거,자전거,승용차,소형,967428,1758372,127.1394139,35.82128852
2016,야간,화,1,1,0,0,0,울산,울주군,차대사람,보도통행중,보도통행중,운전자법규위반,안전운전 의무 불이행,단일로,기타단일로,화물차,소형,보행자,보행자,1161014,1714892,129.2734507,35.41676802
2016,야간,수,1,4,1,2,0,충남,예산군,차대차,추돌,진행중 추돌,운전자법규위반,안전운전 의무 불이행,단일로,기타단일로,화물차,소형,농기계,농기계,941269,1853105,126.8427224,36.67408735
2016,야간,화,1,1,0,0,0,경북,포항시,차대사람,횡단중,횡단중,운전자법규위반,안전운전 의무 불이행,단일로,횡단보도상,승용차,중형,보행자,보행자,1166079,1782551,129.3432077,36.02566007
2016,주간,월,1,1,0,0,0,서울,노원구,차대사람,횡단중,횡단중,운전자법규위반,안전운전 의무 불이행,교차로,교차로내,건설기계,건설기계,보행자,보행자,963155,1963608,127.0821995,37.67125339
2016,야간,금,1,2,1,0,0,전남,해남군,차대차,정면충돌,정면충돌,운전자법규위반,안전운전 의무 불이행,단일로,기타단일로,승용차,대형,화물차,소형,917922,1618991,126.6052888,34.56173099
2016,주간,월,1,2,1,0,0,강원,영월군,차대사람,기타,기타,운전자법규위반,안전운전 의무 불이행,기타/불명,기타/불명,승용차,중형,보행자,보행자,1086184,1909581,128.4700041,37.18078753
2016,주간,월,1,1,0,0,0,서울,중랑구,차대사람,횡단중,횡단중,운전자법규위반,신호위반,교차로,교차로내,승합차,대형,보행자,보행자,962775,1954178,127.078371,37.58624334
2016,야간,토,1,1,0,0,0,부산,강서구,차대사람,차도통행중,차도통행중,운전자법규위반,안전운전 의무 불이행,교차로,교차로부근,승용차,중형,보행자,보행자,1135493,1692040,128.9885928,35.2146683
2016,야간,금,1,1,0,0,0,충북,청주시,차대사람,기타,기타,운전자법규위반,안전운전 의무 불이행,단일로,기타단일로,승용차,중형,보행자,보행자,994216,1840338,127.4353636,36.56078905
2016,야간,토,1,1,0,0,0,강원,영월군,차대차,추돌,진행중 추돌,운전자법규위반,안전운전 의무 불이행,단일로,기타단일로,승용차,소형,농기계,농기계,1087441,1910026,128.485125,37.18492178
2016,주간,화,1,2,0,1,0,경남,합천군,차대차,측면직각충돌,측면직각충돌,운전자법규위반,중앙선 침범,단일로,기타단일로,이륜차,소형,승용차,소형,1046797,1717924,128.0157098,35.45602897
2016,주간,월,1,12,2,7,2,경북,칠곡군,차량단독,공작물충돌,공작물충돌,운전자법규위반,안전운전 의무 불이행,단일로,기타단일로,승합차,경형,,,1080088,1779901,128.3887374,36.01264343
2016,야간,토,1,1,0,0,0,서울,동작구,차대사람,횡단중,횡단중,운전자법규위반,안전운전 의무 불이행,단일로,횡단보도부근,승합차,소형,보행자,보행자,950606,1944838,126.9411728,37.50148755
2016,주간,토,1,1,0,0,0,충남,금산군,차량단독,전도전복,전도전복,운전자법규위반,안전운전 의무 불이행,단일로,기타단일로,농기계,농기계,,,1002609,1805062,127.5290371,36.242778
2016,야간,월,1,1,0,0,0,전북,고창군,차대차,측면직각충돌,측면직각충돌,운전자법규위반,안전운전 의무 불이행,교차로,교차로내,승용차,소형,자전거,자전거,926925,1716133,126.6948846,35.43829715
2016,야간,월,1,1,0,0,0,충남,당진시,차대사람,길가장자리구역통행중,길가장자리구역통행중,운전자법규위반,안전운전 의무 불이행,단일로,기타단일로,화물차,중형,보행자,보행자,932270,1876714,126.7399206,36.8862998
2016,주간,토,1,8,7,0,0,강원,삼척시,차대차,정면충돌,정면충돌,운전자법규위반,중앙선 침범,단일로,기타단일로,승용차,경형,승합차,소형,1138532,1919613,129.0623473,37.26512503
2016,야간,금,1,1,0,0,0,울산,북구,차대사람,길가장자리구역통행중,길가장자리구역통행중,운전자법규위반,안전운전 의무 불이행,단일로,기타단일로,승용차,경형,보행자,보행자,1167572,1739335,129.3507018,35.63596507
2016,주간,수,1,1,0,0,0,경북,김천시,차대차,측면직각충돌,측면직각충돌,운전자법규위반,신호위반,교차로,교차로내,이륜차,소형,승용차,경형,1057065,1791332,128.1340943,36.11731823
2016,주간,토,1,1,0,0,0,전남,고흥군,차대사람,횡단중,횡단중,운전자법규위반,안전운전 의무 불이행,단일로,기타단일로,승용차,중형,보행자,보행자,966557,1614947,127.1355891,34.5279968
2016,주간,토,1,1,0,0,0,경남,합천군,차대사람,횡단중,횡단중,운전자법규위반,안전운전 의무 불이행,단일로,기타단일로,특수차,대형,보행자,보행자,1052132,1728272,128.0751645,35.54906351
2016,야간,금,1,1,0,0,0,충남,천안시,차량단독,공작물충돌,공작물충돌,운전자법규위반,안전운전 의무 불이행,단일로,기타단일로,승용차,소형,,,972909,1867007,127.1963155,36.80083762
2016,주간,금,1,1,0,0,0,제주,서귀포시,차대사람,기타,기타,운전자법규위반,안전운전 의무 불이행,교차로,교차로내,승합차,대형,보행자,보행자,912707,1473965,126.5628717,33.25348192
2016,야간,화,1,1,0,0,0,울산,동구,차량단독,공작물충돌,공작물충돌,운전자법규위반,안전운전 의무 불이행,단일로,기타단일로,이륜차,중형,,,1173092,1727671,129.4091387,35.5299025
2016,야간,월,1,1,0,0,0,전북,완주군,차대사람,횡단중,횡단중,운전자법규위반,보행자 보호의무 위반,단일로,기타단일로,승용차,중형,보행자,보행자,966213,1771178,127.1219816,35.96412573
2016,야간,월,1,1,0,0,0,충북,진천군,차대차,기타,기타,운전자법규위반,신호위반,교차로,교차로내,이륜차,소형,승용차,중형,1001389,1879652,127.5155936,36.9152145
2016,야간,금,1,1,0,0,0,강원,강릉시,차대차,정면충돌,정면충돌,운전자법규위반,신호위반,교차로,교차로내,승용차,중형,이륜차,소형,1116524,1987947,128.8250775,37.88390831
2016,주간,목,1,1,0,0,0,경기,부천시,차대차,측면직각충돌,측면직각충돌,운전자법규위반,안전운전 의무 불이행,교차로,교차로내,승용차,중형,자전거,자전거,939941,1941160,126.8208198,37.46770514
2016,주간,토,1,1,0,0,0,강원,춘천시,차대차,측면직각충돌,측면직각충돌,운전자법규위반,안전운전 의무 불이행,교차로,교차로내,승용차,대형,원동기장치자전거,원동기장치자전거,1020404,1991392,127.7321536,37.92218746
2016,주간,화,1,1,0,0,0,전북,남원시,차량단독,전도전복,전도전복,운전자법규위반,안전운전 의무 불이행,단일로,기타단일로,농기계,농기계,,,978729,1713907,127.2656921,35.42068282
2016,주간,화,1,1,0,0,0,울산,중구,차대사람,횡단중,횡단중,운전자법규위반,보행자 보호의무 위반,교차로,교차로부근,승합차,대형,보행자,보행자,1167038,1731805,129.3432496,35.56819623
2016,야간,월,1,1,0,0,0,경북,포항시,차대차,측면직각충돌,측면직각충돌,운전자법규위반,안전운전 의무 불이행,교차로,교차로내,화물차,소형,자전거,자전거,1185256,1778975,129.5550878,35.98998057
2016,야간,일,1,1,0,0,0,경기,광주시,차대차,추돌,진행중 추돌,운전자법규위반,안전운전 의무 불이행,단일로,기타단일로,승용차,대형,승용차,경형,973444,1934720,127.1999143,37.41122759
2016,주간,토,1,1,0,0,0,대구,동구,차대차,측면직각충돌,측면직각충돌,운전자법규위반,안전운전 의무 불이행,단일로,기타단일로,화물차,중형,이륜차,소형,1107218,1764759,128.6876649,35.87367128
2016,주간,토,1,2,0,1,0,인천,중구,차대차,측면직각충돌,측면직각충돌,운전자법규위반,신호위반,교차로,교차로내,승용차,경형,승용차,중형,914936,1945052,126.5376308,37.50081803
2016,야간,목,1,1,0,0,0,경기,안양시,차대사람,횡단중,횡단중,운전자법규위반,안전운전 의무 불이행,단일로,기타단일로,승용차,중형,보행자,보행자,949018,1933114,126.9240183,37.39572941
2016,주간,수,1,1,0,0,0,경기,포천시,차대차,정면충돌,정면충돌,운전자법규위반,중앙선 침범,단일로,기타단일로,이륜차,소형,승용차,경형,967037,1992839,127.124888,37.93486038
2016,주간,금,1,4,1,2,0,서울,성북구,차대사람,횡단중,횡단중,운전자법규위반,안전운전 의무 불이행,교차로,교차로부근,특수차,소형,보행자,보행자,956332,1954542,127.005375,37.58924092
2016,주간,화,1,1,0,0,0,전남,보성군,차대차,측면직각충돌,측면직각충돌,운전자법규위반,안전운전 의무 불이행,단일로,기타단일로,화물차,소형,이륜차,소형,971628,1640840,127.1899765,34.76164801
2016,주간,월,1,1,0,0,0,전남,장흥군,차대차,추돌,진행중 추돌,운전자법규위반,안전운전 의무 불이행,교차로,교차로부근,원동기장치자전거,원동기장치자전거,화물차,소형,945169,1633846,126.901322,34.69750134
2016,야간,목,1,1,0,0,0,경기,광주시,차대사람,횡단중,횡단중,운전자법규위반,보행자 보호의무 위반,단일로,횡단보도상,승합차,소형,보행자,보행자,969142,1929113,127.151536,37.36055454
2016,야간,월,1,1,0,0,0,충남,태안군,차대사람,횡단중,횡단중,운전자법규위반,안전운전 의무 불이행,단일로,기타단일로,승용차,중형,보행자,보행자,897068,1837847,126.3501689,36.53280672
2016,야간,토,1,1,0,0,0,서울,중랑구,차대사람,횡단중,횡단중,운전자법규위반,안전운전 의무 불이행,단일로,기타단일로,승용차,대형,보행자,보행자,964712,1955598,127.1002415,37.59911856
2016,야간,금,1,2,0,1,0,서울,영등포구,차대사람,횡단중,횡단중,운전자법규위반,과속,단일로,기타단일로,이륜차,소형,보행자,보행자,947513,1946649,126.906052,37.51763968
2016,주간,수,1,1,0,0,0,서울,금천구,차대사람,횡단중,횡단중,운전자법규위반,안전운전 의무 불이행,단일로,기타단일로,승용차,경형,보행자,보행자,945670,1940594,126.8856447,37.46295827
2016,야간,수,1,1,0,0,0,경기,고양시,차대사람,횡단중,횡단중,운전자법규위반,안전운전 의무 불이행,단일로,기타단일로,화물차,중형,보행자,보행자,933363,1966179,126.7441616,37.69274444
2016,주간,수,1,2,1,0,0,충북,진천군,차대차,측면직각충돌,측면직각충돌,운전자법규위반,신호위반,교차로,교차로내,이륜차,소형,화물차,중형,994383,1873490,127.4369863,36.85965085
2016,야간,목,1,1,0,0,0,경북,경주시,차대차,기타,기타,운전자법규위반,안전운전 의무 불이행,단일로,기타단일로,승용차,대형,자전거,자전거,1157662,1767605,129.2468634,35.89236904
2016,야간,일,1,1,0,0,0,울산,울주군,차대사람,횡단중,횡단중,운전자법규위반,안전운전 의무 불이행,단일로,기타단일로,승용차,경형,보행자,보행자,1157998,1726283,129.2424592,35.51991332
2016,야간,토,1,1,0,0,0,제주,제주시,차대사람,횡단중,횡단중,운전자법규위반,보행자 보호의무 위반,단일로,횡단보도상,승용차,경형,보행자,보행자,913531,1501457,126.5684246,33.50173722
2016,야간,화,1,4,3,0,0,부산,사하구,차대차,측면직각충돌,측면직각충돌,운전자법규위반,신호위반,기타/불명,기타/불명,승용차,중형,승용차,중형,1132688,1678887,128.9557555,35.0965792
2016,주간,수,1,1,0,0,0,경기,파주시,차대차,정면충돌,정면충돌,운전자법규위반,신호위반,교차로,교차로내,승합차,대형,원동기장치자전거,원동기장치자전거,941935,1991535,126.8393514,37.92185093
2016,야간,목,1,1,0,0,0,부산,해운대구,차대사람,기타,기타,운전자법규위반,안전운전 의무 불이행,단일로,기타단일로,승용차,소형,보행자,보행자,1155075,1689477,129.2032549,35.18865031
2016,주간,토,1,1,0,0,0,울산,중구,차대사람,횡단중,횡단중,운전자법규위반,보행자 보호의무 위반,단일로,기타단일로,화물차,중형,보행자,보행자,1161782,1729979,129.2849106,35.55261266
2016,주간,토,1,1,0,0,0,경북,칠곡군,차대차,추돌,진행중 추돌,운전자법규위반,안전운전 의무 불이행,단일로,기타단일로,승용차,경형,이륜차,소형,1093491,1788190,128.5384588,36.08572748
2016,야간,금,1,1,0,0,0,경기,오산시,차량단독,전도전복,전도전복,운전자법규위반,안전운전 의무 불이행,교차로,교차로내,특수차,대형,,,960586,1910167,127.0559239,37.18945616
2016,야간,목,1,1,0,0,0,경북,안동시,차량단독,전도전복,전도전복,운전자법규위반,안전운전 의무 불이행,단일로,기타단일로,화물차,소형,,,1099038,1845994,128.6073875,36.60665028
2016,주간,목,1,2,0,1,0,대전,유성구,차대차,정면충돌,정면충돌,운전자법규위반,안전운전 의무 불이행,교차로,교차로부근,승합차,경형,화물차,소형,989636,1827823,127.38435,36.44792555
2016,주간,화,1,1,0,0,0,경기,포천시,차대차,측면직각충돌,측면직각충돌,운전자법규위반,안전운전 의무 불이행,단일로,기타단일로,특수차,경형,원동기장치자전거,원동기장치자전거,975925,1975479,127.2266088,37.77867336
2016,주간,월,1,1,0,0,0,경기,안성시,차대차,측면직각충돌,측면직각충돌,운전자법규위반,중앙선 침범,단일로,기타단일로,승용차,소형,화물차,소형,977253,1891320,127.2442798,37.02012095
2016,주간,목,1,1,0,0,0,충남,아산시,차대차,기타,기타,운전자법규위반,안전운전 의무 불이행,단일로,기타단일로,승용차,중형,원동기장치자전거,원동기장치자전거,961573,1877444,127.0687159,36.89452864
2016,주간,금,1,1,0,0,0,경북,경산시,차량단독,전도전복,전도전복,운전자법규위반,안전운전 의무 불이행,단일로,기타단일로,승용차,경형,,,1115755,1764778,128.7822546,35.87274292
2016,주간,목,1,1,0,0,0,충남,부여군,차량단독,전도전복,전도전복,운전자법규위반,안전운전 의무 불이행,단일로,기타단일로,특수차,소형,,,958528,1807582,127.0383067,36.26460965
2016,주간,수,1,3,0,2,0,경기,평택시,차대차,측면직각충돌,측면직각충돌,운전자법규위반,중앙선 침범,교차로,교차로부근,승용차,경형,승용차,소형,967276,1888368,127.1322491,36.99321625
2016,주간,월,1,1,0,0,0,경북,칠곡군,차대차,기타,기타,운전자법규위반,교차로 통행방법 위반,교차로,교차로내,이륜차,중형,승용차,중형,1072775,1784843,128.3080476,36.05776938
2016,주간,토,1,1,0,0,0,충북,영동군,차대차,기타,기타,운전자법규위반,신호위반,교차로,교차로내,화물차,소형,이륜차,중형,1024418,1797842,127.7716461,36.17739044
2016,주간,화,1,1,0,0,0,충남,아산시,차대사람,횡단중,횡단중,운전자법규위반,안전운전 의무 불이행,교차로,교차로부근,화물차,소형,보행자,보행자,956329,1865334,127.0105581,36.78513674
2016,야간,일,1,1,0,0,0,경남,거창군,차대사람,횡단중,횡단중,운전자법규위반,안전운전 의무 불이행,단일로,기타단일로,승용차,중형,보행자,보행자,1034535,1743939,127.8816949,35.69109185
2016,주간,토,1,9,3,5,0,강원,삼척시,차대차,추돌,진행중 추돌,운전자법규위반,과속,단일로,기타단일로,승용차,경형,승용차,중형,1143292,1940746,129.1200998,37.45481872
2016,야간,일,1,3,1,0,1,대구,달서구,차대차,측면직각충돌,측면직각충돌,운전자법규위반,신호위반,교차로,교차로내,이륜차,소형,승용차,대형,1089572,1762099,128.491961,35.85133797
2016,야간,월,4,4,0,0,0,강원,정선군,차량단독,전도전복,전도전복,운전자법규위반,안전운전 의무 불이행,단일로,기타단일로,승용차,경형,,,1105464,1923243,128.6900103,37.30217282
2016,주간,수,1,1,0,0,0,서울,서대문구,차대차,측면직각충돌,측면직각충돌,운전자법규위반,안전운전 의무 불이행,교차로,교차로부근,자전거,자전거,승용차,경형,948139,1952486,126.912723,37.5702847
2016,야간,수,1,1,0,0,0,경기,안성시,차대차,기타,기타,운전자법규위반,안전운전 의무 불이행,단일로,기타단일로,승용차,대형,승용차,소형,985705,1892219,127.3392791,37.02839156
2016,주간,수,1,1,0,0,0,전북,김제시,차대사람,기타,기타,운전자법규위반,안전운전 의무 불이행,단일로,기타단일로,승용차,중형,보행자,보행자,948537,1754593,126.9305332,35.78640858
2016,주간,수,1,1,0,0,0,경북,상주시,차대차,측면직각충돌,측면직각충돌,운전자법규위반,안전운전 의무 불이행,교차로,교차로내,원동기장치자전거,원동기장치자전거,화물차,소형,1062219,1833797,128.1947487,36.49981565
2016,주간,수,1,3,1,1,0,충남,태안군,차대차,정면충돌,정면충돌,운전자법규위반,중앙선 침범,단일로,기타단일로,승용차,중형,승용차,중형,881901,1863518,126.1768272,36.76241463
2016,주간,화,1,1,0,0,0,경남,창원시(통합),차대사람,횡단중,횡단중,운전자법규위반,안전운전 의무 불이행,교차로,교차로내,승용차,중형,보행자,보행자,1101284,1698978,128.6137412,35.28116932
2016,주간,화,2,7,5,0,0,경북,칠곡군,차량단독,전도전복,전도전복,운전자법규위반,안전운전 의무 불이행,단일로,기타단일로,승합차,경형,,,1090608,1784185,128.5059537,36.05033979
2016,주간,화,1,1,0,0,0,전남,목포시,차대사람,횡단중,횡단중,운전자법규위반,안전운전 의무 불이행,교차로,교차로부근,화물차,소형,보행자,보행자,899191,1647509,126.3977337,34.817189
2016,주간,월,2,8,5,1,0,강원,정선군,차대차,정면충돌,정면충돌,운전자법규위반,중앙선 침범,단일로,기타단일로,화물차,중형,승용차,중형,1101302,1937506,128.6450087,37.43117482
2016,야간,화,1,1,0,0,0,제주,서귀포시,차량단독,전도전복,전도전복,운전자법규위반,안전운전 의무 불이행,교차로,교차로부근,화물차,소형,,,913219,1475357,126.568352,33.26601695
2016,야간,토,1,1,0,0,0,대구,중구,차대차,기타,기타,운전자법규위반,안전운전 의무 불이행,단일로,횡단보도부근,승용차,중형,화물차,소형,1100058,1764616,128.6083852,35.87301267
2016,주간,목,1,2,0,1,0,충남,예산군,차대차,추돌,진행중 추돌,운전자법규위반,안전운전 의무 불이행,단일로,기타단일로,화물차,소형,이륜차,소형,939747,1860666,126.8250945,36.74214885
2016,주간,목,1,9,4,4,0,경남,창원시(통합),차대차,기타,기타,운전자법규위반,신호위반,교차로,교차로부근,승용차,중형,승용차,소형,1096791,1691115,128.5634169,35.21072507
2016,야간,목,1,1,0,0,0,강원,춘천시,차대사람,차도통행중,차도통행중,운전자법규위반,과속,교차로,교차로부근,승용차,대형,보행자,보행자,1017414,1975083,127.6977411,37.77525536
2016,주간,목,1,1,0,0,0,경기,이천시,차대사람,길가장자리구역통행중,길가장자리구역통행중,운전자법규위반,안전운전 의무 불이행,단일로,기타단일로,승용차,중형,보행자,보행자,995368,1919966,127.4477498,37.27860576
2016,야간,토,1,2,1,0,0,경기,화성시,차대차,추돌,진행중 추돌,운전자법규위반,안전운전 의무 불이행,단일로,기타단일로,승용차,중형,원동기장치자전거,원동기장치자전거,939142,1899891,126.8151637,37.09568086
2016,야간,토,1,1,0,0,0,경남,거제시,차대사람,횡단중,횡단중,운전자법규위반,안전운전 의무 불이행,단일로,기타단일로,승용차,경형,보행자,보행자,1104028,1655940,128.6385043,34.89287791
2016,주간,목,1,1,0,0,0,충북,청주시,차량단독,전도전복,전도전복,운전자법규위반,안전운전 의무 불이행,단일로,기타단일로,이륜차,소형,,,999924,1841723,127.4991506,36.57329247
2016,야간,일,1,1,0,0,0,서울,양천구,차대차,측면직각충돌,측면직각충돌,운전자법규위반,교차로 통행방법 위반,교차로,교차로내,화물차,소형,이륜차,소형,941233,1948831,126.8348165,37.53692735
2016,야간,토,1,1,0,0,0,경북,포항시,차대사람,횡단중,횡단중,운전자법규위반,신호위반,교차로,교차로부근,승용차,경형,보행자,보행자,1168110,1783417,129.3659219,36.03311517
2016,야간,일,1,2,1,0,0,경기,용인시,차량단독,전도전복,전도전복,운전자법규위반,안전운전 의무 불이행,단일로,기타단일로,승합차,소형,,,968846,1919762,127.1485861,37.27625684
2016,주간,화,1,1,0,0,0,광주,광산구,차대사람,횡단중,횡단중,운전자법규위반,신호위반,교차로,교차로내,화물차,대형,보행자,보행자,935802,1687942,126.7948907,35.18473146
2016,야간,일,1,1,0,0,0,경남,김해시,차대차,기타,기타,운전자법규위반,안전운전 의무 불이행,교차로,교차로내,화물차,소형,이륜차,소형,1134279,1694512,128.9757373,35.23702874
2016,야간,수,1,1,0,0,0,경기,안양시,차대사람,횡단중,횡단중,운전자법규위반,안전운전 의무 불이행,기타/불명,기타/불명,승용차,소형,보행자,보행자,951922,1930773,126.9569778,37.37478421
2016,주간,토,1,1,0,0,0,경북,고령군,차대차,측면직각충돌,측면직각충돌,운전자법규위반,안전운전 의무 불이행,교차로,교차로내,원동기장치자전거,원동기장치자전거,승용차,중형,1065687,1742906,128.2258963,35.68019468
2016,야간,화,1,1,0,0,0,경기,부천시,차대차,기타,기타,운전자법규위반,신호위반,교차로,교차로부근,승용차,경형,자전거,자전거,933823,1944496,126.7513393,37.49735435
2016,야간,금,1,1,0,0,0,울산,중구,차대사람,횡단중,횡단중,운전자법규위반,보행자 보호의무 위반,단일로,횡단보도상,승용차,중형,보행자,보행자,1166295,1730581,129.3348029,35.55729064
2016,주간,금,1,1,0,0,0,강원,춘천시,차대사람,횡단중,횡단중,운전자법규위반,안전운전 의무 불이행,교차로,교차로내,건설기계,건설기계,보행자,보행자,1019861,1985051,127.7258009,37.8650481
2016,주간,화,1,1,0,0,0,경북,청도군,차대사람,기타,기타,운전자법규위반,안전운전 의무 불이행,교차로,교차로내,승용차,중형,보행자,보행자,1112804,1739080,128.7459554,35.64144135
2016,야간,화,1,1,0,0,0,경남,창원시(통합),차대차,측면직각충돌,측면직각충돌,운전자법규위반,안전운전 의무 불이행,교차로,교차로부근,원동기장치자전거,원동기장치자전거,승용차,중형,1108724,1688949,128.6942117,35.18997583
2016,주간,화,1,1,0,0,0,경북,안동시,차대차,측면직각충돌,측면직각충돌,운전자법규위반,안전운전 의무 불이행,교차로,교차로내,화물차,소형,농기계,농기계,1107538,1853422,128.7034525,36.67267775
2016,주간,수,1,1,0,0,0,경북,포항시,차대사람,기타,기타,운전자법규위반,안전운전 의무 불이행,단일로,기타단일로,화물차,소형,보행자,보행자,1166584,1790783,129.3505466,36.0997535
2016,야간,토,1,1,0,0,0,경기,파주시,차대사람,차도통행중,차도통행중,운전자법규위반,안전운전 의무 불이행,단일로,기타단일로,화물차,소형,보행자,보행자,945359,1983349,126.8789266,37.84828648
2016,주간,토,1,1,0,0,0,울산,남구,차대차,측면직각충돌,측면직각충돌,운전자법규위반,신호위반,교차로,교차로내,자전거,자전거,승용차,경형,1167152,1726467,129.3434054,35.52007122
2016,주간,토,1,1,0,0,0,전남,담양군,차대차,측면직각충돌,측면직각충돌,운전자법규위반,교차로 통행방법 위반,교차로,교차로내,원동기장치자전거,원동기장치자전거,화물차,소형,953136,1703201,126.9843975,35.32327598
2016,주간,토,1,1,0,0,0,경북,군위군,차대사람,차도통행중,차도통행중,운전자법규위반,과속,단일로,기타단일로,승용차,경형,보행자,보행자,1097780,1795684,128.5869937,36.15329919
2016,주간,화,1,1,0,0,0,경기,양주시,차대사람,횡단중,횡단중,운전자법규위반,안전운전 의무 불이행,교차로,교차로내,승합차,소형,보행자,보행자,959671,1983516,127.041588,37.85053722
2016,주간,화,1,2,0,1,0,서울,영등포구,차대차,측면직각충돌,측면직각충돌,운전자법규위반,신호위반,교차로,교차로내,승용차,경형,이륜차,소형,949585,1947918,126.9294108,37.52919298
2016,야간,토,2,3,1,0,0,대전,유성구,차대차,정면충돌,정면충돌,운전자법규위반,중앙선 침범,단일로,기타단일로,승용차,경형,승용차,경형,989594,1825201,127.3839165,36.42428706
2016,주간,목,1,1,0,0,0,서울,은평구,차대사람,기타,기타,운전자법규위반,안전운전 의무 불이행,교차로,교차로부근,승용차,중형,보행자,보행자,949406,1956668,126.9267809,37.60804789
2016,야간,목,1,1,0,0,0,경북,울진군,차대사람,횡단중,횡단중,운전자법규위반,안전운전 의무 불이행,단일로,기타단일로,승용차,경형,보행자,보행자,1170416,1897054,129.4166244,37.05659831
2016,주간,화,1,1,0,0,0,전남,해남군,차량단독,전도전복,전도전복,운전자법규위반,안전운전 의무 불이행,단일로,기타단일로,원동기장치자전거,원동기장치자전거,,,913788,1616105,126.5605229,34.53536967
2016,야간,월,1,2,1,0,0,대전,중구,차대차,측면직각충돌,측면직각충돌,운전자법규위반,교차로 통행방법 위반,교차로,교차로내,화물차,중형,화물차,소형,989305,1810336,127.380897,36.29027018
2016,주간,수,1,1,0,0,0,경기,부천시,차대사람,횡단중,횡단중,운전자법규위반,안전운전 의무 불이행,단일로,기타단일로,화물차,소형,보행자,보행자,937172,1947118,126.7889997,37.52122035
2016,주간,일,1,2,0,1,0,광주,서구,차대사람,횡단중,횡단중,운전자법규위반,과속,단일로,횡단보도상,승용차,중형,보행자,보행자,943078,1681333,126.8752568,35.12557915
2016,야간,토,1,1,0,0,0,경북,의성군,차량단독,전도전복,전도전복,운전자법규위반,안전운전 의무 불이행,단일로,교량위,화물차,소형,,,1104537,1826414,128.6662113,36.42958298
2016,야간,토,1,1,0,0,0,전남,담양군,차량단독,전도전복,전도전복,운전자법규위반,안전운전 의무 불이행,단일로,기타단일로,승용차,중형,,,963541,1690443,127.0994381,35.20867331
2016,야간,토,1,3,1,1,0,대전,서구,차대차,기타,기타,운전자법규위반,안전거리 미확보,단일로,교량위,화물차,소형,승용차,소형,986130,1806829,127.3456015,36.25861238
2016,주간,토,1,2,0,1,0,전남,나주시,차대차,정면충돌,정면충돌,운전자법규위반,중앙선 침범,단일로,기타단일로,이륜차,소형,승용차,대형,927402,1675874,126.703698,35.07534963
2016,야간,금,1,1,0,0,0,경남,창원시(통합),차대사람,횡단중,횡단중,운전자법규위반,과속,교차로,교차로부근,승용차,중형,보행자,보행자,1098894,1691176,128.5865257,35.21106989
2016,야간,목,1,1,0,0,0,경북,김천시,차대사람,기타,기타,운전자법규위반,안전운전 의무 불이행,단일로,횡단보도부근,승용차,경형,보행자,보행자,1056034,1791588,128.1199981,36.12114791
2016,야간,금,1,1,0,0,0,강원,동해시,차대사람,기타,기타,운전자법규위반,안전운전 의무 불이행,단일로,기타단일로,화물차,중형,보행자,보행자,1141889,1941813,129.1044483,37.46464896
2016,야간,금,1,3,2,0,0,경북,포항시,차대차,추돌,진행중 추돌,운전자법규위반,안전운전 의무 불이행,단일로,기타단일로,승용차,경형,승합차,경형,1167397,1785667,129.3584586,36.05385247
2016,야간,수,1,2,1,0,0,경기,이천시,차대사람,기타,기타,운전자법규위반,안전운전 의무 불이행,단일로,기타단일로,승합차,대형,보행자,보행자,1010427,1902851,127.6173801,37.12428247
2016,주간,월,1,1,0,0,0,경기,평택시,차대차,추돌,진행중 추돌,운전자법규위반,안전운전 의무 불이행,단일로,기타단일로,화물차,소형,자전거,자전거,963022,1893177,127.0842078,37.03640766
2016,주간,토,1,2,0,1,0,경기,가평군,차대차,정면충돌,정면충돌,운전자법규위반,중앙선 침범,단일로,기타단일로,이륜차,중형,승용차,중형,999363,1958743,127.492781,37.62814278
2016,야간,화,1,1,0,0,0,충남,태안군,차대사람,기타,기타,운전자법규위반,안전운전 의무 불이행,단일로,기타단일로,승합차,소형,보행자,보행자,893589,1852084,126.309343,36.66074515
2016,야간,수,1,2,1,0,0,부산,북구,차대차,기타,기타,운전자법규위반,안전거리 미확보,단일로,기타단일로,이륜차,대형,승용차,소형,1137550,1696805,129.0124343,35.25794813
2016,주간,월,1,1,0,0,0,충남,서산시,차대차,측면직각충돌,측면직각충돌,운전자법규위반,직진 및 우회전차의 통행방해,교차로,교차로내,승용차,중형,이륜차,소형,906159,1864307,126.4484681,36.77223813
2016,주간,월,1,1,0,0,0,경기,용인시,차대사람,차도통행중,차도통행중,운전자법규위반,안전운전 의무 불이행,단일로,기타단일로,승용차,중형,보행자,보행자,966257,1919643,127.1193884,37.27509391
2016,야간,목,1,2,0,1,0,울산,남구,차대사람,횡단중,횡단중,운전자법규위반,안전운전 의무 불이행,단일로,횡단보도상,승용차,대형,보행자,보행자,1161835,1729312,129.2853618,35.54659285
2016,주간,목,1,1,0,0,0,광주,광산구,차대차,추돌,진행중 추돌,운전자법규위반,안전운전 의무 불이행,단일로,기타단일로,특수차,중형,화물차,소형,929932,1685131,126.7306622,35.15899396
2016,주간,목,1,1,0,0,0,대전,대덕구,차대사람,기타,기타,운전자법규위반,안전운전 의무 불이행,단일로,기타단일로,자전거,자전거,보행자,보행자,993790,1819179,127.4307729,36.37003303
2016,주간,일,1,2,0,0,1,경기,용인시,차대사람,보도통행중,보도통행중,운전자법규위반,안전운전 의무 불이행,단일로,기타단일로,승용차,중형,보행자,보행자,966268,1924843,127.1192763,37.32196594
2016,야간,일,1,1,0,0,0,제주,제주시,차대차,기타,기타,운전자법규위반,안전거리 미확보,단일로,기타단일로,승합차,대형,이륜차,소형,904615,1499135,126.4733493,33.47979007
2016,주간,월,1,1,0,0,0,울산,남구,차량단독,전도전복,전도전복,운전자법규위반,안전운전 의무 불이행,단일로,기타단일로,이륜차,소형,,,1167167,1728666,129.3440243,35.53988601
2016,주간,수,1,3,2,0,0,전남,보성군,차대차,정면충돌,정면충돌,운전자법규위반,중앙선 침범,단일로,기타단일로,화물차,소형,승용차,대형,986902,1648262,127.3567605,34.82888806
2016,야간,월,1,1,0,0,0,경남,남해군,차량단독,전도전복,전도전복,운전자법규위반,안전운전 의무 불이행,교차로,교차로내,이륜차,사발이,,,1035926,1641852,127.8926085,34.77053566
2016,야간,목,1,1,0,0,0,전남,영광군,차대사람,차도통행중,차도통행중,운전자법규위반,안전운전 의무 불이행,단일로,기타단일로,승합차,대형,보행자,보행자,903644,1694567,126.4409573,35.24188866
2016,야간,목,1,1,0,0,0,서울,양천구,차대사람,횡단중,횡단중,운전자법규위반,안전운전 의무 불이행,단일로,기타단일로,승용차,소형,보행자,보행자,940772,1948483,126.8296268,37.53376132
2016,주간,월,1,1,0,0,0,전북,익산시,차대차,측면직각충돌,측면직각충돌,운전자법규위반,안전운전 의무 불이행,단일로,기타단일로,화물차,중형,자전거,자전거,959197,1776606,127.0447482,35.98377551
2016,야간,월,1,1,0,0,0,경북,문경시,차량단독,전도전복,전도전복,운전자법규위반,안전운전 의무 불이행,단일로,기타단일로,원동기장치자전거,원동기장치자전거,,,1045956,1853526,128.0143396,36.67858573
2016,야간,화,1,1,0,0,0,경북,청도군,차량단독,공작물충돌,공작물충돌,운전자법규위반,안전운전 의무 불이행,교차로,교차로부근,승용차,소형,,,1125377,1747284,128.886072,35.71387407
2016,야간,목,1,1,0,0,0,충북,제천시,차량단독,전도전복,전도전복,운전자법규위반,안전운전 의무 불이행,교차로,교차로내,이륜차,사발이,,,1061961,1904286,128.1655804,36.90925308
2016,야간,토,1,1,0,0,0,경기,수원시,차대차,기타,기타,운전자법규위반,신호위반,교차로,교차로내,승용차,소형,승용차,소형,953022,1921466,126.9699911,37.29095163
2016,주간,수,1,4,0,3,0,경기,동두천시,차대사람,기타,기타,운전자법규위반,안전운전 의무 불이행,교차로,교차로내,화물차,중형,보행자,보행자,961213,1988168,127.0588652,37.89253183
2016,야간,토,1,3,1,1,0,전남,순천시,차대차,기타,기타,운전자법규위반,교차로 통행방법 위반,교차로,교차로내,승용차,경형,이륜차,중형,1002292,1660917,127.5251,34.94308766
2016,주간,수,1,1,0,0,0,경기,양평군,차대차,기타,기타,운전자법규위반,안전운전 의무 불이행,단일로,기타단일로,승용차,경형,이륜차,소형,994496,1946049,127.4377192,37.51370848
2016,야간,목,1,1,0,0,0,서울,관악구,차대차,측면직각충돌,측면직각충돌,운전자법규위반,차로위반(진로변경 위반),단일로,기타단일로,승용차,중형,자전거,자전거,947710,1942121,126.9086031,37.47683914
2016,야간,목,1,1,0,0,0,부산,서구,차대사람,기타,기타,운전자법규위반,안전운전 의무 불이행,단일로,기타단일로,승용차,중형,보행자,보행자,1138377,1680432,129.0184148,35.10959181
2016,야간,화,1,1,0,0,0,울산,남구,차대차,추돌,진행중 추돌,운전자법규위반,안전운전 의무 불이행,단일로,기타단일로,승용차,중형,원동기장치자전거,원동기장치자전거,1164620,1729720,129.3161552,35.54981104
2016,야간,토,1,1,0,0,0,충남,천안시,차대사람,횡단중,횡단중,운전자법규위반,과속,교차로,교차로부근,승용차,소형,보행자,보행자,970064,1866822,127.1644314,36.79908422
2016,야간,목,1,1,0,0,0,경기,의정부시,차대차,추돌,진행중 추돌,운전자법규위반,안전운전 의무 불이행,단일로,교량위,이륜차,소형,건설기계,건설기계,963347,1972071,127.0839503,37.74753902
2016,야간,수,1,1,0,0,0,충남,태안군,차량단독,전도전복,전도전복,운전자법규위반,안전운전 의무 불이행,단일로,기타단일로,화물차,소형,,,895197,1857956,126.3265279,36.71384804
2016,야간,목,1,1,0,0,0,충남,공주시,차대사람,횡단중,횡단중,운전자법규위반,보행자 보호의무 위반,단일로,횡단보도상,화물차,소형,보행자,보행자,949788,1832830,126.93938,36.49180377
2016,주간,월,1,1,0,0,0,충북,충주시,차량단독,전도전복,전도전복,운전자법규위반,안전운전 의무 불이행,단일로,기타단일로,원동기장치자전거,원동기장치자전거,,,1032217,1885645,127.8619371,36.96868788
2016,야간,화,1,1,0,0,0,부산,사상구,차대사람,횡단중,횡단중,운전자법규위반,안전운전 의무 불이행,교차로,교차로부근,화물차,소형,보행자,보행자,1135553,1687084,128.988512,35.16990062
2016,주간,화,1,1,0,0,0,부산,진구,차대사람,횡단중,횡단중,운전자법규위반,보행자 보호의무 위반,단일로,횡단보도상,화물차,소형,보행자,보행자,1142090,1685067,129.0599246,35.15081647
2016,주간,토,1,1,0,0,0,충북,괴산군,차량단독,전도전복,전도전복,운전자법규위반,안전운전 의무 불이행,단일로,기타단일로,이륜차,소형,,,1019134,1852105,127.7141155,36.66669381
2016,주간,일,1,1,0,0,0,서울,성동구,차량단독,전도전복,전도전복,운전자법규위반,안전운전 의무 불이행,단일로,횡단보도부근,이륜차,중형,,,959625,1950969,127.0428704,37.55718693
2016,주간,토,1,1,0,0,0,경북,봉화군,차대차,측면직각충돌,측면직각충돌,운전자법규위반,안전운전 의무 불이행,단일로,기타단일로,화물차,소형,이륜차,소형,1123028,1879454,128.8809624,36.90540395
2016,야간,금,1,1,0,0,0,충남,아산시,차대차,기타,기타,운전자법규위반,신호위반,교차로,교차로내,승용차,중형,원동기장치자전거,원동기장치자전거,961072,1881073,127.0629065,36.927221
2016,야간,수,1,1,0,0,0,경남,김해시,차대사람,기타,기타,운전자법규위반,안전운전 의무 불이행,단일로,기타단일로,승용차,중형,보행자,보행자,1123987,1697501,128.8631081,35.26529927
2016,야간,목,1,1,0,0,0,전북,군산시,차대사람,횡단중,횡단중,운전자법규위반,보행자 보호의무 위반,교차로,교차로부근,화물차,소형,보행자,보행자,931271,1775334,126.737699,35.97233898
2016,주간,금,1,6,3,2,0,충남,서산시,차대차,정면충돌,정면충돌,운전자법규위반,신호위반,교차로,교차로내,승용차,경형,승합차,소형,907230,1871980,126.459532,36.84150214
2016,야간,금,1,1,0,0,0,전북,익산시,차대차,추돌,진행중 추돌,운전자법규위반,과속,단일로,기타단일로,승용차,중형,원동기장치자전거,원동기장치자전거,947699,1769377,126.9202912,35.91965247
2016,주간,목,1,1,0,0,0,충북,충주시,차대차,측면직각충돌,측면직각충돌,운전자법규위반,안전운전 의무 불이행,단일로,기타단일로,화물차,소형,화물차,소형,1025941,1886475,127.7920633,36.97610629
2016,야간,월,1,2,0,1,0,전남,장성군,차대차,추돌,진행중 추돌,운전자법규위반,기타(운전자법규위반),단일로,기타단일로,승용차,소형,농기계,농기계,937664,1704914,126.814052,35.33787522
2016,주간,금,1,1,0,0,0,전북,남원시,차량단독,전도전복,전도전복,운전자법규위반,안전운전 의무 불이행,단일로,기타단일로,농기계,농기계,,,996087,1712795,127.4569021,35.41087572
2016,주간,금,1,2,0,1,0,경기,고양시,차대차,추돌,진행중 추돌,운전자법규위반,안전운전 의무 불이행,단일로,기타단일로,화물차,소형,화물차,소형,938984,1955494,126.808807,37.59683422
2016,주간,목,1,1,0,0,0,경북,포항시,차대사람,횡단중,횡단중,운전자법규위반,보행자 보호의무 위반,교차로,교차로부근,건설기계,건설기계,보행자,보행자,1167550,1781554,129.3593146,36.01642395
2016,주간,월,1,1,0,0,0,전남,담양군,차량단독,전도전복,전도전복,운전자법규위반,안전운전 의무 불이행,단일로,기타단일로,승용차,중형,,,957407,1689908,127.0320756,35.20360761
2016,야간,월,1,1,0,0,0,전북,전주시,차대차,측면직각충돌,측면직각충돌,운전자법규위반,안전운전 의무 불이행,단일로,기타단일로,자전거,자전거,승합차,대형,967276,1759613,127.1376804,35.83247235
2016,야간,일,1,1,0,0,0,부산,북구,차대사람,횡단중,횡단중,운전자법규위반,안전운전 의무 불이행,단일로,횡단보도상,승용차,중형,보행자,보행자,1137713,1694035,129.0134875,35.23235291
2016,야간,화,1,2,0,1,0,경기,남양주시,차대차,추돌,진행중 추돌,운전자법규위반,안전운전 의무 불이행,단일로,기타단일로,승용차,중형,건설기계,건설기계,975135,1972854,127.2177277,37.75499269
2016,주간,화,1,2,1,0,0,경북,영천시,차대차,정면충돌,정면충돌,운전자법규위반,중앙선 침범,단일로,기타단일로,원동기장치자전거,원동기장치자전거,화물차,소형,1134114,1777451,128.9877045,35.98462224
2016,주간,월,1,1,0,0,0,경북,군위군,차량단독,기타,기타,운전자법규위반,안전운전 의무 불이행,단일로,기타단일로,이륜차,소형,,,1095885,1803222,128.566852,36.2214368
2016,야간,월,1,1,0,0,0,경기,의정부시,차대사람,횡단중,횡단중,운전자법규위반,보행자 보호의무 위반,단일로,기타단일로,승용차,경형,보행자,보행자,960496,1971228,127.0516352,37.73982237
2016,야간,일,1,4,1,2,0,경기,용인시,차대사람,길가장자리구역통행중,길가장자리구역통행중,운전자법규위반,과속,단일로,기타단일로,승용차,대형,보행자,보행자,961820,1918879,127.0693807,37.2680359
2016,주간,목,1,1,0,0,0,대구,북구,차대사람,횡단중,횡단중,운전자법규위반,안전운전 의무 불이행,단일로,기타단일로,승용차,경형,보행자,보행자,1099004,1765099,128.5972046,35.87739052
2016,주간,목,1,3,1,1,0,경남,창원시(통합),차대사람,횡단중,횡단중,운전자법규위반,중앙선 침범,교차로,교차로부근,승용차,중형,보행자,보행자,1110194,1691218,128.7106584,35.21027087
2016,야간,화,1,1,0,0,0,인천,남동구,차대차,측면직각충돌,측면직각충돌,운전자법규위반,안전운전 의무 불이행,단일로,기타단일로,승용차,중형,화물차,소형,929843,1932624,126.7074469,37.39005944
2016,주간,화,1,1,0,0,0,인천,옹진군,차대차,기타,기타,운전자법규위반,안전운전 의무 불이행,단일로,기타단일로,화물차,소형,농기계,농기계,752398,1997371,124.6823224,37.9425497
2016,주간,월,1,1,0,0,0,경북,의성군,차량단독,전도전복,전도전복,운전자법규위반,안전운전 의무 불이행,단일로,교량위,화물차,소형,,,1076851,1823023,128.3570482,36.40163287
2016,주간,토,1,1,0,0,0,충북,보은군,차량단독,전도전복,전도전복,운전자법규위반,안전운전 의무 불이행,단일로,기타단일로,이륜차,소형,,,1024578,1828827,127.7742922,36.45671773
2016,야간,금,1,1,0,0,0,서울,관악구,차대사람,기타,기타,운전자법규위반,안전운전 의무 불이행,교차로,교차로부근,승용차,대형,보행자,보행자,952786,1942059,126.966014,37.47655371
2016,야간,금,1,1,0,0,0,경남,김해시,차량단독,전도전복,전도전복,운전자법규위반,안전운전 의무 불이행,단일로,기타단일로,자전거,자전거,,,1128277,1693526,128.9096393,35.2289268
2016,야간,화,1,2,0,1,0,광주,서구,차대차,추돌,진행중 추돌,운전자법규위반,안전운전 의무 불이행,단일로,기타단일로,화물차,대형,화물차,소형,939585,1685363,126.8366271,35.16171247
2016,주간,화,1,1,0,0,0,전남,강진군,차대차,측면직각충돌,측면직각충돌,운전자법규위반,교차로 통행방법 위반,교차로,교차로내,원동기장치자전거,원동기장치자전거,화물차,소형,937573,1619767,126.8194268,34.57011048
2016,야간,화,1,1,0,0,0,경기,수원시,차대사람,횡단중,횡단중,운전자법규위반,안전운전 의무 불이행,단일로,기타단일로,승용차,경형,보행자,보행자,956869,1916562,127.0136761,37.24693486
2016,주간,월,1,1,0,0,0,인천,남구,차대사람,횡단중,횡단중,운전자법규위반,신호위반,교차로,교차로부근,화물차,대형,보행자,보행자,924808,1938541,126.6499703,37.4429933
2016,주간,월,1,1,0,0,0,전북,남원시,차대차,측면직각충돌,측면직각충돌,운전자법규위반,안전운전 의무 불이행,단일로,기타단일로,이륜차,소형,승용차,소형,995254,1714209,127.4477191,35.42362187
2016,야간,일,1,1,0,0,0,경북,구미시,차량단독,전도전복,전도전복,운전자법규위반,안전운전 의무 불이행,교차로,교차로내,승용차,경형,,,1080865,1793616,128.3987646,36.13621614
2016,야간,월,1,1,0,0,0,서울,동작구,차대사람,횡단중,횡단중,운전자법규위반,안전운전 의무 불이행,단일로,횡단보도상,승용차,중형,보행자,보행자,949382,1944133,126.9273741,37.49506691
2016,주간,금,1,1,0,0,0,경남,창원시(통합),차대사람,횡단중,횡단중,운전자법규위반,안전운전 의무 불이행,단일로,기타단일로,승용차,경형,보행자,보행자,1108717,1690927,128.6943959,35.20780861
2016,주간,목,1,1,0,0,0,서울,노원구,차대사람,기타,기타,운전자법규위반,안전운전 의무 불이행,단일로,기타단일로,승합차,대형,보행자,보행자,960939,1963224,127.0570926,37.66770066
2016,야간,월,1,1,0,0,0,인천,남동구,차대사람,횡단중,횡단중,운전자법규위반,안전운전 의무 불이행,교차로,교차로부근,승용차,대형,보행자,보행자,929609,1939272,126.7041698,37.44995958
2016,주간,일,1,1,0,0,0,전북,군산시,차량단독,전도전복,전도전복,운전자법규위반,안전운전 의무 불이행,단일로,기타단일로,승용차,중형,,,915522,1773013,126.5622456,35.95073244
2016,주간,월,1,1,0,0,0,제주,제주시,차대차,추돌,진행중 추돌,운전자법규위반,안전운전 의무 불이행,단일로,기타단일로,승용차,경형,이륜차,소형,922237,1505183,126.6636167,33.53698809
2016,주간,금,1,2,1,0,0,경남,합천군,차대차,정면충돌,정면충돌,운전자법규위반,중앙선 침범,단일로,기타단일로,이륜차,소형,승합차,대형,1056465,1741857,128.1239177,35.6713083
2016,야간,토,1,3,0,2,0,경기,남양주시,차대차,정면충돌,정면충돌,운전자법규위반,신호위반,교차로,교차로내,이륜차,소형,승합차,대형,970814,1967333,127.1619453,37.69835606
2016,주간,목,1,1,0,0,0,경남,산청군,차대차,측면직각충돌,측면직각충돌,운전자법규위반,교차로 통행방법 위반,교차로,교차로내,승용차,중형,이륜차,소형,1038945,1697237,127.9281959,35.26984024
2016,주간,목,1,3,0,2,0,경북,영덕군,차대차,정면충돌,정면충돌,운전자법규위반,중앙선 침범,단일로,기타단일로,화물차,소형,화물차,중형,1151870,1832676,129.1953085,36.47968778
2016,야간,화,1,2,1,0,0,충남,서산시,차량단독,공작물충돌,공작물충돌,운전자법규위반,안전운전 의무 불이행,단일로,기타단일로,승용차,중형,,,910151,1860123,126.4936866,36.73491297
2016,주간,토,1,2,0,1,0,서울,서초구,차대차,정면충돌,정면충돌,운전자법규위반,중앙선 침범,교차로,교차로부근,이륜차,소형,승용차,중형,955001,1941803,126.9910801,37.47435685
2016,야간,화,1,2,1,0,0,경기,파주시,차량단독,도로이탈,도로이탈 기타,운전자법규위반,안전운전 의무 불이행,단일로,기타단일로,원동기장치자전거,원동기장치자전거,,,931450,1970475,126.7220603,37.73132111
2016,주간,화,1,1,0,0,0,경기,안산시,차대사람,횡단중,횡단중,운전자법규위반,안전운전 의무 불이행,단일로,기타단일로,승용차,중형,보행자,보행자,938787,1925343,126.8090806,37.32506815
2016,주간,화,1,1,0,0,0,전북,고창군,차대사람,횡단중,횡단중,운전자법규위반,과속,단일로,기타단일로,승용차,소형,보행자,보행자,925337,1715712,126.6774288,35.43438354
2016,야간,화,1,1,0,0,0,경기,이천시,차대사람,횡단중,횡단중,운전자법규위반,안전운전 의무 불이행,단일로,기타단일로,화물차,경형,보행자,보행자,1011673,1902462,127.6314007,37.12076122
2016,주간,화,1,1,0,0,0,충남,논산시,차대차,측면직각충돌,측면직각충돌,운전자법규위반,안전거리 미확보,단일로,기타단일로,승용차,경형,승용차,경형,961355,1798922,127.0702053,36.18665407
2016,주간,화,1,1,0,0,0,경북,영천시,차대차,추돌,진행중 추돌,운전자법규위반,안전운전 의무 불이행,교차로,교차로부근,화물차,대형,자전거,자전거,1127877,1775260,128.9181846,35.96571218
2016,주간,일,1,6,4,1,0,전남,영암군,차대차,측면직각충돌,측면직각충돌,운전자법규위반,신호위반,교차로,교차로내,승용차,대형,승용차,대형,900944,1640893,126.4176779,34.75771032
2016,주간,금,1,1,0,0,0,경북,봉화군,차량단독,전도전복,전도전복,운전자법규위반,안전운전 의무 불이행,단일로,기타단일로,이륜차,소형,,,1130462,1868566,128.9625124,36.80628545
2016,주간,금,1,1,0,0,0,경기,연천군,차대사람,횡단중,횡단중,운전자법규위반,안전운전 의무 불이행,단일로,기타단일로,화물차,소형,보행자,보행자,962791,2011631,127.0755949,38.10406165
2016,주간,월,1,1,0,0,0,울산,남구,차대사람,횡단중,횡단중,운전자법규위반,신호위반,교차로,교차로내,승용차,소형,보행자,보행자,1167495,1728656,129.3476387,35.53974052
2016,야간,토,1,1,0,0,0,인천,부평구,차대차,정면충돌,정면충돌,운전자법규위반,신호위반,교차로,교차로내,승용차,대형,원동기장치자전거,원동기장치자전거,932088,1946092,126.7315654,37.51161284
2016,주간,토,1,2,0,1,0,경기,광주시,차대사람,기타,기타,운전자법규위반,안전운전 의무 불이행,단일로,기타단일로,승용차,중형,보행자,보행자,972077,1942228,127.1841829,37.47886158
2016,야간,금,1,1,0,0,0,광주,북구,차대사람,횡단중,횡단중,운전자법규위반,안전운전 의무 불이행,단일로,기타단일로,승용차,중형,보행자,보행자,945709,1684726,126.9039087,35.15631835
2016,주간,토,1,1,0,0,0,경북,예천군,차량단독,전도전복,전도전복,운전자법규위반,안전운전 의무 불이행,단일로,기타단일로,화물차,소형,,,1072224,1834393,128.3065128,36.50448534
2016,야간,일,1,1,0,0,0,서울,종로구,차대차,추돌,진행중 추돌,운전자법규위반,안전거리 미확보,교차로,교차로내,이륜차,대형,승용차,중형,955980,1954148,127.0014117,37.58567295
2016,야간,화,1,1,0,0,0,대구,북구,차대사람,횡단중,횡단중,운전자법규위반,안전운전 의무 불이행,단일로,기타단일로,승용차,소형,보행자,보행자,1097093,1767992,128.5650806,35.90047296
2016,야간,금,1,1,0,0,0,서울,영등포구,차대차,측면직각충돌,측면직각충돌,운전자법규위반,안전운전 의무 불이행,교차로,교차로내,승용차,경형,이륜차,중형,946882,1944829,126.8990434,37.50119961
2016,야간,수,1,1,0,0,0,경기,양평군,차대차,정면충돌,정면충돌,운전자법규위반,안전운전 의무 불이행,단일로,기타단일로,승용차,중형,원동기장치자전거,원동기장치자전거,1005981,1935267,127.5675908,37.41651965
2016,야간,수,1,1,0,0,0,경남,김해시,차대사람,기타,기타,운전자법규위반,안전운전 의무 불이행,교차로,교차로내,승용차,중형,보행자,보행자,1126263,1699135,128.8883752,35.27974431
2016,야간,수,1,1,0,0,0,서울,금천구,차대사람,횡단중,횡단중,운전자법규위반,안전운전 의무 불이행,단일로,기타단일로,승용차,중형,보행자,보행자,944894,1942279,126.8767442,37.47809953
2016,주간,목,1,1,0,0,0,경남,창원시(통합),차대차,측면직각충돌,측면직각충돌,운전자법규위반,안전운전 의무 불이행,교차로,교차로내,화물차,소형,승용차,경형,1093537,1697295,128.5283744,35.26675037
2016,야간,수,1,1,0,0,0,경남,사천시,차대사람,횡단중,횡단중,운전자법규위반,안전운전 의무 불이행,교차로,교차로내,승합차,대형,보행자,보행자,1053799,1676491,128.0901538,35.08209159
2016,주간,수,1,1,0,0,0,전남,순천시,차대사람,횡단중,횡단중,운전자법규위반,보행자 보호의무 위반,교차로,교차로내,화물차,소형,보행자,보행자,999934,1660493,127.4992773,34.93926682
2016,주간,월,1,2,1,0,0,전남,영암군,차대차,추돌,진행중 추돌,운전자법규위반,안전운전 의무 불이행,단일로,기타단일로,승용차,소형,이륜차,소형,923130,1643874,126.6597914,34.78650273
2016,주간,월,1,1,0,0,0,대전,대덕구,차대차,측면직각충돌,측면직각충돌,운전자법규위반,신호위반,교차로,교차로내,자전거,자전거,승용차,경형,993848,1818225,127.431427,36.36143272
2016,주간,금,1,1,0,0,0,전남,보성군,차량단독,기타,기타,운전자법규위반,기타(운전자법규위반),교차로,교차로내,화물차,소형,,,986349,1650189,127.3506815,34.84625781
2016,야간,수,1,1,0,0,0,서울,강북구,차대차,추돌,진행중 추돌,운전자법규위반,안전운전 의무 불이행,단일로,기타단일로,원동기장치자전거,원동기장치자전거,승합차,대형,959255,1957255,127.0383315,37.61382788
2016,주간,수,1,1,0,0,0,강원,강릉시,차대차,측면직각충돌,측면직각충돌,운전자법규위반,신호위반,교차로,교차로내,화물차,소형,원동기장치자전거,원동기장치자전거,1122571,1974863,128.891608,37.76522091
2016,주간,월,1,1,0,0,0,경남,의령군,차대차,측면직각충돌,측면직각충돌,운전자법규위반,신호위반,교차로,교차로내,이륜차,소형,승합차,대형,1068870,1702572,128.257646,35.31633002
2016,주간,금,1,1,0,0,0,광주,서구,차대사람,차도통행중,차도통행중,운전자법규위반,안전운전 의무 불이행,교차로,교차로내,승용차,중형,보행자,보행자,937889,1679433,126.8184515,35.10814063
2016,주간,금,1,2,0,1,0,경기,양주시,차대차,정면충돌,정면충돌,운전자법규위반,중앙선 침범,단일로,기타단일로,승용차,경형,화물차,대형,949826,1966694,126.9308499,37.69843511
2016,주간,금,1,1,0,0,0,경기,시흥시,차대차,정면충돌,정면충돌,운전자법규위반,직진 및 우회전차의 통행방해,교차로,교차로내,화물차,소형,이륜차,소형,938493,1935275,126.804937,37.41456785
2016,주간,금,1,4,0,0,3,강원,원주시,차대차,정면충돌,정면충돌,운전자법규위반,안전거리 미확보,단일로,기타단일로,화물차,소형,승용차,중형,1040202,1933955,127.9542417,37.40384031
2016,주간,금,1,1,0,0,0,경북,영덕군,차량단독,도로이탈,도로이탈 추락,운전자법규위반,안전운전 의무 불이행,단일로,기타단일로,승용차,중형,,,1169630,1841810,129.3954756,36.55900651
2016,야간,수,1,1,0,0,0,경기,광주시,차대사람,기타,기타,운전자법규위반,안전운전 의무 불이행,단일로,기타단일로,승용차,중형,보행자,보행자,975868,1937421,127.2272172,37.43563989
2016,주간,목,1,1,0,0,0,경남,거창군,차대차,추돌,진행중 추돌,운전자법규위반,안전운전 의무 불이행,단일로,기타단일로,화물차,소형,이륜차,소형,1045921,1746260,128.0076664,35.71155331
2016,주간,일,1,1,0,0,0,대구,수성구,차대사람,횡단중,횡단중,운전자법규위반,보행자 보호의무 위반,교차로,교차로내,승용차,대형,보행자,보행자,1103489,1763055,128.6461825,35.85858463
2016,야간,월,1,1,0,0,0,전북,남원시,차대사람,횡단중,횡단중,운전자법규위반,보행자 보호의무 위반,단일로,기타단일로,화물차,소형,보행자,보행자,988746,1711629,127.3760642,35.4003062
2016,주간,화,1,1,0,0,0,충북,청주시,차대차,측면직각충돌,측면직각충돌,운전자법규위반,안전운전 의무 불이행,교차로,교차로부근,화물차,대형,자전거,자전거,988432,1847509,127.3706195,36.62538324
2016,주간,월,1,1,0,0,0,대전,대덕구,차대차,측면직각충돌,측면직각충돌,운전자법규위반,안전운전 의무 불이행,단일로,기타단일로,원동기장치자전거,원동기장치자전거,화물차,소형,993013,1820219,127.4221018,36.37940368
2016,야간,일,1,2,0,1,0,경기,고양시,차대차,측면직각충돌,측면직각충돌,운전자법규위반,부당한 회전,단일로,기타단일로,승용차,중형,이륜차,중형,937151,1959935,126.7876624,37.6367366
2016,야간,화,1,1,0,0,0,경남,진주시,차대사람,차도통행중,차도통행중,운전자법규위반,안전운전 의무 불이행,단일로,기타단일로,승용차,중형,보행자,보행자,1049476,1690457,128.0435709,35.20824198
2016,야간,금,1,1,0,0,0,강원,강릉시,차대사람,횡단중,횡단중,운전자법규위반,안전운전 의무 불이행,단일로,기타단일로,화물차,소형,보행자,보행자,1109556,1984027,128.7452625,37.84945048
2016,주간,금,1,1,0,0,0,전남,담양군,차대사람,횡단중,횡단중,운전자법규위반,안전운전 의무 불이행,교차로,교차로부근,승합차,중형,보행자,보행자,947983,1702262,126.9277657,35.31455442
2016,야간,일,1,1,0,0,0,대전,중구,차대사람,횡단중,횡단중,운전자법규위반,과속,단일로,기타단일로,승용차,중형,보행자,보행자,990390,1813327,127.392943,36.31724687
2016,야간,금,1,1,0,0,0,울산,북구,차대차,측면직각충돌,측면직각충돌,운전자법규위반,중앙선 침범,단일로,기타단일로,승용차,중형,이륜차,소형,1172142,1726777,129.3984759,35.52201143
2016,야간,월,1,1,0,0,0,부산,동래구,차대차,측면직각충돌,측면직각충돌,운전자법규위반,안전운전 의무 불이행,교차로,교차로내,승용차,중형,이륜차,중형,1145594,1690876,129.0994054,35.2026755
2016,주간,월,1,1,0,0,0,전남,함평군,차대사람,횡단중,횡단중,운전자법규위반,신호위반,교차로,교차로부근,화물차,소형,보행자,보행자,911150,1675023,126.5255476,35.06637564
2016,야간,월,1,1,0,0,0,경기,포천시,차량단독,전도전복,전도전복,운전자법규위반,안전운전 의무 불이행,교차로,교차로부근,이륜차,소형,,,974486,1978985,127.2101445,37.81023425
2016,주간,월,1,1,0,0,0,경북,영주시,차량단독,전도전복,전도전복,운전자법규위반,안전운전 의무 불이행,단일로,기타단일로,원동기장치자전거,원동기장치자전거,,,1099806,1866287,128.6186206,36.78947443
2016,주간,월,1,1,0,0,0,경북,구미시,차대차,측면직각충돌,측면직각충돌,운전자법규위반,교차로 통행방법 위반,교차로,교차로내,이륜차,소형,승용차,경형,1076342,1792090,128.3483513,36.12282627
2016,야간,월,1,1,0,0,0,부산,사하구,차량단독,도로이탈,도로이탈 기타,운전자법규위반,안전운전 의무 불이행,단일로,기타단일로,자전거,자전거,,,1132752,1677236,128.9561818,35.08150151
2016,야간,월,1,2,1,0,0,광주,서구,차대차,측면직각충돌,측면직각충돌,운전자법규위반,중앙선 침범,단일로,기타단일로,이륜차,소형,이륜차,소형,941451,1683450,126.8572508,35.14457408
2016,주간,일,1,1,0,0,0,경북,칠곡군,차량단독,전도전복,전도전복,운전자법규위반,안전운전 의무 불이행,단일로,기타단일로,이륜차,소형,,,1079657,1780766,128.3840422,36.02047661
2016,주간,일,1,1,0,0,0,인천,부평구,차대차,측면직각충돌,측면직각충돌,운전자법규위반,직진 및 우회전차의 통행방해,교차로,교차로내,승용차,소형,원동기장치자전거,원동기장치자전거,932120,1944224,126.7320999,37.49477919
2016,주간,일,1,1,0,0,0,서울,노원구,차대차,측면직각충돌,측면직각충돌,운전자법규위반,안전운전 의무 불이행,단일로,기타단일로,승용차,경형,자전거,자전거,962599,1957701,127.0761975,37.61798993
2016,야간,월,1,1,0,0,0,울산,남구,차대사람,차도통행중,차도통행중,운전자법규위반,안전운전 의무 불이행,단일로,기타단일로,승용차,경형,보행자,보행자,1164086,1725653,129.3094431,35.51324725
2016,주간,목,1,2,1,0,0,경기,고양시,차대차,기타,기타,운전자법규위반,안전운전 의무 불이행,교차로,교차로부근,이륜차,소형,승용차,소형,945471,1954824,126.8823379,37.59120298
2016,야간,일,1,1,0,0,0,대구,달서구,차대사람,횡단중,횡단중,운전자법규위반,과속,교차로,교차로부근,승용차,대형,보행자,보행자,1093047,1761909,128.530341,35.84941018
2016,주간,월,1,1,0,0,0,충남,청양군,차량단독,전도전복,전도전복,운전자법규위반,안전운전 의무 불이행,단일로,기타단일로,이륜차,사발이,,,936880,1828366,126.7956345,36.45079866
2016,야간,수,1,1,0,0,0,전남,신안군,차대사람,기타,기타,운전자법규위반,안전운전 의무 불이행,단일로,기타단일로,화물차,소형,보행자,보행자,856781,1642685,125.9349667,34.76862019
2016,주간,수,1,1,0,0,0,광주,광산구,차대사람,보도통행중,보도통행중,운전자법규위반,보행자 보호의무 위반,교차로,교차로내,화물차,대형,보행자,보행자,939570,1691075,126.8360436,35.21321413
2016,주간,토,1,1,0,0,0,경북,울진군,차대차,측면직각충돌,측면직각충돌,운전자법규위반,안전운전 의무 불이행,단일로,기타단일로,승용차,소형,원동기장치자전거,원동기장치자전거,1172069,1851647,129.4249173,36.64720095
2016,주간,금,1,1,0,0,0,부산,북구,차량단독,기타,기타,운전자법규위반,안전운전 의무 불이행,단일로,기타단일로,자전거,자전거,,,1138105,1691904,129.0169965,35.21295243
2016,주간,토,1,1,0,0,0,경기,안산시,차대차,측면직각충돌,측면직각충돌,운전자법규위반,안전운전 의무 불이행,단일로,기타단일로,화물차,소형,자전거,자전거,939127,1926269,126.8128419,37.33343679
2016,주간,토,1,1,0,0,0,충북,괴산군,차대차,정면충돌,정면충돌,운전자법규위반,중앙선 침범,단일로,기타단일로,이륜차,소형,승용차,중형,1043319,1863121,127.9853713,36.76520394
2016,주간,수,1,1,0,0,0,인천,연수구,차량단독,공작물충돌,공작물충돌,운전자법규위반,안전운전 의무 불이행,단일로,기타단일로,이륜차,소형,,,923450,1930851,126.6354168,37.37357365
2016,주간,수,1,1,0,0,0,충남,부여군,차대차,기타,기타,운전자법규위반,안전운전 의무 불이행,교차로,교차로부근,건설기계,건설기계,화물차,소형,955708,1806823,127.0069567,36.25764181
2016,주간,수,1,1,0,0,0,경북,의성군,차대차,기타,기타,운전자법규위반,중앙선 침범,단일로,기타단일로,원동기장치자전거,원동기장치자전거,화물차,소형,1105416,1825175,128.6758472,36.4183192
2016,야간,목,1,1,0,0,0,전남,장흥군,차량단독,전도전복,전도전복,운전자법규위반,안전운전 의무 불이행,단일로,기타단일로,승용차,경형,,,943274,1643408,126.8799885,34.78362135
2016,야간,수,1,1,0,0,0,경기,고양시,차량단독,전도전복,전도전복,운전자법규위반,안전운전 의무 불이행,단일로,기타단일로,원동기장치자전거,원동기장치자전거,,,942171,1966327,126.8440492,37.69467635
2016,주간,목,1,1,0,0,0,경기,광주시,차대차,측면직각충돌,측면직각충돌,운전자법규위반,안전거리 미확보,교차로,교차로부근,자전거,자전거,승용차,대형,979021,1934991,127.2629267,37.41381347
2016,주간,목,1,1,0,0,0,경기,안성시,차대차,추돌,진행중 추돌,운전자법규위반,안전운전 의무 불이행,단일로,기타단일로,화물차,소형,화물차,대형,998911,1900583,127.4877441,37.10389561
2016,주간,월,1,1,0,0,0,전북,순창군,차대사람,차도통행중,차도통행중,운전자법규위반,안전운전 의무 불이행,단일로,기타단일로,승용차,경형,보행자,보행자,955819,1723306,127.0128253,35.50467493
2016,주간,토,1,1,0,0,0,서울,용산구,차량단독,전도전복,전도전복,운전자법규위반,안전운전 의무 불이행,교차로,교차로부근,승용차,경형,,,953255,1949299,126.9716678,37.54252047
2016,주간,일,1,1,0,0,0,전남,장흥군,차량단독,공작물충돌,공작물충돌,운전자법규위반,안전운전 의무 불이행,교차로,교차로부근,화물차,소형,,,943805,1634790,126.8863669,34.70593967
2016,야간,목,1,1,0,0,0,경기,남양주시,차대사람,횡단중,횡단중,운전자법규위반,과속,교차로,교차로내,승용차,중형,보행자,보행자,973872,1959315,127.2038758,37.63292711
2016,야간,금,1,2,1,0,0,충남,예산군,차대차,기타,기타,운전자법규위반,차로위반(진로변경 위반),단일로,기타단일로,승용차,중형,승용차,소형,932088,1855034,126.7398114,36.6908642
2016,야간,목,1,1,0,0,0,경북,경주시,차대차,측면직각충돌,측면직각충돌,운전자법규위반,안전운전 의무 불이행,단일로,기타단일로,승용차,소형,승용차,중형,1159950,1778107,129.2743178,35.98663863
2016,주간,화,1,1,0,0,0,부산,서구,차대사람,횡단중,횡단중,운전자법규위반,안전운전 의무 불이행,단일로,횡단보도상,화물차,소형,보행자,보행자,1138707,1677139,129.021467,35.07982527
2016,야간,일,1,1,0,0,0,경기,이천시,차량단독,전도전복,전도전복,운전자법규위반,안전운전 의무 불이행,단일로,기타단일로,이륜차,소형,,,1000850,1922153,127.5095907,37.2983305
2016,야간,토,1,1,0,0,0,서울,영등포구,차량단독,전도전복,전도전복,운전자법규위반,안전운전 의무 불이행,단일로,기타단일로,이륜차,중형,,,946497,1947402,126.8945006,37.52436819
2016,주간,수,1,1,0,0,0,서울,영등포구,차대차,측면직각충돌,측면직각충돌,운전자법규위반,안전운전 의무 불이행,단일로,기타단일로,승합차,경형,이륜차,소형,947075,1945467,126.9011809,37.5069611
2016,주간,목,1,1,0,0,0,대구,동구,차대사람,횡단중,횡단중,운전자법규위반,보행자 보호의무 위반,단일로,기타단일로,승용차,경형,보행자,보행자,1102691,1767251,128.6378721,35.89648032
2016,주간,월,1,3,1,1,0,세종,세종,차대차,측면직각충돌,측면직각충돌,운전자법규위반,교차로 통행방법 위반,교차로,교차로내,화물차,소형,건설기계,건설기계,981658,1836904,127.2951098,36.52967266
2016,주간,화,1,1,0,0,0,충북,제천시,차대사람,횡단중,횡단중,운전자법규위반,보행자 보호의무 위반,기타/불명,기타/불명,승용차,경형,보행자,보행자,1062851,1903512,128.2075656,37.12818736
2016,주간,화,1,6,0,5,0,서울,금천구,차대차,측면직각충돌,측면직각충돌,운전자법규위반,안전운전 의무 불이행,단일로,기타단일로,승용차,중형,승합차,대형,948790,1939228,126.9210184,37.45082429
2016,주간,토,1,2,1,0,0,전남,고흥군,차대차,측면직각충돌,측면직각충돌,운전자법규위반,안전운전 의무 불이행,단일로,기타단일로,화물차,소형,화물차,소형,978743,1633647,127.2679035,34.69695632
2016,주간,수,1,1,0,0,0,전남,무안군,차대차,측면직각충돌,측면직각충돌,운전자법규위반,신호위반,교차로,교차로내,이륜차,소형,승용차,중형,904904,1647156,126.4602314,34.8145561
2016,주간,금,1,2,0,0,1,충북,충주시,차대차,추돌,진행중 추돌,운전자법규위반,중앙선 침범,단일로,기타단일로,화물차,중형,건설기계,건설기계,1017069,1894014,127.69195,37.04452593
2016,주간,금,1,3,0,2,0,전남,순천시,차대차,측면직각충돌,측면직각충돌,운전자법규위반,신호위반,교차로,교차로내,승용차,경형,승용차,경형,992888,1677145,127.4219767,35.08939981
2016,야간,월,2,2,0,0,0,전남,완도군,차량단독,전도전복,전도전복,운전자법규위반,안전운전 의무 불이행,단일로,기타단일로,농기계,농기계,,,925705,1589820,126.6926548,34.29927713
2016,야간,토,1,4,1,2,0,강원,춘천시,차대차,정면충돌,정면충돌,운전자법규위반,중앙선 침범,단일로,기타단일로,승용차,중형,승용차,중형,1018891,1982988,127.714719,37.84647479
2016,주간,금,1,1,0,0,0,경기,오산시,차량단독,공작물충돌,공작물충돌,운전자법규위반,안전운전 의무 불이행,단일로,기타단일로,승용차,소형,,,959212,1908721,127.0405225,37.17636308
2016,야간,금,1,1,0,0,0,경기,남양주시,차대사람,횡단중,횡단중,운전자법규위반,안전운전 의무 불이행,단일로,교량위,승용차,중형,보행자,보행자,969057,1956148,127.1494395,37.60423235
2016,주간,목,1,2,1,0,0,충남,서산시,차대차,측면직각충돌,측면직각충돌,운전자법규위반,신호위반,교차로,교차로내,이륜차,소형,승합차,대형,913891,1854462,126.5362069,36.68423382
2016,주간,금,1,1,0,0,0,강원,동해시,차대사람,횡단중,횡단중,운전자법규위반,안전운전 의무 불이행,교차로,교차로내,승용차,중형,보행자,보행자,1142252,1950100,129.1101545,37.53925985
2016,야간,금,1,1,0,0,0,경북,경주시,차대사람,횡단중,횡단중,운전자법규위반,안전운전 의무 불이행,단일로,기타단일로,승용차,경형,보행자,보행자,1156953,1767972,129.2390834,35.89579041
2016,야간,금,1,1,0,0,0,경기,성남시,차량단독,공작물충돌,공작물충돌,운전자법규위반,안전운전 의무 불이행,단일로,기타단일로,이륜차,소형,,,966002,1926513,127.1161975,37.33700916
2016,야간,목,1,1,0,0,0,전남,순천시,차대사람,횡단중,횡단중,운전자법규위반,안전운전 의무 불이행,단일로,기타단일로,승용차,경형,보행자,보행자,999227,1660552,127.4915351,34.93979856
2016,야간,수,1,1,0,0,0,서울,서대문구,차대사람,횡단중,횡단중,운전자법규위반,안전운전 의무 불이행,단일로,기타단일로,화물차,소형,보행자,보행자,952283,1952495,126.9596473,37.57058993
2016,야간,목,1,1,0,0,0,대전,서구,차대차,기타,기타,운전자법규위반,안전운전 의무 불이행,단일로,기타단일로,이륜차,소형,화물차,소형,988421,1813553,127.3710047,36.31926271
2016,주간,화,1,1,0,0,0,경남,진주시,차대사람,횡단중,횡단중,운전자법규위반,안전운전 의무 불이행,단일로,기타단일로,화물차,소형,보행자,보행자,1054244,1687243,128.0957408,35.17901593
2016,야간,금,1,1,0,0,0,전북,고창군,차대사람,횡단중,횡단중,운전자법규위반,안전운전 의무 불이행,단일로,기타단일로,승용차,중형,보행자,보행자,930851,1727304,126.7371852,35.53929456
2016,주간,토,1,2,1,0,0,강원,철원군,차대차,정면충돌,정면충돌,운전자법규위반,중앙선 침범,단일로,기타단일로,화물차,소형,승용차,중형,994142,2024537,127.4330767,38.22112628
2016,주간,금,1,1,0,0,0,경기,화성시,차량단독,전도전복,전도전복,운전자법규위반,안전운전 의무 불이행,단일로,기타단일로,이륜차,소형,,,960263,1914382,127.0520603,37.22743578
2016,주간,목,1,2,1,0,0,경기,포천시,차대차,정면충돌,정면충돌,운전자법규위반,중앙선 침범,단일로,기타단일로,승용차,경형,화물차,대형,972712,1984661,127.1897769,37.86134083
2016,주간,금,1,4,2,1,0,충북,옥천군,차대차,정면충돌,정면충돌,운전자법규위반,중앙선 침범,단일로,기타단일로,화물차,소형,화물차,소형,1021683,1808299,127.7338469,36.2744905
2016,주간,월,2,3,1,0,0,경남,산청군,차대차,정면충돌,정면충돌,운전자법규위반,중앙선 침범,단일로,기타단일로,승용차,중형,특수차,대형,1046565,1704853,128.012407,35.33818536
2016,야간,화,1,3,1,1,0,경북,김천시,차대사람,횡단중,횡단중,운전자법규위반,보행자 보호의무 위반,단일로,기타단일로,승용차,소형,보행자,보행자,1052902,1793547,128.0879871,36.13752297
2016,야간,토,1,5,2,2,0,경기,양평군,차량단독,전도전복,전도전복,운전자법규위반,안전운전 의무 불이행,단일로,기타단일로,화물차,소형,,,1005756,1942291,127.5651029,37.47983358
2016,주간,목,1,1,0,0,0,충북,청주시,차대차,기타,기타,운전자법규위반,안전운전 의무 불이행,교차로,교차로내,화물차,소형,자전거,자전거,996944,1852150,127.4658021,36.66728704
2016,야간,수,1,1,0,0,0,경기,수원시,차대사람,횡단중,횡단중,운전자법규위반,안전운전 의무 불이행,단일로,기타단일로,승용차,중형,보행자,보행자,957065,1921866,127.0155798,37.29475255
2016,야간,일,1,1,0,0,0,경기,고양시,차대사람,기타,기타,운전자법규위반,안전운전 의무 불이행,단일로,기타단일로,승용차,중형,보행자,보행자,935092,1965503,126.7638317,37.68677596
2016,야간,수,1,1,0,0,0,부산,영도구,차대사람,횡단중,횡단중,운전자법규위반,보행자 보호의무 위반,단일로,기타단일로,승용차,중형,보행자,보행자,1140026,1678142,129.0360087,35.08873026
2016,주간,수,1,1,0,0,0,서울,성동구,차량단독,기타,기타,운전자법규위반,안전운전 의무 불이행,단일로,기타단일로,자전거,자전거,,,962110,1951074,127.0709996,37.55823891
2016,야간,월,1,1,0,0,0,강원,홍천군,차대사람,차도통행중,차도통행중,운전자법규위반,안전운전 의무 불이행,단일로,기타단일로,화물차,중형,보행자,보행자,1035892,1966199,127.907122,37.69464427
2016,야간,수,1,1,0,0,0,경남,양산시,차대차,측면직각충돌,측면직각충돌,운전자법규위반,신호위반,교차로,교차로내,승용차,대형,이륜차,소형,1151219,1714100,129.165461,35.4111656
2016,야간,토,1,1,0,0,0,경북,안동시,차량단독,전도전복,전도전복,운전자법규위반,안전운전 의무 불이행,단일로,기타단일로,이륜차,소형,,,1113220,1849945,128.7665123,36.64068096
2016,주간,토,1,1,0,0,0,울산,중구,차대사람,횡단중,횡단중,운전자법규위반,안전운전 의무 불이행,교차로,교차로내,승용차,대형,보행자,보행자,1162375,1729696,129.2913935,35.5499652
2016,주간,목,1,1,0,0,0,경기,광명시,차대사람,길가장자리구역통행중,길가장자리구역통행중,운전자법규위반,안전운전 의무 불이행,단일로,기타단일로,화물차,소형,보행자,보행자,945014,1937663,126.8784457,37.43650175
2016,주간,금,1,1,0,0,0,경기,포천시,차대차,추돌,진행중 추돌,운전자법규위반,과속,단일로,기타단일로,화물차,소형,이륜차,소형,977741,1978293,127.2471443,37.80408236
2016,야간,수,1,2,0,1,0,충북,청주시,차대차,측면직각충돌,측면직각충돌,운전자법규위반,신호위반,교차로,교차로내,이륜차,소형,승용차,중형,995016,1846457,127.444264,36.61595666
2016,주간,수,1,2,0,1,0,전남,해남군,차대차,정면충돌,정면충돌,운전자법규위반,안전운전 의무 불이행,교차로,교차로내,승용차,경형,원동기장치자전거,원동기장치자전거,891605,1628154,126.3172906,34.64190638
2016,주간,일,1,1,0,0,0,부산,영도구,차대사람,횡단중,횡단중,운전자법규위반,과속,단일로,기타단일로,승용차,중형,보행자,보행자,1142267,1679151,129.0608493,35.09746521
2016,주간,월,1,1,0,0,0,경기,여주시,차대차,측면직각충돌,측면직각충돌,운전자법규위반,과속,교차로,교차로내,화물차,중형,자전거,자전거,1007182,1922242,127.5810369,37.29910539
2016,야간,토,1,1,0,0,0,경기,파주시,차량단독,전도전복,전도전복,운전자법규위반,안전운전 의무 불이행,단일로,기타단일로,원동기장치자전거,원동기장치자전거,,,938803,1973369,126.8052561,37.75792478
2016,야간,화,1,2,0,1,0,광주,북구,차대차,측면직각충돌,측면직각충돌,운전자법규위반,교차로 통행방법 위반,교차로,교차로내,승용차,중형,승용차,소형,943138,1689343,126.8753634,35.19780602
2016,야간,수,1,1,0,0,0,전북,군산시,차량단독,전도전복,전도전복,운전자법규위반,안전운전 의무 불이행,단일로,기타단일로,원동기장치자전거,원동기장치자전거,,,933560,1768758,126.7636355,35.91321308
2016,야간,목,1,1,0,0,0,전북,임실군,차대차,정면충돌,정면충돌,운전자법규위반,중앙선 침범,단일로,기타단일로,자전거,자전거,화물차,소형,985451,1726313,127.3395149,35.53266489
2016,주간,화,1,1,0,0,0,강원,영월군,차량단독,도로이탈,도로이탈 기타,운전자법규위반,안전운전 의무 불이행,단일로,기타단일로,농기계,농기계,,,1068378,1919141,128.2756971,37.28806952
2016,야간,수,1,1,0,0,0,충남,공주시,차량단독,공작물충돌,공작물충돌,운전자법규위반,안전운전 의무 불이행,단일로,기타단일로,승용차,대형,,,978499,1819281,127.2603116,36.37073222
2016,야간,월,1,1,0,0,0,서울,강동구,차대사람,기타,기타,운전자법규위반,안전운전 의무 불이행,단일로,기타단일로,화물차,소형,보행자,보행자,967866,1948418,127.152648,37.53887043
2016,주간,월,1,1,0,0,0,경기,의정부시,차대사람,기타,기타,운전자법규위반,안전운전 의무 불이행,교차로,교차로내,승용차,중형,보행자,보행자,960078,1969668,127.0469768,37.72574391
2016,야간,일,1,1,0,0,0,대구,중구,차대사람,횡단중,횡단중,운전자법규위반,안전운전 의무 불이행,교차로,교차로내,승용차,경형,보행자,보행자,1097763,1762822,128.5823455,35.8636602
2016,야간,토,1,1,0,0,0,경남,창원시(통합),차대사람,횡단중,횡단중,운전자법규위반,안전운전 의무 불이행,교차로,교차로내,화물차,소형,보행자,보행자,1106994,1691690,128.6755693,35.21487246
2016,야간,월,1,1,0,0,0,경기,안양시,차대차,추돌,진행중 추돌,운전자법규위반,중앙선 침범,단일로,교량위,승용차,대형,자전거,자전거,947753,1932396,126.9097781,37.38918734
2016,야간,일,1,1,0,0,0,제주,서귀포시,차대사람,횡단중,횡단중,운전자법규위반,과속,교차로,교차로부근,승용차,중형,보행자,보행자,910105,1473591,126.5348978,33.25001463
2016,야간,일,1,1,0,0,0,경북,경산시,차대사람,기타,기타,운전자법규위반,안전운전 의무 불이행,단일로,기타단일로,승용차,경형,보행자,보행자,1119074,1764325,128.8189441,35.86806784
2016,야간,토,1,1,0,0,0,대구,서구,차대사람,횡단중,횡단중,운전자법규위반,안전운전 의무 불이행,단일로,기타단일로,승용차,중형,보행자,보행자,1095645,1765247,128.5595839,35.87914194
2016,주간,일,1,1,0,0,0,경북,김천시,차대차,측면직각충돌,측면직각충돌,운전자법규위반,안전운전 의무 불이행,단일로,기타단일로,이륜차,소형,화물차,경형,1065954,1799248,128.2335245,36.18811728
2016,야간,금,1,1,0,0,0,경북,영천시,차대차,측면직각충돌,측면직각충돌,운전자법규위반,신호위반,교차로,교차로내,원동기장치자전거,원동기장치자전거,승용차,중형,1130351,1774454,128.9454816,35.95812025
2016,야간,금,1,1,0,0,0,전남,영암군,차대사람,횡단중,횡단중,운전자법규위반,신호위반,교차로,교차로부근,승용차,대형,보행자,보행자,901705,1642775,126.4257717,34.77475242
2016,야간,토,1,2,0,1,0,부산,수영구,차대사람,차도통행중,차도통행중,운전자법규위반,과속,단일로,기타단일로,승용차,대형,보행자,보행자,1146374,1683804,129.1067162,35.13881765
2016,주간,목,1,1,0,0,0,인천,남동구,차대사람,보도통행중,보도통행중,운전자법규위반,교차로 통행방법 위반,교차로,교차로내,승용차,소형,보행자,보행자,931093,1939380,126.7209362,37.45104475
2016,주간,수,1,1,0,0,0,경기,화성시,차대사람,차도통행중,차도통행중,운전자법규위반,안전운전 의무 불이행,단일로,기타단일로,특수차,중형,보행자,보행자,953130,1901054,126.9724913,37.10696857
2016,주간,수,1,2,1,0,0,부산,진구,차대차,측면직각충돌,측면직각충돌,운전자법규위반,신호위반,교차로,교차로내,화물차,소형,이륜차,소형,1141605,1685809,129.0547291,35.1575732
2016,주간,월,1,1,0,0,0,충남,천안시,차대사람,기타,기타,운전자법규위반,안전운전 의무 불이행,기타/불명,기타/불명,승용차,소형,보행자,보행자,968769,1869006,127.1498256,36.81873016
2016,야간,목,1,1,0,0,0,세종,세종,차대차,추돌,진행중 추돌,운전자법규위반,안전운전 의무 불이행,단일로,기타단일로,승용차,경형,자전거,자전거,975996,1828919,127.2321108,36.45756167
2016,주간,월,1,2,1,0,0,경기,포천시,차대차,정면충돌,정면충돌,운전자법규위반,중앙선 침범,단일로,기타단일로,화물차,중형,승용차,중형,978581,2002677,127.2559615,38.02387424
2016,야간,토,1,1,0,0,0,경기,부천시,차대사람,길가장자리구역통행중,길가장자리구역통행중,운전자법규위반,안전운전 의무 불이행,단일로,기타단일로,승합차,대형,보행자,보행자,935910,1945800,126.7748341,37.50925449
2016,야간,토,1,2,1,0,0,경남,고성군,차대차,추돌,진행중 추돌,운전자법규위반,안전운전 의무 불이행,단일로,기타단일로,승용차,중형,농기계,농기계,1067176,1679580,128.2371352,35.10914088
2016,야간,금,1,1,0,0,0,충북,청주시,차대사람,횡단중,횡단중,운전자법규위반,안전운전 의무 불이행,교차로,교차로부근,승용차,중형,보행자,보행자,993057,1849277,127.422331,36.64136666
2016,주간,일,1,4,3,0,0,경북,상주시,차량단독,공작물충돌,공작물충돌,운전자법규위반,안전운전 의무 불이행,교차로,교차로내,승용차,대형,,,1052109,1809620,128.0802423,36.28246666
2016,주간,금,1,1,0,0,0,경남,거창군,차대차,정면충돌,정면충돌,운전자법규위반,과속,교차로,교차로내,승용차,대형,이륜차,소형,1038316,1744518,127.9235107,35.69617246
2016,주간,수,1,5,3,1,0,경기,양평군,차대차,정면충돌,정면충돌,운전자법규위반,직진 및 우회전차의 통행방해,교차로,교차로내,승용차,소형,승용차,중형,996290,1953340,127.4579824,37.57943554
2016,야간,수,1,1,0,0,0,전남,여수시,차대사람,횡단중,횡단중,운전자법규위반,안전운전 의무 불이행,단일로,횡단보도상,화물차,소형,보행자,보행자,1020049,1637671,127.7190026,34.73326835
2016,야간,금,1,1,0,0,0,대구,서구,차량단독,전도전복,전도전복,운전자법규위반,안전운전 의무 불이행,단일로,기타단일로,이륜차,소형,,,1096957,1764464,128.5747989,35.87213594
2016,야간,목,1,3,1,1,0,서울,강남구,차대사람,횡단중,횡단중,운전자법규위반,안전운전 의무 불이행,단일로,기타단일로,이륜차,중형,보행자,보행자,957882,1945422,127.0234548,37.50711207
2016,주간,목,1,1,0,0,0,제주,제주시,차대차,정면충돌,정면충돌,운전자법규위반,교차로 통행방법 위반,교차로,교차로내,자전거,자전거,화물차,소형,910113,1501140,126.5322959,33.49829638
2016,야간,화,1,1,0,0,0,서울,영등포구,차대사람,기타,기타,운전자법규위반,안전운전 의무 불이행,단일로,기타단일로,화물차,중형,보행자,보행자,947793,1948254,126.9091063,37.53212167
2016,주간,화,1,1,0,0,0,경기,양주시,차대차,측면직각충돌,측면직각충돌,운전자법규위반,중앙선 침범,교차로,교차로부근,화물차,소형,화물차,경형,963663,1978514,127.0872144,37.80562244
2016,야간,화,1,1,0,0,0,대전,서구,차대차,측면직각충돌,측면직각충돌,운전자법규위반,안전운전 의무 불이행,교차로,교차로내,승용차,경형,자전거,자전거,990428,1816052,127.3933329,36.3418143
2016,주간,화,1,1,0,0,0,경남,창녕군,차량단독,도로이탈,도로이탈 추락,운전자법규위반,안전운전 의무 불이행,단일로,기타단일로,승용차,중형,,,1091248,1727911,128.506638,35.54297855
2016,야간,토,1,1,0,0,0,경기,오산시,차대차,측면직각충돌,측면직각충돌,운전자법규위반,신호위반,교차로,교차로내,승용차,소형,원동기장치자전거,원동기장치자전거,962065,1904215,127.0728893,37.13586653
2016,야간,토,1,1,0,0,0,충남,천안시,차대사람,횡단중,횡단중,운전자법규위반,안전운전 의무 불이행,단일로,기타단일로,승용차,중형,보행자,보행자,969504,1869669,127.15804,36.82473078
2016,주간,토,1,1,0,0,0,경북,상주시,차대차,측면직각충돌,측면직각충돌,운전자법규위반,과속,단일로,기타단일로,화물차,소형,이륜차,소형,1057373,1824424,128.1399459,36.4156238
2016,주간,목,1,1,0,0,0,충남,아산시,차량단독,기타,기타,운전자법규위반,안전운전 의무 불이행,기타/불명,기타/불명,원동기장치자전거,원동기장치자전거,,,945215,1875020,126.8853059,36.87187031
2016,주간,수,1,2,0,1,0,서울,영등포구,차대차,정면충돌,정면충돌,운전자법규위반,안전운전 의무 불이행,단일로,기타단일로,자전거,자전거,자전거,자전거,945653,1950331,126.8847326,37.55071817
2016,주간,수,1,1,0,0,0,광주,동구,차대차,정면충돌,정면충돌,운전자법규위반,신호위반,교차로,교차로내,승용차,소형,이륜차,소형,946478,1684659,126.912356,35.15575548
2016,주간,화,1,1,0,0,0,경기,안양시,차대차,추돌,진행중 추돌,운전자법규위반,안전운전 의무 불이행,단일로,기타단일로,화물차,소형,이륜차,소형,945286,1933970,126.8817939,37.4032319
2016,주간,화,1,1,0,0,0,전남,신안군,차량단독,전도전복,전도전복,운전자법규위반,안전운전 의무 불이행,기타/불명,기타/불명,이륜차,사발이,,,873464,1646550,126.1166392,34.80567043
2016,주간,월,1,1,0,0,0,전남,장흥군,차대차,측면직각충돌,측면직각충돌,운전자법규위반,직진 및 우회전차의 통행방해,교차로,교차로내,원동기장치자전거,원동기장치자전거,화물차,소형,948019,1632462,126.9325238,34.68517008
2016,주간,금,1,1,0,0,0,충남,태안군,차량단독,전도전복,전도전복,운전자법규위반,안전운전 의무 불이행,교차로,교차로부근,화물차,소형,,,893685,1861844,126.3090603,36.74872206
2016,주간,목,1,1,0,0,0,인천,연수구,차대차,기타,기타,운전자법규위반,신호위반,교차로,교차로내,건설기계,건설기계,승용차,중형,924472,1934710,126.6465643,37.40843798
2016,주간,금,1,4,0,3,0,광주,광산구,차대차,측면직각충돌,측면직각충돌,운전자법규위반,안전운전 의무 불이행,고가도로위,고가도로위,화물차,소형,승용차,경형,936315,1685171,126.8007387,35.15977938
2016,주간,화,1,3,0,2,0,경기,남양주시,차대차,정면충돌,정면충돌,운전자법규위반,중앙선 침범,단일로,기타단일로,화물차,소형,승합차,대형,973956,1966670,127.2045652,37.69922226
2016,주간,토,1,1,0,0,0,충남,보령시,차량단독,전도전복,전도전복,운전자법규위반,안전운전 의무 불이행,단일로,기타단일로,이륜차,소형,,,912474,1815498,126.524765,36.33288834
2016,야간,금,1,1,0,0,0,서울,광진구,차대사람,횡단중,횡단중,운전자법규위반,안전운전 의무 불이행,단일로,기타단일로,승용차,중형,보행자,보행자,963173,1951476,127.0828996,37.56202936
2016,야간,수,1,3,1,1,0,대전,유성구,차대차,측면직각충돌,측면직각충돌,운전자법규위반,신호위반,교차로,교차로부근,승용차,경형,승용차,경형,985475,1818566,127.3380915,36.36441695
2016,야간,화,1,1,0,0,0,경기,용인시,차대사람,횡단중,횡단중,운전자법규위반,안전운전 의무 불이행,단일로,기타단일로,승용차,경형,보행자,보행자,962443,1923461,127.0761755,37.30936222
2016,주간,수,1,1,0,0,0,전남,장흥군,차량단독,전도전복,전도전복,운전자법규위반,안전운전 의무 불이행,기타/불명,기타/불명,원동기장치자전거,원동기장치자전거,,,951143,1627465,126.9669158,34.64026339
2016,주간,토,1,1,0,0,0,경기,양평군,차량단독,전도전복,전도전복,운전자법규위반,안전운전 의무 불이행,단일로,기타단일로,화물차,중형,,,996094,1946628,127.4557984,37.51893553
2016,주간,금,1,1,0,0,0,경북,영천시,차대차,정면충돌,정면충돌,운전자법규위반,신호위반,교차로,교차로내,승합차,대형,원동기장치자전거,원동기장치자전거,1118761,1778999,128.8176713,36.00056606
2016,주간,금,1,1,0,0,0,경북,영천시,차대사람,길가장자리구역통행중,길가장자리구역통행중,운전자법규위반,안전운전 의무 불이행,단일로,기타단일로,승용차,중형,보행자,보행자,1133652,1783824,128.9836574,36.04212485
2016,주간,목,1,1,0,0,0,경남,거제시,차대차,측면직각충돌,측면직각충돌,운전자법규위반,차로위반(진로변경 위반),단일로,기타단일로,이륜차,소형,승합차,중형,1106711,1658126,128.6681414,34.91230771
2016,야간,일,1,1,0,0,0,충남,부여군,차대차,추돌,진행중 추돌,운전자법규위반,안전운전 의무 불이행,교차로,교차로부근,승용차,소형,이륜차,소형,937389,1799022,126.8036711,36.18630194
2016,야간,월,1,1,0,0,0,전북,전주시,차대사람,횡단중,횡단중,운전자법규위반,안전운전 의무 불이행,교차로,교차로내,승용차,경형,보행자,보행자,967953,1759032,127.1451993,35.8272564
2016,야간,토,1,1,0,0,0,전북,부안군,차량단독,전도전복,전도전복,운전자법규위반,안전운전 의무 불이행,단일로,기타단일로,농기계,농기계,,,928021,1743221,126.7045494,35.68259531
2016,주간,토,1,1,0,0,0,경기,평택시,차대차,측면직각충돌,측면직각충돌,운전자법규위반,교차로 통행방법 위반,교차로,교차로내,특수차,대형,원동기장치자전거,원동기장치자전거,961107,1889328,127.0628743,37.00163484
2016,주간,토,1,1,0,0,0,강원,인제군,차량단독,전도전복,전도전복,운전자법규위반,안전운전 의무 불이행,단일로,기타단일로,승용차,경형,,,1058944,2017270,128.1727675,38.15372388
2016,주간,토,1,1,0,0,0,충남,아산시,차량단독,공작물충돌,공작물충돌,운전자법규위반,안전운전 의무 불이행,단일로,기타단일로,이륜차,중형,,,956553,1863484,127.0131739,36.76847033
2016,주간,목,1,1,0,0,0,강원,고성군,차대차,정면충돌,정면충돌,운전자법규위반,중앙선 침범,단일로,기타단일로,승용차,대형,이륜차,소형,1089705,2026692,128.5250101,38.23609142
2016,야간,수,1,1,0,0,0,서울,송파구,차대사람,횡단중,횡단중,운전자법규위반,안전운전 의무 불이행,단일로,기타단일로,승용차,중형,보행자,보행자,963663,1945206,127.0886825,37.50509029
2016,야간,화,1,2,1,0,0,경북,청도군,차대차,측면직각충돌,측면직각충돌,운전자법규위반,중앙선 침범,단일로,기타단일로,농기계,농기계,화물차,소형,1123511,1749937,128.8658564,35.73802345
2016,주간,화,1,1,0,0,0,경기,여주시,차대차,정면충돌,정면충돌,운전자법규위반,안전운전 의무 불이행,단일로,기타단일로,건설기계,건설기계,이륜차,소형,1000699,1927237,127.5078918,37.34415749
2016,야간,화,1,1,0,0,0,경기,수원시,차량단독,공작물충돌,공작물충돌,운전자법규위반,안전운전 의무 불이행,단일로,기타단일로,이륜차,대형,,,962612,1921232,127.0781948,37.28927744
2016,주간,토,1,5,0,3,1,경기,용인시,차대차,측면직각충돌,측면직각충돌,운전자법규위반,신호위반,교차로,교차로내,승용차,경형,승용차,경형,965050,1920519,127.1057329,37.28294543
2016,주간,토,1,2,0,1,0,대전,유성구,차대차,측면직각충돌,측면직각충돌,운전자법규위반,신호위반,교차로,교차로내,원동기장치자전거,원동기장치자전거,승용차,경형,989750,1827094,127.3856317,36.44135465
2016,주간,금,1,1,0,0,0,충남,논산시,차량단독,전도전복,전도전복,운전자법규위반,안전운전 의무 불이행,단일로,기타단일로,원동기장치자전거,원동기장치자전거,,,964908,1796971,127.1098067,36.16920024
2016,야간,수,1,1,0,0,0,경남,통영시,차대사람,횡단중,횡단중,운전자법규위반,안전운전 의무 불이행,단일로,기타단일로,승용차,소형,보행자,보행자,1085241,1651276,128.4324473,34.85257706
2016,주간,월,1,3,1,0,1,충북,청주시,차대차,기타,기타,운전자법규위반,신호위반,교차로,교차로내,승용차,경형,승용차,경형,996332,1846337,127.4589814,36.61488084
2016,주간,토,1,3,2,0,0,강원,원주시,차대차,정면충돌,정면충돌,운전자법규위반,중앙선 침범,단일로,기타단일로,화물차,소형,화물차,소형,1033983,1935303,127.8918605,37.41646733
2016,야간,일,1,1,0,0,0,경북,영덕군,차대사람,기타,기타,운전자법규위반,안전운전 의무 불이행,단일로,기타단일로,건설기계,건설기계,보행자,보행자,1171059,1833415,129.4095752,36.48311157
2016,주간,화,1,1,0,0,0,충남,부여군,차대차,측면직각충돌,측면직각충돌,운전자법규위반,중앙선 침범,단일로,기타단일로,원동기장치자전거,원동기장치자전거,승합차,소형,949493,1810622,126.9375306,36.29158499
2016,야간,월,1,1,0,0,0,전남,여수시,차대사람,횡단중,횡단중,운전자법규위반,안전운전 의무 불이행,단일로,기타단일로,승용차,경형,보행자,보행자,1021955,1638549,127.7398453,34.74114672
2016,주간,화,1,1,0,0,0,인천,연수구,차량단독,기타,기타,운전자법규위반,기타(운전자법규위반),단일로,기타단일로,승합차,대형,,,927008,1936281,126.675062,37.42280055
2016,주간,일,1,1,0,0,0,전남,영암군,차량단독,공작물충돌,공작물충돌,운전자법규위반,안전운전 의무 불이행,단일로,기타단일로,이륜차,소형,,,898660,1639277,126.3929206,34.74291591
2016,야간,일,1,1,0,0,0,경북,의성군,차대사람,기타,기타,운전자법규위반,안전운전 의무 불이행,단일로,기타단일로,승용차,경형,보행자,보행자,1093644,1817810,128.5436714,36.35315291
2016,주간,월,1,3,0,2,0,강원,양양군,차대차,정면충돌,정면충돌,운전자법규위반,중앙선 침범,교차로,교차로부근,승합차,중형,화물차,중형,1098679,2008864,128.6250625,38.07450459
2016,야간,토,1,2,0,1,0,충남,금산군,차대차,정면충돌,정면충돌,운전자법규위반,신호위반,교차로,교차로내,원동기장치자전거,원동기장치자전거,승용차,중형,999423,1790824,127.4935887,36.11441617
2016,야간,토,1,1,0,0,0,경기,평택시,차대사람,횡단중,횡단중,운전자법규위반,안전운전 의무 불이행,단일로,기타단일로,승용차,중형,보행자,보행자,961194,1901712,127.0632127,37.1132688
2016,주간,목,1,1,0,0,0,경기,양주시,차대사람,횡단중,횡단중,운전자법규위반,안전운전 의무 불이행,교차로,교차로내,화물차,소형,보행자,보행자,952435,1977517,126.9597352,37.79612071
2016,야간,금,1,1,0,0,0,경북,경주시,차대사람,횡단중,횡단중,운전자법규위반,안전운전 의무 불이행,단일로,기타단일로,화물차,소형,보행자,보행자,1159754,1778079,129.2721389,35.98641843
2016,야간,금,1,1,0,0,0,충북,청주시,차대사람,기타,기타,운전자법규위반,안전운전 의무 불이행,교차로,교차로부근,승용차,중형,보행자,보행자,998844,1851566,127.4870648,36.66202652
2016,주간,수,1,3,2,0,0,경북,의성군,차대차,정면충돌,정면충돌,운전자법규위반,중앙선 침범,단일로,기타단일로,승용차,경형,건설기계,건설기계,1085748,1819869,128.4559082,36.37244921
2016,주간,수,1,2,1,0,0,경기,화성시,차대사람,기타,기타,운전자법규위반,안전운전 의무 불이행,단일로,기타단일로,승합차,중형,보행자,보행자,945456,1915810,126.8850498,37.23955825
2016,야간,월,1,1,0,0,0,경기,포천시,차대사람,횡단중,횡단중,운전자법규위반,안전운전 의무 불이행,교차로,교차로내,승용차,중형,보행자,보행자,971118,1984684,127.1716548,37.861499
2016,주간,화,1,1,0,0,0,충남,공주시,차량단독,도로이탈,도로이탈 기타,운전자법규위반,안전운전 의무 불이행,단일로,기타단일로,화물차,소형,,,965959,1845409,127.1193701,36.60591411
2016,주간,목,1,1,0,0,0,전북,완주군,차량단독,전도전복,전도전복,운전자법규위반,안전운전 의무 불이행,단일로,기타단일로,화물차,대형,,,982816,1761734,127.3096921,35.8519911
2016,야간,목,1,1,0,0,0,인천,남동구,차대사람,횡단중,횡단중,운전자법규위반,안전운전 의무 불이행,단일로,기타단일로,승용차,중형,보행자,보행자,929974,1940912,126.7157417,37.46322641
2016,야간,토,1,1,0,0,0,경기,용인시,차대사람,차도통행중,차도통행중,운전자법규위반,안전운전 의무 불이행,단일로,기타단일로,승용차,중형,보행자,보행자,963085,1924495,127.0833688,37.31870812
2016,야간,금,1,1,0,0,0,서울,강남구,차대사람,횡단중,횡단중,운전자법규위반,보행자 보호의무 위반,단일로,횡단보도상,승용차,중형,보행자,보행자,959546,1946146,127.0425479,37.51360342
2016,주간,금,1,1,0,0,0,경북,영천시,차량단독,전도전복,전도전복,운전자법규위반,안전운전 의무 불이행,단일로,기타단일로,원동기장치자전거,원동기장치자전거,,,1136972,1766600,129.0175271,35.88642637
2016,야간,금,1,1,0,0,0,경남,양산시,차대사람,횡단중,횡단중,운전자법규위반,안전운전 의무 불이행,단일로,기타단일로,화물차,소형,보행자,보행자,1139999,1709241,129.0410967,35.3690092
2016,주간,월,1,1,0,0,0,경북,문경시,차량단독,도로이탈,도로이탈 추락,운전자법규위반,안전운전 의무 불이행,단일로,기타단일로,농기계,농기계,,,1063716,1858831,128.2135395,36.72538161
2016,야간,일,1,1,0,0,0,경기,안성시,차량단독,공작물충돌,공작물충돌,운전자법규위반,안전운전 의무 불이행,교차로,교차로부근,승용차,경형,,,978988,1890068,127.2638193,37.00887543
2016,주간,일,1,1,0,0,0,서울,강서구,차대사람,횡단중,횡단중,운전자법규위반,보행자 보호의무 위반,교차로,교차로부근,건설기계,건설기계,보행자,보행자,938529,1952826,126.803877,37.57275759
2016,주간,월,1,1,0,0,0,강원,영월군,차대사람,횡단중,횡단중,운전자법규위반,안전운전 의무 불이행,단일로,기타단일로,승합차,대형,보행자,보행자,1090081,1916250,128.5156152,37.24076573
2016,야간,일,1,1,0,0,0,전남,구례군,차량단독,공작물충돌,공작물충돌,운전자법규위반,안전운전 의무 불이행,단일로,기타단일로,농기계,농기계,,,994222,1693674,127.4364958,35.2384535
2016,주간,목,1,1,0,0,0,경북,경주시,차대사람,기타,기타,운전자법규위반,안전운전 의무 불이행,단일로,기타단일로,승용차,경형,보행자,보행자,1155383,1761956,129.2205217,35.84182445
2016,야간,월,1,1,0,0,0,충남,태안군,차량단독,도로이탈,도로이탈 추락,운전자법규위반,안전운전 의무 불이행,단일로,기타단일로,승용차,대형,,,897974,1832527,126.3609907,36.48495263
2016,주간,목,1,1,0,0,0,충남,공주시,차대사람,횡단중,횡단중,운전자법규위반,안전운전 의무 불이행,단일로,기타단일로,승용차,중형,보행자,보행자,957040,1827102,127.0206642,36.44051925
2016,야간,월,1,1,0,0,0,서울,중구,차대사람,횡단중,횡단중,운전자법규위반,안전운전 의무 불이행,단일로,기타단일로,승용차,중형,보행자,보행자,957663,1951912,127.0206026,37.56559834
2016,주간,월,1,1,0,0,0,대전,동구,차량단독,전도전복,전도전복,운전자법규위반,안전운전 의무 불이행,단일로,기타단일로,이륜차,사발이,,,998527,1813537,127.4835901,36.31918693
2016,주간,토,1,2,0,0,1,경기,용인시,차대차,정면충돌,정면충돌,운전자법규위반,안전운전 의무 불이행,교차로,교차로부근,화물차,소형,화물차,소형,974009,1913107,127.2070557,37.21642765
2016,야간,토,1,1,0,0,0,대구,남구,차대사람,횡단중,횡단중,운전자법규위반,안전운전 의무 불이행,단일로,기타단일로,승용차,중형,보행자,보행자,1096762,1760533,128.5713844,35.83653744
2016,주간,일,1,2,0,1,0,경남,양산시,차대차,정면충돌,정면충돌,운전자법규위반,중앙선 침범,단일로,기타단일로,이륜차,소형,승용차,경형,1128784,1709378,128.9176998,35.37175538
2016,야간,월,1,1,0,0,0,충북,청주시,차대사람,횡단중,횡단중,운전자법규위반,안전운전 의무 불이행,교차로,교차로부근,승합차,대형,보행자,보행자,1002361,1856517,127.526434,36.7066571
2016,야간,화,1,1,0,0,0,전북,남원시,차대사람,기타,기타,운전자법규위반,안전운전 의무 불이행,단일로,기타단일로,자전거,자전거,보행자,보행자,984736,1721232,127.3316432,35.48684317
2016,주간,화,1,1,0,0,0,서울,종로구,차대차,정면충돌,정면충돌,운전자법규위반,안전운전 의무 불이행,교차로,교차로내,승용차,중형,이륜차,소형,953223,1954095,126.9701894,37.58505923
2016,주간,수,1,1,0,0,0,강원,횡성군,차대사람,횡단중,횡단중,운전자법규위반,과속,단일로,기타단일로,화물차,소형,보행자,보행자,1060377,1952475,128.183706,37.56966646
2016,야간,월,1,1,0,0,0,경북,성주군,차대차,추돌,진행중 추돌,운전자법규위반,과속,기타/불명,기타/불명,승용차,중형,농기계,농기계,1080181,1765375,128.3883022,35.88168483
2016,주간,월,1,1,0,0,0,강원,인제군,차량단독,전도전복,전도전복,운전자법규위반,안전운전 의무 불이행,단일로,기타단일로,이륜차,소형,,,1077369,2025069,128.383893,38.22261211
2016,야간,일,1,2,1,0,0,경남,남해군,차대사람,차도통행중,차도통행중,운전자법규위반,안전운전 의무 불이행,단일로,기타단일로,승용차,대형,보행자,보행자,1032853,1643095,127.8590751,34.78184819
2016,야간,화,1,1,0,0,0,경북,경산시,차대사람,횡단중,횡단중,운전자법규위반,안전운전 의무 불이행,단일로,기타단일로,승용차,경형,보행자,보행자,1118445,1765229,128.8121127,35.8764864
2016,야간,일,1,1,0,0,0,서울,강동구,차대사람,횡단중,횡단중,운전자법규위반,안전운전 의무 불이행,단일로,기타단일로,승용차,중형,보행자,보행자,969571,1950717,127.1554882,37.55529783
2016,야간,일,1,1,0,0,0,전북,정읍시,차대사람,횡단중,횡단중,운전자법규위반,안전운전 의무 불이행,단일로,기타단일로,승용차,중형,보행자,보행자,941198,1730510,126.8510877,35.56886793
2016,주간,금,1,1,0,0,0,강원,춘천시,차량단독,공작물충돌,공작물충돌,운전자법규위반,안전운전 의무 불이행,단일로,기타단일로,승합차,중형,,,1018926,1983692,127.7151353,37.85281926
2016,주간,수,1,1,0,0,0,충북,영동군,차대차,정면충돌,정면충돌,운전자법규위반,중앙선 침범,단일로,기타단일로,자전거,자전거,화물차,소형,1038869,1798434,127.9322617,36.18224558
2016,주간,월,2,5,2,1,0,충남,서천군,차대차,측면직각충돌,측면직각충돌,운전자법규위반,안전운전 의무 불이행,교차로,교차로내,승용차,경형,승용차,경형,926414,1787730,126.6826792,36.08373441
2016,주간,일,3,25,13,8,1,부산,해운대구,차대차,추돌,진행중 추돌,운전자법규위반,신호위반,교차로,교차로내,승용차,중형,승용차,소형,1152447,1687587,129.174052,35.1720131
2016,주간,화,1,1,0,0,0,경남,진주시,차대사람,기타,기타,운전자법규위반,안전운전 의무 불이행,단일로,기타단일로,화물차,소형,보행자,보행자,1055684,1684236,128.111352,35.15182396
2016,주간,화,1,1,0,0,0,전남,강진군,차대차,측면직각충돌,측면직각충돌,운전자법규위반,안전운전 의무 불이행,교차로,교차로내,원동기장치자전거,원동기장치자전거,승합차,대형,935521,1620892,126.7969722,34.58012827
2016,주간,토,1,1,0,0,0,충북,충주시,차량단독,전도전복,전도전복,운전자법규위반,안전운전 의무 불이행,단일로,기타단일로,승용차,경형,,,1025238,1882663,127.7826173,36.94774804
2016,야간,토,1,1,0,0,0,인천,남구,차대사람,기타,기타,운전자법규위반,안전운전 의무 불이행,단일로,기타단일로,승용차,중형,보행자,보행자,924738,1940271,126.6487557,37.4591908
2016,주간,토,1,3,0,2,0,충남,천안시,차대차,측면직각충돌,측면직각충돌,운전자법규위반,안전운전 의무 불이행,단일로,기타단일로,승용차,경형,화물차,소형,967977,1876814,127.1406162,36.88908869
2016,주간,수,1,1,0,0,0,전북,남원시,차대사람,횡단중,횡단중,운전자법규위반,안전운전 의무 불이행,교차로,교차로내,승용차,중형,보행자,보행자,991584,1714912,127.407284,35.42993641
2016,주간,월,1,2,1,0,0,경북,영덕군,차대차,정면충돌,정면충돌,운전자법규위반,중앙선 침범,단일로,기타단일로,이륜차,대형,승용차,대형,1168959,1825729,129.3844675,36.41423065
2016,주간,월,1,1,0,0,0,전남,함평군,차대차,측면직각충돌,측면직각충돌,운전자법규위반,안전운전 의무 불이행,교차로,교차로내,화물차,대형,자전거,자전거,913570,1677387,126.5518388,35.08789998
2016,야간,월,1,1,0,0,0,강원,원주시,차대차,추돌,진행중 추돌,운전자법규위반,안전운전 의무 불이행,교차로,교차로내,승용차,중형,승용차,중형,1039340,1926282,127.9440944,37.33471601
2016,야간,일,1,1,0,0,0,대전,대덕구,차대사람,기타,기타,운전자법규위반,안전운전 의무 불이행,단일로,기타단일로,승용차,중형,보행자,보행자,992842,1816372,127.4202307,36.34472022
2016,주간,목,1,2,0,1,0,부산,진구,차대차,기타,기타,운전자법규위반,신호위반,교차로,교차로내,이륜차,소형,승용차,경형,1141993,1685841,129.0589932,35.1578069
2016,주간,목,1,1,0,0,0,경북,칠곡군,차량단독,전도전복,전도전복,운전자법규위반,안전운전 의무 불이행,단일로,기타단일로,승용차,중형,,,1078273,1782981,128.3689033,36.04055676
2016,야간,목,1,1,0,0,0,서울,관악구,차대사람,횡단중,횡단중,운전자법규위반,신호위반,교차로,교차로내,승용차,중형,보행자,보행자,951673,1942664,126.9536285,37.48184485
2016,주간,수,1,1,0,0,0,경남,양산시,차대사람,횡단중,횡단중,운전자법규위반,신호위반,교차로,교차로내,화물차,소형,보행자,보행자,1139955,1708212,129.0404363,35.35974035
2016,주간,목,1,1,0,0,0,경북,상주시,차대사람,횡단중,횡단중,운전자법규위반,안전운전 의무 불이행,단일로,기타단일로,승용차,중형,보행자,보행자,1042347,1827723,127.9725302,36.44614481
2016,주간,목,1,1,0,0,0,경기,부천시,차량단독,공작물충돌,공작물충돌,운전자법규위반,안전운전 의무 불이행,단일로,기타단일로,자전거,자전거,,,936611,1942516,126.7830483,37.47970433
2016,주간,월,2,2,0,0,0,제주,제주시,차대차,정면충돌,정면충돌,운전자법규위반,과속,교차로,교차로내,이륜차,소형,이륜차,소형,934816,1506617,126.7976986,33.54952098
2016,주간,월,1,2,1,0,0,경기,하남시,차대차,정면충돌,정면충돌,운전자법규위반,중앙선 침범,단일로,기타단일로,화물차,소형,화물차,소형,971264,1949440,127.1747058,37.54384204
2016,주간,토,1,2,0,1,0,제주,제주시,차대차,측면직각충돌,측면직각충돌,운전자법규위반,신호위반,교차로,교차로내,화물차,소형,화물차,소형,922428,1504555,126.6675573,33.53094199
2016,주간,토,1,1,0,0,0,강원,춘천시,차량단독,공작물충돌,공작물충돌,운전자법규위반,안전운전 의무 불이행,단일로,기타단일로,이륜차,대형,,,1002646,1981326,127.530069,37.83168685
2016,야간,금,1,2,1,0,0,경북,경산시,차대차,기타,기타,운전자법규위반,안전운전 의무 불이행,단일로,기타단일로,이륜차,소형,승용차,대형,1119244,1769186,128.8215546,35.91205661
2016,주간,수,1,1,0,0,0,충남,서천군,차대사람,횡단중,횡단중,운전자법규위반,안전운전 의무 불이행,단일로,기타단일로,화물차,소형,보행자,보행자,926753,1787272,126.6864867,36.0796312
2016,야간,일,1,1,0,0,0,경기,시흥시,차량단독,공작물충돌,공작물충돌,운전자법규위반,안전운전 의무 불이행,단일로,기타단일로,이륜차,소형,,,931045,1931002,126.7211758,37.37553057
2016,주간,월,1,2,0,1,0,충남,금산군,차대차,측면직각충돌,측면직각충돌,운전자법규위반,교차로 통행방법 위반,교차로,교차로부근,이륜차,소형,승용차,경형,999098,1789602,127.4885924,36.10318935
2016,주간,화,1,2,1,0,0,경남,거창군,차대차,측면직각충돌,측면직각충돌,운전자법규위반,신호위반,교차로,교차로내,승용차,중형,승용차,중형,1036703,1743154,127.9056202,35.68393579
2016,주간,토,1,1,0,0,0,경기,안성시,차량단독,전도전복,전도전복,운전자법규위반,안전운전 의무 불이행,기타/불명,기타/불명,승용차,중형,,,970721,1889763,127.170909,37.0059048
2016,주간,목,1,2,0,1,0,경북,구미시,차대사람,횡단중,횡단중,운전자법규위반,기타(운전자법규위반),단일로,기타단일로,승용차,중형,보행자,보행자,1077286,1788457,128.358484,36.09000087
2016,주간,화,1,2,0,1,0,서울,중랑구,차대사람,기타,기타,운전자법규위반,안전운전 의무 불이행,단일로,기타단일로,승합차,대형,보행자,보행자,964287,1955556,127.095429,37.5987236
2016,주간,월,1,1,0,0,0,대전,대덕구,차대차,측면직각충돌,측면직각충돌,운전자법규위반,안전운전 의무 불이행,단일로,기타단일로,화물차,대형,자전거,자전거,993701,1827474,127.4297134,36.44481455
2016,주간,수,1,2,1,0,0,전남,순천시,차량단독,도로이탈,도로이탈 추락,운전자법규위반,안전운전 의무 불이행,단일로,기타단일로,이륜차,대형,,,995367,1670283,127.4492113,35.02753719
2016,주간,수,1,1,0,0,0,경기,광주시,차대사람,횡단중,횡단중,운전자법규위반,보행자 보호의무 위반,단일로,횡단보도상,승용차,대형,보행자,보행자,978368,1934998,127.2555474,37.41386153
2016,야간,월,1,4,2,1,0,충남,천안시,차대사람,횡단중,횡단중,운전자법규위반,안전운전 의무 불이행,단일로,기타단일로,승용차,중형,보행자,보행자,966776,1867386,127.1275505,36.80405873
2016,야간,월,1,1,0,0,0,경기,안양시,차대사람,횡단중,횡단중,운전자법규위반,안전운전 의무 불이행,단일로,기타단일로,승용차,경형,보행자,보행자,951923,1930753,126.9569904,37.37460399
2016,주간,일,1,1,0,0,0,전남,보성군,차량단독,도로이탈,도로이탈 기타,운전자법규위반,안전운전 의무 불이행,단일로,기타단일로,승용차,중형,,,959248,1639400,127.0547433,34.74826294
2016,주간,일,1,3,0,1,1,울산,울주군,차대차,측면직각충돌,측면직각충돌,운전자법규위반,차로위반(진로변경 위반),교차로,교차로부근,승용차,경형,이륜차,소형,1159081,1730567,129.2552392,35.55834933
2016,야간,수,1,1,0,0,0,서울,관악구,차대사람,기타,기타,운전자법규위반,안전운전 의무 불이행,단일로,기타단일로,승용차,중형,보행자,보행자,951438,1942717,126.9507254,37.48241457
2016,야간,수,1,1,0,0,0,대구,동구,차대사람,횡단중,횡단중,운전자법규위반,안전운전 의무 불이행,단일로,기타단일로,승용차,경형,보행자,보행자,1105838,1765425,128.6628487,35.87720567
2016,주간,목,1,1,0,0,0,경북,청도군,차대차,측면직각충돌,측면직각충돌,운전자법규위반,중앙선 침범,교차로,교차로부근,이륜차,소형,화물차,소형,1111428,1740861,128.7310065,35.65765221
2016,야간,수,1,1,0,0,0,전북,전주시,차대사람,횡단중,횡단중,운전자법규위반,과속,단일로,횡단보도상,승용차,소형,보행자,보행자,963821,1760123,127.0994044,35.83694908
2016,주간,목,1,1,0,0,0,충남,서산시,차대차,정면충돌,정면충돌,운전자법규위반,과속,단일로,기타단일로,승용차,중형,이륜차,소형,905963,1864299,126.4462732,36.77214659
2016,주간,화,1,1,0,0,0,충남,당진시,차대사람,보도통행중,보도통행중,운전자법규위반,보행자 보호의무 위반,단일로,횡단보도상,승용차,경형,보행자,보행자,922977,1877982,126.635514,36.89701623
2016,주간,토,1,1,0,0,0,서울,금천구,차대사람,횡단중,횡단중,운전자법규위반,안전운전 의무 불이행,교차로,교차로내,화물차,경형,보행자,보행자,947151,1941236,126.9023447,37.46883064
2016,주간,토,1,1,0,0,0,경북,경주시,차대차,기타,기타,운전자법규위반,신호위반,교차로,교차로내,이륜차,소형,승용차,경형,1152228,1761931,129.185596,35.84209418
2016,주간,금,1,1,0,0,0,강원,횡성군,차대사람,기타,기타,운전자법규위반,안전운전 의무 불이행,기타/불명,기타/불명,화물차,소형,보행자,보행자,1047222,1951716,128.0346973,37.56359419
2016,야간,토,1,1,0,0,0,충남,천안시,차대사람,기타,기타,운전자법규위반,보행자 보호의무 위반,교차로,교차로내,승용차,소형,보행자,보행자,966754,1867323,127.1273066,36.80349004
2016,주간,금,1,1,0,0,0,전남,화순군,차량단독,공작물충돌,공작물충돌,운전자법규위반,안전운전 의무 불이행,지하도로내,지하도로내,이륜차,소형,,,961393,1670350,127.0767774,35.02741399
2016,야간,화,1,1,0,0,0,경기,성남시,차대차,측면직각충돌,측면직각충돌,운전자법규위반,신호위반,교차로,교차로내,자전거,자전거,승용차,경형,966377,1932546,127.1201568,37.39140232
2016,야간,수,1,1,0,0,0,충북,괴산군,차대차,측면직각충돌,측면직각충돌,운전자법규위반,직진 및 우회전차의 통행방해,교차로,교차로내,이륜차,소형,화물차,소형,1023746,1870553,127.7662989,36.83289326
2016,주간,화,1,1,0,0,0,전남,보성군,차대차,추돌,진행중 추돌,운전자법규위반,안전운전 의무 불이행,단일로,터널안,승용차,중형,이륜차,소형,959893,1650047,127.0613102,34.84427786
2016,야간,월,1,2,1,0,0,제주,서귀포시,차대사람,횡단중,횡단중,운전자법규위반,과속,단일로,횡단보도상,화물차,소형,보행자,보행자,888023,1473883,126.2979335,33.25046348
2016,주간,금,1,2,1,0,0,전북,정읍시,차대사람,기타,기타,운전자법규위반,안전운전 의무 불이행,단일로,기타단일로,승용차,대형,보행자,보행자,947573,1734553,126.9211736,35.60567818
2016,야간,화,1,1,0,0,0,전남,순천시,차대사람,횡단중,횡단중,운전자법규위반,보행자 보호의무 위반,단일로,횡단보도상,승용차,소형,보행자,보행자,1000360,1661086,127.5039425,34.94461415
2016,야간,토,1,1,0,0,0,경남,창원시(통합),차대차,측면직각충돌,측면직각충돌,운전자법규위반,교차로 통행방법 위반,교차로,교차로내,이륜차,소형,화물차,소형,1104529,1695334,128.6489538,35.24798407
2016,야간,토,1,1,0,0,0,강원,원주시,차대사람,횡단중,횡단중,운전자법규위반,과속,단일로,기타단일로,승용차,경형,보행자,보행자,1039512,1931243,127.9463007,37.37942523
2016,주간,금,1,6,5,0,0,충남,서천군,차대차,정면충돌,정면충돌,운전자법규위반,중앙선 침범,단일로,기타단일로,승용차,중형,승용차,중형,934171,1782439,126.7692708,36.03659202
2016,야간,금,1,1,0,0,0,전북,정읍시,차량단독,도로이탈,도로이탈 추락,운전자법규위반,안전운전 의무 불이행,단일로,기타단일로,승용차,대형,,,939058,1732219,126.8273443,35.58414677
2016,야간,수,1,1,0,0,0,경기,용인시,차대사람,횡단중,횡단중,운전자법규위반,안전운전 의무 불이행,교차로,교차로부근,승용차,경형,보행자,보행자,965041,1923424,127.1054946,37.30913008
2016,주간,화,1,1,0,0,0,제주,제주시,차량단독,공작물충돌,공작물충돌,운전자법규위반,안전운전 의무 불이행,단일로,기타단일로,승용차,대형,,,902604,1499165,126.4516723,33.47994862
2016,야간,일,1,3,2,0,0,충남,예산군,차량단독,전도전복,전도전복,운전자법규위반,안전운전 의무 불이행,단일로,기타단일로,승용차,소형,,,924236,1860318,126.6514029,36.73789995
2016,주간,일,1,1,0,0,0,충남,논산시,차대사람,횡단중,횡단중,운전자법규위반,안전운전 의무 불이행,교차로,교차로내,건설기계,건설기계,보행자,보행자,957990,1794292,127.0330298,36.14477259
2016,야간,금,1,6,4,1,0,경북,포항시,차대차,정면충돌,정면충돌,운전자법규위반,중앙선 침범,단일로,기타단일로,승용차,경형,승용차,대형,1168171,1780958,129.3660759,36.0109463
2016,주간,금,1,1,0,0,0,경기,여주시,차량단독,전도전복,전도전복,운전자법규위반,기타(운전자법규위반),교차로,교차로부근,화물차,소형,,,1005425,1913431,127.5611478,37.21969469
2016,주간,목,1,1,0,0,0,충남,공주시,차대차,추돌,진행중 추돌,운전자법규위반,안전운전 의무 불이행,단일로,기타단일로,승용차,중형,승합차,대형,964293,1828206,127.1015384,36.45076937
2016,야간,목,1,1,0,0,0,충북,음성군,차대사람,길가장자리구역통행중,길가장자리구역통행중,운전자법규위반,안전운전 의무 불이행,단일로,기타단일로,승용차,중형,보행자,보행자,997716,1883399,127.4743473,36.94899021
2016,야간,수,1,2,1,0,0,경남,창원시(통합),차량단독,공작물충돌,공작물충돌,운전자법규위반,안전운전 의무 불이행,교차로,교차로내,승용차,중형,,,1095833,1694577,128.5532965,35.24202898
2016,주간,화,1,2,1,0,0,서울,동작구,차대차,측면직각충돌,측면직각충돌,운전자법규위반,차로위반(진로변경 위반),단일로,기타단일로,승용차,경형,승용차,소형,949145,1945884,126.9244277,37.51032334
2016,야간,금,1,14,2,11,0,충남,서산시,차대차,정면충돌,정면충돌,운전자법규위반,중앙선 침범,기타/불명,기타/불명,승합차,경형,승합차,대형,911263,1865803,126.5054786,36.78621392
2016,야간,토,1,1,0,0,0,경기,남양주시,차량단독,전도전복,전도전복,운전자법규위반,안전운전 의무 불이행,단일로,기타단일로,이륜차,소형,,,972813,1961242,127.1918019,37.65026504
2016,야간,목,1,1,0,0,0,전북,완주군,차대차,추돌,진행중 추돌,운전자법규위반,과속,교차로,교차로내,승용차,대형,원동기장치자전거,원동기장치자전거,965490,1776516,127.1171728,35.98480653
2016,주간,토,1,1,0,0,0,전남,여수시,차량단독,기타,기타,운전자법규위반,안전운전 의무 불이행,교차로,교차로부근,농기계,농기계,,,1007320,1632692,127.5799161,34.68853904
2016,야간,일,1,1,0,0,0,경북,포항시,차대사람,기타,기타,운전자법규위반,안전운전 의무 불이행,단일로,기타단일로,승용차,중형,보행자,보행자,1169312,1782970,129.3791613,36.02887892
2016,주간,금,1,1,0,0,0,서울,은평구,차대사람,기타,기타,운전자법규위반,안전운전 의무 불이행,교차로,교차로내,승용차,중형,보행자,보행자,949158,1956780,126.9239635,37.60904367
2016,야간,목,1,1,0,0,0,전남,고흥군,차량단독,전도전복,전도전복,운전자법규위반,안전운전 의무 불이행,단일로,기타단일로,이륜차,사발이,,,985861,1611166,127.3459963,34.49434569
2016,주간,수,1,1,0,0,0,강원,화천군,차량단독,기타,기타,운전자법규위반,안전운전 의무 불이행,단일로,기타단일로,이륜차,사발이,,,1024562,2005847,127.7799569,38.05236483
2016,야간,수,1,1,0,0,0,경북,포항시,차량단독,전도전복,전도전복,운전자법규위반,안전운전 의무 불이행,단일로,기타단일로,이륜차,소형,,,1174899,1778639,129.440182,35.98886581
2016,주간,화,1,5,0,4,0,경북,울진군,차대차,추돌,진행중 추돌,운전자법규위반,안전운전 의무 불이행,단일로,기타단일로,승합차,소형,특수차,경형,1173620,1858718,129.443862,36.71062709
2016,주간,수,1,1,0,0,0,경기,군포시,차대사람,기타,기타,운전자법규위반,안전운전 의무 불이행,단일로,기타단일로,화물차,중형,보행자,보행자,950575,1925875,126.9420914,37.33056544
2016,주간,화,1,1,0,0,0,서울,은평구,차대사람,횡단중,횡단중,운전자법규위반,보행자 보호의무 위반,교차로,교차로내,건설기계,건설기계,보행자,보행자,948286,1954983,126.9142112,37.5927986
2016,주간,수,1,1,0,0,0,충남,당진시,차량단독,전도전복,전도전복,운전자법규위반,안전운전 의무 불이행,단일로,기타단일로,이륜차,소형,,,935710,1867413,126.7793094,36.80270169
2016,주간,금,1,1,0,0,0,전북,김제시,차대사람,횡단중,횡단중,운전자법규위반,안전운전 의무 불이행,단일로,기타단일로,승용차,소형,보행자,보행자,946807,1754536,126.9113945,35.7858025
2016,주간,금,1,2,1,0,0,대구,수성구,차대차,측면직각충돌,측면직각충돌,운전자법규위반,과속,교차로,교차로부근,승용차,중형,승용차,중형,1108768,1761534,128.6862144,35.84145233
2016,야간,월,1,1,0,0,0,인천,남구,차대사람,횡단중,횡단중,운전자법규위반,안전운전 의무 불이행,단일로,기타단일로,승합차,대형,보행자,보행자,926712,1940692,126.6712786,37.46253266
2016,주간,월,1,3,0,2,0,경기,용인시,차대차,추돌,진행중 추돌,운전자법규위반,안전운전 의무 불이행,교차로,교차로부근,화물차,중형,화물차,중형,986368,1908336,127.3464403,37.17368398
2016,주간,화,1,4,1,2,0,전북,완주군,차대차,측면직각충돌,측면직각충돌,운전자법규위반,신호위반,교차로,교차로내,승용차,중형,승용차,중형,966174,1770088,127.1250345,35.92687683
2016,주간,일,1,1,0,0,0,울산,남구,차대사람,횡단중,횡단중,운전자법규위반,안전운전 의무 불이행,교차로,교차로내,승용차,소형,보행자,보행자,1165598,1727178,129.3264204,35.52673945
2016,야간,토,1,1,0,0,0,전남,강진군,차량단독,전도전복,전도전복,운전자법규위반,안전운전 의무 불이행,단일로,교량위,화물차,소형,,,939030,1627843,126.8347294,34.64302265
2016,주간,토,1,1,0,0,0,전북,부안군,차대차,측면직각충돌,측면직각충돌,운전자법규위반,신호위반,교차로,교차로내,승용차,중형,이륜차,소형,932713,1746358,126.7561347,35.71120878
2016,야간,토,1,1,0,0,0,인천,남동구,차대사람,횡단중,횡단중,운전자법규위반,안전운전 의무 불이행,교차로,교차로부근,승용차,중형,보행자,보행자,933244,1938975,126.7452901,37.44755231
2016,야간,월,1,1,0,0,0,경기,안산시,차대차,추돌,진행중 추돌,운전자법규위반,안전운전 의무 불이행,단일로,기타단일로,승용차,소형,화물차,대형,940420,1929117,126.8272079,37.35919048
2016,주간,토,1,1,0,0,0,세종,세종,차대사람,기타,기타,운전자법규위반,안전운전 의무 불이행,단일로,기타단일로,승용차,중형,보행자,보행자,991130,1836906,127.400917,36.52982553
2016,야간,금,1,1,0,0,0,경기,안산시,차량단독,기타,기타,운전자법규위반,안전운전 의무 불이행,단일로,기타단일로,승합차,대형,,,937562,1925361,126.7956392,37.32587856
2016,주간,금,1,2,1,0,0,대구,동구,차대차,측면직각충돌,측면직각충돌,운전자법규위반,신호위반,교차로,교차로내,이륜차,소형,화물차,소형,1104009,1768822,128.6404577,35.9065559
2016,주간,금,1,3,1,1,0,전북,고창군,차대차,측면직각충돌,측면직각충돌,운전자법규위반,직진 및 우회전차의 통행방해,교차로,교차로내,화물차,소형,화물차,소형,928495,1725522,126.7113545,35.52306123
2016,주간,목,1,1,0,0,0,충남,보령시,차량단독,전도전복,전도전복,운전자법규위반,안전운전 의무 불이행,단일로,기타단일로,승용차,경형,,,925407,1811276,126.6692566,36.29591798
2016,주간,수,1,1,0,0,0,강원,삼척시,차량단독,전도전복,전도전복,운전자법규위반,안전운전 의무 불이행,단일로,기타단일로,승용차,중형,,,1156288,1926279,129.2639178,37.32237228
2016,야간,수,1,1,0,0,0,경기,파주시,차대사람,횡단중,횡단중,운전자법규위반,보행자 보호의무 위반,단일로,횡단보도상,승용차,대형,보행자,보행자,936828,1984135,126.7818973,37.85481894
2016,주간,수,1,1,0,0,0,부산,강서구,차대차,추돌,진행중 추돌,운전자법규위반,안전운전 의무 불이행,기타/불명,기타/불명,이륜차,소형,승용차,중형,1123877,1682912,128.8597052,35.13379898
2016,주간,수,1,1,0,0,0,경북,고령군,차량단독,공작물충돌,공작물충돌,운전자법규위반,안전운전 의무 불이행,기타/불명,기타/불명,원동기장치자전거,원동기장치자전거,,,1078803,1746480,128.3711757,35.7114545
2016,야간,수,1,1,0,0,0,경북,경주시,차량단독,공작물충돌,공작물충돌,운전자법규위반,안전운전 의무 불이행,단일로,기타단일로,승용차,경형,,,1139130,1752344,129.0389454,35.7576334
2016,주간,화,1,2,1,0,0,경남,거창군,차량단독,전도전복,전도전복,운전자법규위반,안전운전 의무 불이행,단일로,기타단일로,농기계,농기계,,,1047199,1755894,128.0223619,35.79835243
2016,주간,월,1,1,0,0,0,경남,창원시(통합),차대사람,횡단중,횡단중,운전자법규위반,기타(운전자법규위반),단일로,기타단일로,화물차,소형,보행자,보행자,1093281,1697103,128.5255385,35.26504327
2016,주간,토,1,1,0,0,0,제주,서귀포시,차대차,측면직각충돌,측면직각충돌,운전자법규위반,직진 및 우회전차의 통행방해,교차로,교차로내,화물차,소형,이륜차,사발이,895920,1475304,126.3825296,33.26406892
2016,주간,토,1,1,0,0,0,경남,창원시(통합),차대사람,횡단중,횡단중,운전자법규위반,신호위반,단일로,횡단보도상,건설기계,건설기계,보행자,보행자,1099305,1692587,128.5912108,35.22375013
2016,주간,금,1,1,0,0,0,전북,전주시,차대사람,횡단중,횡단중,운전자법규위반,과속,단일로,기타단일로,화물차,소형,보행자,보행자,965303,1759364,127.1157602,35.83063891
2016,야간,월,1,1,0,0,0,서울,성동구,차대차,측면직각충돌,측면직각충돌,운전자법규위반,중앙선 침범,교차로,교차로부근,승용차,경형,이륜차,대형,959186,1952521,127.0378137,37.57115618
2016,주간,수,1,2,0,1,0,제주,제주시,차대차,정면충돌,정면충돌,운전자법규위반,안전운전 의무 불이행,단일로,기타단일로,승용차,경형,농기계,농기계,949227,1502090,126.9532696,33.50952246
2016,주간,월,1,1,0,0,0,강원,정선군,차량단독,전도전복,전도전복,운전자법규위반,안전운전 의무 불이행,단일로,기타단일로,이륜차,사발이,,,1114160,1927324,128.7887383,37.3379222
2016,야간,토,1,1,0,0,0,전남,완도군,차대차,기타,기타,운전자법규위반,안전운전 의무 불이행,단일로,기타단일로,승용차,경형,승용차,중형,937634,1592955,126.8220483,34.32833366
2016,주간,토,1,1,0,0,0,경기,파주시,차대차,측면직각충돌,측면직각충돌,운전자법규위반,중앙선 침범,단일로,기타단일로,화물차,대형,화물차,소형,942286,1995027,126.8430647,37.95334459
2016,야간,토,1,1,0,0,0,경남,창원시(통합),차량단독,전도전복,전도전복,운전자법규위반,안전운전 의무 불이행,단일로,기타단일로,이륜차,소형,,,1102820,1690414,128.6295573,35.20380544
2016,주간,일,2,5,0,3,0,강원,삼척시,차대차,측면직각충돌,측면직각충돌,운전자법규위반,교차로 통행방법 위반,교차로,교차로내,승용차,경형,건설기계,건설기계,1146408,1941616,129.1554897,37.46216923
2016,주간,토,1,2,1,0,0,전북,김제시,차대차,측면직각충돌,측면직각충돌,운전자법규위반,중앙선 침범,교차로,교차로내,화물차,소형,원동기장치자전거,원동기장치자전거,955161,1747299,127.0042369,35.72097083
2016,야간,금,1,7,6,0,0,경기,안산시,차대차,정면충돌,정면충돌,운전자법규위반,중앙선 침범,단일로,기타단일로,화물차,소형,승용차,중형,942918,1920804,126.8560539,37.28441943
2016,야간,금,1,2,0,1,0,경기,용인시,차대차,측면직각충돌,측면직각충돌,운전자법규위반,안전운전 의무 불이행,단일로,기타단일로,승용차,대형,이륜차,소형,963765,1917148,127.0914015,37.25251077
2016,야간,금,1,1,0,0,0,서울,서초구,차대사람,횡단중,횡단중,운전자법규위반,안전운전 의무 불이행,단일로,기타단일로,승용차,중형,보행자,보행자,954978,1941805,126.9911845,37.47446997
2016,주간,금,1,1,0,0,0,대구,남구,차대사람,횡단중,횡단중,운전자법규위반,안전운전 의무 불이행,단일로,기타단일로,화물차,소형,보행자,보행자,1099547,1761812,128.6023755,35.84778816
2016,야간,금,1,1,0,0,0,서울,용산구,차대차,기타,기타,운전자법규위반,신호위반,교차로,교차로내,승용차,중형,이륜차,소형,954995,1946905,126.9907001,37.52034249
2016,주간,금,1,1,0,0,0,경기,시흥시,차대차,측면직각충돌,측면직각충돌,운전자법규위반,안전운전 의무 불이행,교차로,교차로내,화물차,대형,자전거,자전거,932340,1927809,126.736093,37.34684723
2016,주간,목,1,2,0,1,0,경북,의성군,차대차,정면충돌,정면충돌,운전자법규위반,중앙선 침범,단일로,기타단일로,승용차,경형,이륜차,소형,1084196,1821527,128.4387885,36.38753186
2016,주간,수,1,1,0,0,0,광주,서구,차대사람,기타,기타,운전자법규위반,안전운전 의무 불이행,교차로,교차로내,승합차,중형,보행자,보행자,941655,1681904,126.8597068,35.13065305
2016,야간,목,1,2,1,0,0,대전,유성구,차대차,정면충돌,정면충돌,운전자법규위반,중앙선 침범,단일로,기타단일로,승용차,소형,승용차,경형,982590,1819840,127.3059044,36.37585458
2016,주간,수,1,1,0,0,0,경북,문경시,차량단독,공작물충돌,공작물충돌,운전자법규위반,안전운전 의무 불이행,단일로,기타단일로,원동기장치자전거,원동기장치자전거,,,1044449,1845968,127.9970359,36.61052481
2016,주간,월,1,1,0,0,0,충남,홍성군,차량단독,전도전복,전도전복,운전자법규위반,안전운전 의무 불이행,단일로,기타단일로,이륜차,소형,,,930061,1847395,126.7178205,36.62185841
2016,야간,토,1,1,0,0,0,전북,순창군,차대사람,기타,기타,운전자법규위반,안전운전 의무 불이행,단일로,기타단일로,화물차,중형,보행자,보행자,967393,1710074,127.140977,35.38581514
2016,주간,목,1,1,0,0,0,경기,시흥시,차대사람,차도통행중,차도통행중,운전자법규위반,안전운전 의무 불이행,교차로,교차로부근,화물차,소형,보행자,보행자,936937,1939184,126.7870204,37.44969526
2016,야간,목,1,1,0,0,0,대구,달서구,차대차,정면충돌,정면충돌,운전자법규위반,신호위반,교차로,교차로내,승용차,경형,이륜차,소형,1091806,1762965,128.516739,35.85886092
2016,주간,화,1,1,0,0,0,충남,서산시,차대차,정면충돌,정면충돌,운전자법규위반,안전운전 의무 불이행,단일로,기타단일로,이륜차,사발이,이륜차,소형,904922,1874645,126.4333167,36.86529266
2016,야간,수,1,1,0,0,0,경기,수원시,차대사람,횡단중,횡단중,운전자법규위반,안전운전 의무 불이행,단일로,기타단일로,승용차,중형,보행자,보행자,960811,1915530,127.0581771,37.23780683
2016,주간,월,1,1,0,0,0,전남,고흥군,차대차,측면직각충돌,측면직각충돌,운전자법규위반,안전운전 의무 불이행,단일로,기타단일로,이륜차,사발이,화물차,소형,983621,1615167,127.3215211,34.53039401
2016,주간,금,1,1,0,0,0,충북,옥천군,차대사람,횡단중,횡단중,운전자법규위반,안전운전 의무 불이행,교차로,교차로부근,승합차,대형,보행자,보행자,1010811,1805434,127.620327,36.24607481
2016,야간,일,3,4,1,0,0,대구,수성구,차대차,추돌,진행중 추돌,운전자법규위반,안전운전 의무 불이행,단일로,기타단일로,승용차,경형,화물차,대형,1103140,1761584,128.6421276,35.8453613
2016,야간,일,1,1,0,0,0,부산,연제구,차대차,기타,기타,운전자법규위반,과속,단일로,기타단일로,승용차,중형,승용차,중형,1145228,1687637,129.0945254,35.173584
2016,주간,토,1,1,0,0,0,전북,익산시,차대차,측면직각충돌,측면직각충돌,운전자법규위반,안전운전 의무 불이행,교차로,교차로부근,화물차,소형,자전거,자전거,952032,1787266,126.9672329,36.08115398
2016,주간,화,1,1,0,0,0,경기,의정부시,차대사람,기타,기타,운전자법규위반,안전운전 의무 불이행,단일로,기타단일로,승용차,소형,보행자,보행자,959911,1971079,127.045004,37.73845399
2016,주간,목,1,1,0,0,0,경북,영천시,차대사람,횡단중,횡단중,운전자법규위반,보행자 보호의무 위반,교차로,교차로부근,화물차,소형,보행자,보행자,1116043,1783493,128.7881809,36.04140075
2016,주간,수,1,1,0,0,0,충남,천안시,차량단독,전도전복,전도전복,운전자법규위반,안전운전 의무 불이행,단일로,기타단일로,이륜차,소형,,,971062,1871586,127.175437,36.84206061
2016,야간,토,1,1,0,0,0,충북,청주시,차대사람,차도통행중,차도통행중,운전자법규위반,안전운전 의무 불이행,단일로,기타단일로,승용차,중형,보행자,보행자,995533,1848850,127.4500317,36.63753211
2016,야간,토,1,2,1,0,0,경북,경산시,차대차,정면충돌,정면충돌,운전자법규위반,안전운전 의무 불이행,교차로,교차로부근,승용차,대형,이륜차,중형,1110278,1758676,128.7207535,35.81837097
2016,야간,토,1,1,0,0,0,전남,순천시,차대사람,길가장자리구역통행중,길가장자리구역통행중,운전자법규위반,안전운전 의무 불이행,교차로,교차로부근,화물차,소형,보행자,보행자,999057,1659609,127.4896746,34.93129488
2016,야간,일,1,1,0,0,0,광주,광산구,차량단독,기타,기타,운전자법규위반,안전운전 의무 불이행,단일로,기타단일로,자전거,자전거,,,923725,1686591,126.6623813,35.17170573
2016,주간,금,1,1,0,0,0,광주,광산구,차대사람,기타,기타,운전자법규위반,안전운전 의무 불이행,기타/불명,기타/불명,화물차,소형,보행자,보행자,938205,1687692,126.8213008,35.1826281
2016,주간,금,1,1,0,0,0,충남,부여군,차대차,기타,기타,운전자법규위반,안전운전 의무 불이행,교차로,교차로부근,승용차,소형,이륜차,소형,948821,1797869,126.9308811,36.17657941
2016,야간,수,1,1,0,0,0,제주,서귀포시,차대사람,횡단중,횡단중,운전자법규위반,안전운전 의무 불이행,교차로,교차로부근,승용차,중형,보행자,보행자,945356,1495529,126.9120732,33.4502462
2016,주간,목,1,1,0,0,0,광주,남구,차대사람,횡단중,횡단중,운전자법규위반,안전운전 의무 불이행,교차로,교차로부근,화물차,소형,보행자,보행자,944431,1683239,126.8899776,35.14284066
2016,야간,목,1,1,0,0,0,경남,창원시(통합),차량단독,기타,기타,운전자법규위반,안전운전 의무 불이행,단일로,기타단일로,원동기장치자전거,원동기장치자전거,,,1117595,1681175,128.7905213,35.11889395
2016,야간,일,1,2,0,1,0,경기,안산시,차대차,측면직각충돌,측면직각충돌,운전자법규위반,신호위반,교차로,교차로내,승용차,중형,승합차,대형,935386,1922560,126.7709381,37.29975398
2016,주간,토,1,1,0,0,0,경기,부천시,차대사람,길가장자리구역통행중,길가장자리구역통행중,운전자법규위반,안전운전 의무 불이행,고가도로위,고가도로위,건설기계,건설기계,보행자,보행자,936011,1943024,126.7762184,37.48424155
2016,야간,월,1,1,0,0,0,서울,종로구,차대사람,차도통행중,차도통행중,운전자법규위반,안전운전 의무 불이행,교차로,교차로부근,승용차,중형,보행자,보행자,957208,1953169,127.0153773,37.57690694
2016,주간,수,1,2,1,0,0,충북,음성군,차대차,측면직각충돌,측면직각충돌,운전자법규위반,신호위반,교차로,교차로내,승용차,경형,승용차,중형,1009725,1888211,127.6092881,36.99232032
2016,주간,화,1,2,1,0,0,전북,고창군,차대사람,차도통행중,차도통행중,운전자법규위반,안전운전 의무 불이행,교차로,교차로내,승용차,경형,보행자,보행자,927608,1715544,126.7031752,35.43349315
2016,주간,토,1,1,0,0,0,경기,광주시,차대차,측면직각충돌,측면직각충돌,운전자법규위반,중앙선 침범,단일로,기타단일로,이륜차,사발이,승용차,대형,982807,1941281,127.3055636,37.47058771
2016,야간,토,1,1,0,0,0,전북,남원시,차대차,추돌,진행중 추돌,운전자법규위반,안전운전 의무 불이행,교차로,교차로내,원동기장치자전거,원동기장치자전거,승용차,중형,989609,1713385,127.3855456,35.4161491
2016,주간,목,1,1,0,0,0,전남,순천시,차량단독,도로이탈,도로이탈 추락,운전자법규위반,안전운전 의무 불이행,단일로,기타단일로,화물차,소형,,,995510,1663315,127.4508165,34.96470429
2016,주간,수,1,1,0,0,0,서울,구로구,차대사람,횡단중,횡단중,운전자법규위반,안전운전 의무 불이행,단일로,기타단일로,승용차,중형,보행자,보행자,945513,1943815,126.883631,37.49198047
2016,주간,화,1,2,1,0,0,전북,순창군,차대사람,보도통행중,보도통행중,운전자법규위반,기타(운전자법규위반),교차로,교차로내,화물차,대형,보행자,보행자,967439,1709454,127.1415082,35.38022629
2016,야간,화,1,1,0,0,0,경기,평택시,차대사람,횡단중,횡단중,운전자법규위반,안전운전 의무 불이행,단일로,기타단일로,승용차,중형,보행자,보행자,944346,1883120,126.8749607,36.94483314
2016,주간,일,1,1,0,0,0,경기,용인시,차대사람,횡단중,횡단중,운전자법규위반,신호위반,교차로,교차로부근,화물차,소형,보행자,보행자,961464,1921529,127.0652282,37.29190765
2016,주간,토,1,1,0,0,0,경북,구미시,차대차,기타,기타,운전자법규위반,신호위반,교차로,교차로내,이륜차,소형,승용차,중형,1077056,1791786,128.356255,36.12002934
2016,야간,수,1,1,0,0,0,부산,기장군,차대사람,횡단중,횡단중,운전자법규위반,안전운전 의무 불이행,단일로,횡단보도부근,승합차,대형,보행자,보행자,1152799,1695794,129.1794388,35.24593136
2016,주간,목,1,1,0,0,0,서울,용산구,차대사람,횡단중,횡단중,운전자법규위반,안전운전 의무 불이행,단일로,기타단일로,승합차,중형,보행자,보행자,955784,1947113,126.9996159,37.52225542
2016,야간,일,1,1,0,0,0,인천,남구,차대차,측면직각충돌,측면직각충돌,운전자법규위반,신호위반,교차로,교차로내,화물차,소형,원동기장치자전거,원동기장치자전거,928310,1940162,126.6893983,37.4578812
2016,주간,금,1,1,0,0,0,서울,양천구,차량단독,기타,기타,운전자법규위반,안전운전 의무 불이행,단일로,기타단일로,승합차,중형,,,941776,1946411,126.8411542,37.51515028
2016,주간,수,2,3,0,1,0,제주,서귀포시,차대차,추돌,진행중 추돌,운전자법규위반,안전거리 미확보,단일로,기타단일로,승용차,중형,농기계,농기계,940049,1484440,126.8556859,33.34982532
2016,야간,화,1,1,0,0,0,대전,대덕구,차대사람,기타,기타,운전자법규위반,안전운전 의무 불이행,단일로,기타단일로,승용차,대형,보행자,보행자,992867,1819781,127.420478,36.37545388
2016,야간,일,1,1,0,0,0,경남,김해시,차대차,측면직각충돌,측면직각충돌,운전자법규위반,신호위반,교차로,교차로내,이륜차,중형,승용차,소형,1128466,1695381,128.9120055,35.24562421
2016,야간,일,1,1,0,0,0,대전,대덕구,차량단독,전도전복,전도전복,운전자법규위반,안전운전 의무 불이행,교차로,교차로부근,승용차,중형,,,993955,1817977,127.4326216,36.35919758
2016,주간,목,1,3,1,1,0,전남,영광군,차대차,정면충돌,정면충돌,운전자법규위반,중앙선 침범,단일로,기타단일로,승용차,경형,이륜차,소형,906903,1699077,126.4762602,35.28285717
2016,야간,일,1,1,0,0,0,광주,광산구,차대사람,차도통행중,차도통행중,운전자법규위반,안전운전 의무 불이행,단일로,기타단일로,승용차,경형,보행자,보행자,936913,1684057,126.8073895,35.14977266
2016,주간,월,1,2,1,0,0,전남,여수시,차대차,측면직각충돌,측면직각충돌,운전자법규위반,앞지르기 금지위반,단일로,기타단일로,화물차,중형,이륜차,중형,1010239,1634075,127.611801,34.7009857
2016,야간,월,1,1,0,0,0,서울,강서구,차량단독,전도전복,전도전복,운전자법규위반,안전운전 의무 불이행,단일로,기타단일로,이륜차,소형,,,943693,1948022,126.8627216,37.52978934
2016,야간,일,1,1,0,0,0,전남,담양군,차대사람,횡단중,횡단중,운전자법규위반,안전운전 의무 불이행,단일로,기타단일로,승용차,소형,보행자,보행자,954728,1694281,127.0024045,35.24292063
2016,주간,월,1,1,0,0,0,강원,화천군,차량단독,도로이탈,도로이탈 추락,운전자법규위반,안전운전 의무 불이행,단일로,기타단일로,화물차,소형,,,1004843,2019948,127.5552964,38.17977356
2016,주간,월,1,1,0,0,0,제주,서귀포시,차량단독,전도전복,전도전복,운전자법규위반,안전운전 의무 불이행,단일로,기타단일로,농기계,농기계,,,877180,1477003,126.1811373,33.27741897
2016,야간,금,1,1,0,0,0,경기,성남시,차대사람,기타,기타,운전자법규위반,안전운전 의무 불이행,단일로,횡단보도상,화물차,중형,보행자,보행자,968955,1936740,127.149104,37.42929547
2016,야간,금,1,1,0,0,0,경기,화성시,차대사람,횡단중,횡단중,운전자법규위반,안전운전 의무 불이행,단일로,횡단보도상,승용차,경형,보행자,보행자,961758,1912219,127.0690233,37.20800138
2016,주간,수,1,1,0,0,0,경북,김천시,차대사람,기타,기타,운전자법규위반,안전운전 의무 불이행,단일로,기타단일로,화물차,소형,보행자,보행자,1048545,1797536,128.039809,36.17371298
2016,주간,목,1,1,0,0,0,경북,포항시,차대차,정면충돌,정면충돌,운전자법규위반,안전운전 의무 불이행,단일로,기타단일로,화물차,소형,승용차,경형,1172542,1792718,129.4171238,36.11614897
2016,주간,월,1,1,0,0,0,경기,포천시,차대사람,횡단중,횡단중,운전자법규위반,안전운전 의무 불이행,기타/불명,기타/불명,승용차,중형,보행자,보행자,969615,1980588,127.1547404,37.82453296
2016,주간,월,1,2,1,0,0,경남,진주시,차대차,정면충돌,정면충돌,운전자법규위반,중앙선 침범,단일로,기타단일로,승용차,중형,승용차,중형,1057246,1686811,128.1286788,35.1749541
2016,주간,목,1,1,0,0,0,울산,울주군,차대차,정면충돌,정면충돌,운전자법규위반,안전거리 미확보,단일로,기타단일로,승용차,경형,승용차,경형,1159244,1727086,129.2563525,35.52695103
2016,주간,금,1,1,0,0,0,충남,금산군,차대차,정면충돌,정면충돌,운전자법규위반,중앙선 침범,단일로,기타단일로,화물차,소형,건설기계,건설기계,987482,1795270,127.3608363,36.15441947
2016,야간,월,1,1,0,0,0,충남,태안군,차대사람,횡단중,횡단중,운전자법규위반,안전운전 의무 불이행,교차로,교차로내,승용차,대형,보행자,보행자,891815,1859946,126.2883857,36.73140429
2016,야간,토,1,1,0,0,0,충남,논산시,차량단독,전도전복,전도전복,운전자법규위반,안전거리 미확보,단일로,기타단일로,이륜차,소형,,,964569,1798020,127.1059901,36.17864513
2016,야간,수,1,1,0,0,0,충북,청주시,차대사람,횡단중,횡단중,운전자법규위반,안전운전 의무 불이행,단일로,기타단일로,건설기계,건설기계,보행자,보행자,988531,1859472,127.3715476,36.73322962
2016,주간,토,1,1,0,0,0,경북,상주시,차대차,측면직각충돌,측면직각충돌,운전자법규위반,안전운전 의무 불이행,단일로,기타단일로,화물차,중형,자전거,자전거,1061047,1825155,128.1809812,36.42198689
2016,야간,화,1,1,0,0,0,강원,속초시,차량단독,공작물충돌,공작물충돌,운전자법규위반,안전운전 의무 불이행,단일로,기타단일로,화물차,소형,,,1090297,2020901,128.531037,38.18384879
2016,야간,일,1,1,0,0,0,경북,경주시,차대차,추돌,진행중 추돌,운전자법규위반,안전운전 의무 불이행,교차로,교차로부근,승용차,중형,자전거,자전거,1154798,1763418,129.2143304,35.85509273
2016,야간,월,1,1,0,0,0,대전,유성구,차량단독,전도전복,전도전복,운전자법규위반,안전운전 의무 불이행,단일로,기타단일로,이륜차,소형,,,984872,1818826,127.3313649,36.36675164
2016,야간,일,1,1,0,0,0,대구,서구,차대사람,횡단중,횡단중,운전자법규위반,안전운전 의무 불이행,단일로,기타단일로,승용차,중형,보행자,보행자,1095637,1762957,128.5591997,35.85834621
2016,주간,일,1,2,1,0,0,서울,은평구,차량단독,공작물충돌,공작물충돌,운전자법규위반,안전운전 의무 불이행,교차로,교차로내,승용차,경형,,,949366,1956026,126.9263722,37.60225931
2016,야간,금,1,2,0,1,0,서울,성북구,차대사람,횡단중,횡단중,운전자법규위반,중앙선 침범,교차로,교차로내,이륜차,중형,보행자,보행자,958774,1954759,127.0330223,37.59130946
2016,야간,화,1,1,0,0,0,전북,완주군,차대사람,횡단중,횡단중,운전자법규위반,안전운전 의무 불이행,단일로,횡단보도부근,화물차,소형,보행자,보행자,959524,1760107,127.0518275,35.83663682
2016,주간,수,1,2,0,1,0,강원,삼척시,차대차,추돌,진행중 추돌,운전자법규위반,안전운전 의무 불이행,단일로,기타단일로,화물차,소형,화물차,소형,1162391,1919383,129.3312598,37.25919699
2016,주간,일,1,1,0,0,0,경기,시흥시,차량단독,공작물충돌,공작물충돌,운전자법규위반,안전운전 의무 불이행,단일로,기타단일로,이륜차,소형,,,925583,1925599,126.6600329,37.32641142
2016,주간,화,1,1,0,0,0,경북,예천군,차량단독,기타,기타,운전자법규위반,안전운전 의무 불이행,단일로,기타단일로,농기계,농기계,,,1092401,1860369,128.5349215,36.73688516
2016,주간,월,1,1,0,0,0,경남,거창군,차량단독,전도전복,전도전복,운전자법규위반,안전운전 의무 불이행,단일로,기타단일로,화물차,소형,,,1037272,1739678,127.9117474,35.65257409
2016,주간,금,1,1,0,0,0,광주,남구,차량단독,기타,기타,운전자법규위반,안전운전 의무 불이행,단일로,터널안,이륜차,소형,,,946497,1677555,126.9130243,35.09170127
2016,주간,목,1,1,0,0,0,경기,용인시,차대사람,횡단중,횡단중,운전자법규위반,보행자 보호의무 위반,교차로,교차로부근,승용차,경형,보행자,보행자,965626,1925264,127.1120108,37.32573718
2016,야간,화,1,1,0,0,0,경기,용인시,차량단독,전도전복,전도전복,운전자법규위반,안전운전 의무 불이행,단일로,기타단일로,이륜차,소형,,,963980,1926440,127.0933753,37.33627491
2016,주간,수,1,1,0,0,0,경북,경주시,차대사람,횡단중,횡단중,운전자법규위반,보행자 보호의무 위반,교차로,교차로내,화물차,소형,보행자,보행자,1154288,1762247,129.2084581,35.84461995
2016,주간,화,1,1,0,0,0,인천,남구,차대사람,횡단중,횡단중,운전자법규위반,안전운전 의무 불이행,교차로,교차로부근,화물차,소형,보행자,보행자,924173,1940622,126.6425784,37.46169695
2016,야간,토,1,1,0,0,0,경북,경주시,차량단독,공작물충돌,공작물충돌,운전자법규위반,안전운전 의무 불이행,단일로,기타단일로,승용차,소형,,,1159900,1778104,129.2737628,35.98661979
2016,주간,금,1,1,0,0,0,충북,음성군,차대차,측면직각충돌,측면직각충돌,운전자법규위반,과속,단일로,기타단일로,승용차,대형,이륜차,사발이,1016255,1894758,127.682468,37.05261954
2016,야간,목,1,1,0,0,0,경남,김해시,차대사람,길가장자리구역통행중,길가장자리구역통행중,운전자법규위반,안전운전 의무 불이행,단일로,기타단일로,승용차,대형,보행자,보행자,1117638,1704782,128.7943686,35.3317014
2016,야간,토,1,1,0,0,0,제주,서귀포시,차량단독,공작물충돌,공작물충돌,운전자법규위반,안전운전 의무 불이행,단일로,기타단일로,승용차,중형,,,935919,1486802,126.8111342,33.37089045
2016,주간,토,1,3,0,1,1,서울,송파구,차대차,정면충돌,정면충돌,운전자법규위반,과속,교차로,교차로내,승용차,중형,승용차,중형,965200,1943788,127.1063298,37.49268911
2016,야간,금,1,1,0,0,0,경기,안산시,차대사람,횡단중,횡단중,운전자법규위반,신호위반,교차로,교차로내,승용차,경형,보행자,보행자,939496,1926333,126.8170018,37.33403776
2016,야간,목,1,3,2,0,0,경기,시흥시,차대차,정면충돌,정면충돌,운전자법규위반,신호위반,교차로,교차로내,승용차,중형,승용차,중형,931893,1928183,126.7310122,37.35018543
2016,야간,수,1,1,0,0,0,경남,거제시,차대사람,횡단중,횡단중,운전자법규위반,안전운전 의무 불이행,단일로,기타단일로,승합차,대형,보행자,보행자,1112663,1654381,128.732779,34.87790096
2016,야간,목,1,1,0,0,0,전남,여수시,차대사람,횡단중,횡단중,운전자법규위반,안전운전 의무 불이행,교차로,교차로부근,승용차,대형,보행자,보행자,1020818,1638455,127.727422,34.74032288
2016,주간,목,1,2,0,1,0,경기,평택시,차대차,기타,기타,운전자법규위반,안전운전 의무 불이행,교차로,교차로내,승용차,소형,승용차,소형,953715,1891810,126.9796446,37.02367265
2016,야간,토,1,1,0,0,0,경기,화성시,차대차,측면직각충돌,측면직각충돌,운전자법규위반,안전운전 의무 불이행,단일로,기타단일로,원동기장치자전거,원동기장치자전거,화물차,중형,939284,1901307,126.8166469,37.10845338
2016,주간,일,1,1,0,0,0,경남,진주시,차량단독,전도전복,전도전복,운전자법규위반,안전운전 의무 불이행,단일로,기타단일로,이륜차,중형,,,1058481,1684881,128.1421041,35.15748087
2016,야간,금,1,1,0,0,0,강원,강릉시,차대사람,횡단중,횡단중,운전자법규위반,안전운전 의무 불이행,단일로,기타단일로,승용차,중형,보행자,보행자,1123432,1973676,128.9003907,37.75493083
2016,야간,수,1,2,0,1,0,인천,계양구,차대차,기타,기타,운전자법규위반,신호위반,교차로,교차로내,승용차,중형,이륜차,소형,931315,1947908,126.7226498,37.52792287
2016,주간,목,1,1,0,0,0,전북,부안군,차량단독,공작물충돌,공작물충돌,운전자법규위반,안전운전 의무 불이행,교차로,교차로부근,원동기장치자전거,원동기장치자전거,,,931956,1746953,126.7477162,35.71652104
2016,야간,월,1,1,0,0,0,경기,남양주시,차대차,정면충돌,정면충돌,운전자법규위반,신호위반,교차로,교차로내,화물차,소형,이륜차,소형,972271,1962934,127.1855935,37.66549931
2016,야간,수,1,1,0,0,0,경북,김천시,차대사람,횡단중,횡단중,운전자법규위반,안전운전 의무 불이행,단일로,기타단일로,승합차,중형,보행자,보행자,1055927,1791545,128.1214648,36.11930474
2016,야간,일,1,3,2,0,0,경기,남양주시,차대차,정면충돌,정면충돌,운전자법규위반,중앙선 침범,기타/불명,기타/불명,승용차,중형,승용차,경형,973497,1963726,127.1994656,37.67267407
2016,주간,일,1,1,0,0,0,제주,제주시,차량단독,전도전복,전도전복,운전자법규위반,안전운전 의무 불이행,단일로,기타단일로,승용차,경형,,,881807,1482078,126.230117,33.32368089
2016,주간,일,1,1,0,0,0,인천,남동구,차대차,정면충돌,정면충돌,운전자법규위반,신호위반,교차로,교차로내,이륜차,사발이,승용차,경형,932670,1938755,126.7388214,37.44552784
2016,야간,토,1,3,0,2,0,경기,고양시,차대차,추돌,진행중 추돌,운전자법규위반,안전운전 의무 불이행,단일로,기타단일로,화물차,소형,화물차,소형,942449,1963207,126.8474487,37.6665739
2016,야간,화,1,1,0,0,0,충남,논산시,차대차,측면직각충돌,측면직각충돌,운전자법규위반,중앙선 침범,단일로,기타단일로,자전거,자전거,승용차,중형,963880,1801392,127.0981729,36.2090197
2016,주간,화,1,1,0,0,0,전남,여수시,차대차,측면직각충돌,측면직각충돌,운전자법규위반,직진 및 우회전차의 통행방해,교차로,교차로내,이륜차,소형,승용차,경형,1012815,1641943,127.6400483,34.77190875
2016,야간,일,1,1,0,0,0,경기,수원시,차대차,기타,기타,운전자법규위반,과속,교차로,교차로부근,승용차,중형,이륜차,중형,954075,1921873,126.9818455,37.29467277
2016,야간,수,1,2,0,1,0,경기,안산시,차대사람,횡단중,횡단중,운전자법규위반,안전운전 의무 불이행,단일로,기타단일로,승용차,중형,보행자,보행자,940884,1925813,126.8327107,37.32944025
2016,야간,수,1,1,0,0,0,부산,진구,차대사람,기타,기타,운전자법규위반,안전운전 의무 불이행,단일로,기타단일로,승용차,중형,보행자,보행자,1141358,1685025,129.0518839,35.15054107
2016,주간,수,1,1,0,0,0,경남,고성군,차대차,측면직각충돌,측면직각충돌,운전자법규위반,과속,교차로,교차로내,승합차,소형,자전거,자전거,1077753,1666403,128.3519533,34.98957096
2016,주간,월,1,1,0,0,0,울산,울주군,차대사람,횡단중,횡단중,운전자법규위반,안전운전 의무 불이행,단일로,기타단일로,승용차,경형,보행자,보행자,1166721,1720583,129.3374462,35.46711684
2016,주간,금,1,1,0,0,0,서울,강동구,차량단독,공작물충돌,공작물충돌,운전자법규위반,안전운전 의무 불이행,단일로,기타단일로,이륜차,소형,,,969409,1952130,127.1535951,37.56802841
2016,야간,화,1,1,0,0,0,서울,성북구,차량단독,전도전복,전도전복,운전자법규위반,안전운전 의무 불이행,단일로,기타단일로,원동기장치자전거,원동기장치자전거,,,957483,1956015,127.0183263,37.60257128
2016,주간,토,1,2,1,0,0,충남,금산군,차대사람,보도통행중,보도통행중,운전자법규위반,기타(운전자법규위반),단일로,기타단일로,건설기계,건설기계,보행자,보행자,997634,1799272,127.4736849,36.19057821
2016,주간,금,1,1,0,0,0,경기,용인시,차대차,측면직각충돌,측면직각충돌,운전자법규위반,교차로 통행방법 위반,교차로,교차로내,이륜차,소형,화물차,대형,983291,1905586,127.3118406,37.14884512
2016,야간,금,1,2,0,1,0,전남,보성군,차대차,추돌,진행중 추돌,운전자법규위반,안전운전 의무 불이행,단일로,기타단일로,승용차,중형,농기계,농기계,983911,1652113,127.3239771,34.86357204
2016,야간,토,1,1,0,0,0,서울,도봉구,차대사람,기타,기타,운전자법규위반,안전운전 의무 불이행,단일로,기타단일로,자전거,자전거,보행자,보행자,960337,1964447,127.0502002,37.67869788
2016,야간,토,1,1,0,0,0,경북,경주시,차대사람,길가장자리구역통행중,길가장자리구역통행중,운전자법규위반,안전운전 의무 불이행,교차로,교차로부근,승용차,중형,보행자,보행자,1155617,1782716,129.2271779,36.02887527
2016,주간,일,1,1,0,0,0,전남,담양군,차량단독,전도전복,전도전복,운전자법규위반,안전운전 의무 불이행,교차로,교차로내,농기계,농기계,,,950754,1689202,126.959031,35.1969373
2016,주간,일,1,1,0,0,0,전북,정읍시,차량단독,기타,기타,운전자법규위반,안전운전 의무 불이행,단일로,기타단일로,이륜차,소형,,,953859,1734441,126.9905787,35.60498174
2016,야간,토,1,1,0,0,0,대전,서구,차대사람,횡단중,횡단중,운전자법규위반,안전운전 의무 불이행,단일로,기타단일로,승용차,중형,보행자,보행자,990772,1816843,127.3971569,36.34894885
2016,주간,목,1,1,0,0,0,경남,하동군,차량단독,공작물충돌,공작물충돌,운전자법규위반,안전운전 의무 불이행,단일로,기타단일로,화물차,소형,,,1028874,1671371,127.8165635,35.0369458
2016,주간,목,1,1,0,0,0,대구,달서구,차대사람,횡단중,횡단중,운전자법규위반,안전운전 의무 불이행,교차로,교차로내,승용차,중형,보행자,보행자,1092120,1762766,128.5202518,35.85711455
2016,주간,수,1,1,0,0,0,경남,거제시,차대차,정면충돌,정면충돌,운전자법규위반,안전운전 의무 불이행,교차로,교차로내,이륜차,소형,승용차,경형,1102033,1647497,128.6156461,34.81695884
2016,야간,토,1,1,0,0,0,제주,제주시,차대사람,기타,기타,운전자법규위반,안전운전 의무 불이행,단일로,기타단일로,승용차,대형,보행자,보행자,899134,1498410,126.4144466,33.47274931
2016,주간,수,1,1,0,0,0,충남,보령시,차량단독,전도전복,전도전복,운전자법규위반,안전운전 의무 불이행,단일로,기타단일로,농기계,농기계,,,923727,1824274,126.6492742,36.41295588
2016,야간,수,1,2,0,0,1,서울,마포구,차대차,측면직각충돌,측면직각충돌,운전자법규위반,신호위반,교차로,교차로내,이륜차,소형,승용차,중형,948615,1950523,126.9182506,37.55261866
2016,주간,월,1,2,0,1,0,경북,칠곡군,차대차,측면직각충돌,측면직각충돌,운전자법규위반,중앙선 침범,단일로,기타단일로,승합차,경형,특수차,소형,1080084,1774494,128.3881465,35.96390033
2016,주간,월,1,6,5,0,0,전북,고창군,차대차,측면직각충돌,측면직각충돌,운전자법규위반,신호위반,교차로,교차로내,승용차,중형,승용차,소형,912992,1718128,126.54118,35.45516198
2016,야간,월,1,1,0,0,0,경기,성남시,차대사람,차도통행중,차도통행중,운전자법규위반,안전운전 의무 불이행,단일로,기타단일로,승용차,중형,보행자,보행자,966326,1933713,127.1195275,37.40191937
2016,주간,월,1,1,0,0,0,대전,동구,차대사람,기타,기타,운전자법규위반,보행자 보호의무 위반,단일로,기타단일로,원동기장치자전거,원동기장치자전거,보행자,보행자,994538,1814974,127.4391408,36.33212777
2016,야간,일,1,1,0,0,0,경기,광주시,차대차,추돌,진행중 추돌,운전자법규위반,안전운전 의무 불이행,단일로,기타단일로,승용차,중형,화물차,대형,973431,1933753,127.1998022,37.40251098
2016,주간,월,1,6,1,4,0,경남,함양군,차대차,추돌,진행중 추돌,운전자법규위반,안전운전 의무 불이행,교차로,교차로내,화물차,중형,승합차,대형,1026200,1731712,127.7891769,35.58110546
2016,야간,일,1,1,0,0,0,강원,인제군,차량단독,도로이탈,도로이탈 추락,운전자법규위반,안전운전 의무 불이행,단일로,기타단일로,건설기계,건설기계,,,1054875,1995596,128.1246654,37.95864866
2016,주간,금,1,1,0,0,0,경남,하동군,차대사람,횡단중,횡단중,운전자법규위반,안전운전 의무 불이행,단일로,기타단일로,승용차,소형,보행자,보행자,1027229,1678223,127.7987536,35.09877749
2016,주간,수,1,1,0,0,0,전남,함평군,차대차,추돌,진행중 추돌,운전자법규위반,앞지르기 방법위반,단일로,기타단일로,화물차,소형,원동기장치자전거,원동기장치자전거,910263,1674139,126.5159164,35.05832694
2016,야간,월,1,1,0,0,0,전남,목포시,차대사람,횡단중,횡단중,운전자법규위반,안전운전 의무 불이행,단일로,기타단일로,승용차,경형,보행자,보행자,898738,1644846,126.3931024,34.79313431
2016,주간,일,1,1,0,0,0,경기,가평군,차량단독,기타,기타,운전자법규위반,안전운전 의무 불이행,단일로,기타단일로,이륜차,사발이,,,1000580,1979581,127.5065897,37.81596252
2016,주간,일,1,1,0,0,0,충북,청주시,차량단독,전도전복,전도전복,운전자법규위반,안전운전 의무 불이행,단일로,기타단일로,이륜차,소형,,,1003447,1840658,127.5385218,36.56368518
2016,주간,토,1,1,0,0,0,전남,나주시,차대차,측면직각충돌,측면직각충돌,운전자법규위반,안전운전 의무 불이행,교차로,교차로내,자전거,자전거,승용차,소형,928683,1671948,126.7180852,35.04004224
2016,야간,토,1,1,0,0,0,대구,달성군,차대차,측면직각충돌,측면직각충돌,운전자법규위반,과속,교차로,교차로내,승용차,경형,이륜차,소형,1086652,1745123,128.4577906,35.69856164
2016,주간,수,1,2,1,0,0,충남,서산시,차대차,측면직각충돌,측면직각충돌,운전자법규위반,과속,교차로,교차로내,화물차,소형,승용차,중형,915716,1861006,126.5559095,36.74338265
2016,야간,화,1,1,0,0,0,인천,연수구,차대사람,횡단중,횡단중,운전자법규위반,보행자 보호의무 위반,교차로,교차로부근,승용차,대형,보행자,보행자,929077,1936287,126.6984426,37.42301548
2016,주간,토,1,1,0,0,0,전북,익산시,차대차,측면직각충돌,측면직각충돌,운전자법규위반,부당한 회전,단일로,기타단일로,자전거,자전거,승용차,중형,952946,1771393,126.9783278,35.93809478
2016,주간,토,1,1,0,0,0,충북,충주시,차대사람,횡단중,횡단중,운전자법규위반,보행자 보호의무 위반,교차로,교차로부근,승용차,경형,보행자,보행자,1039166,1886714,127.9400582,36.97806044
2016,주간,토,1,1,0,0,0,경남,하동군,차량단독,도로이탈,도로이탈 기타,운전자법규위반,안전운전 의무 불이행,단일로,기타단일로,원동기장치자전거,원동기장치자전거,,,1025901,1676469,127.7841282,35.08299636
2016,주간,일,2,3,1,0,0,서울,성북구,차대차,측면직각충돌,측면직각충돌,운전자법규위반,안전운전 의무 불이행,단일로,기타단일로,이륜차,소형,화물차,중형,959728,1957766,127.0436626,37.61845447
2016,야간,일,1,1,0,0,0,경기,고양시,차량단독,전도전복,전도전복,운전자법규위반,안전운전 의무 불이행,단일로,횡단보도상,이륜차,소형,,,942327,1958586,126.8464306,37.62491783
2016,주간,일,1,1,0,0,0,충북,보은군,차량단독,전도전복,전도전복,운전자법규위반,안전운전 의무 불이행,단일로,기타단일로,농기계,농기계,,,1020604,1842255,127.7303009,36.57786603
2016,주간,금,1,1,0,0,0,경기,고양시,차량단독,공작물충돌,공작물충돌,운전자법규위반,안전운전 의무 불이행,단일로,기타단일로,승용차,중형,,,936360,1959207,126.7787611,37.63012085
2016,야간,화,1,1,0,0,0,부산,남구,차대사람,횡단중,횡단중,운전자법규위반,신호위반,단일로,횡단보도상,승용차,경형,보행자,보행자,1146544,1682546,129.1083586,35.12745369
2016,야간,목,1,1,0,0,0,울산,남구,차대차,측면직각충돌,측면직각충돌,운전자법규위반,신호위반,교차로,교차로내,이륜차,소형,승용차,중형,1165985,1727499,129.3307525,35.52956762
2016,주간,수,1,1,0,0,0,충남,당진시,차대차,측면직각충돌,측면직각충돌,운전자법규위반,교차로 통행방법 위반,교차로,교차로내,화물차,소형,이륜차,소형,927505,1886623,126.6855018,36.97526174
2016,주간,목,1,1,0,0,0,전남,여수시,차대사람,횡단중,횡단중,운전자법규위반,안전운전 의무 불이행,단일로,기타단일로,승용차,중형,보행자,보행자,1005663,1641517,127.5618851,34.768132
2016,주간,목,1,1,0,0,0,충남,아산시,차량단독,전도전복,전도전복,운전자법규위반,신호위반,교차로,교차로내,승용차,경형,,,956360,1864445,127.0109564,36.77712434
2016,주간,금,1,1,0,0,0,경기,이천시,차대차,정면충돌,정면충돌,운전자법규위반,중앙선 침범,단일로,기타단일로,원동기장치자전거,원동기장치자전거,화물차,소형,1004069,1899505,127.5457879,37.09417001
2016,주간,금,1,1,0,0,0,경기,시흥시,차대차,측면직각충돌,측면직각충돌,운전자법규위반,신호위반,교차로,교차로내,승용차,중형,원동기장치자전거,원동기장치자전거,932862,1927413,126.7420219,37.34331594
2016,주간,목,1,1,0,0,0,경기,고양시,차대차,측면직각충돌,측면직각충돌,운전자법규위반,신호위반,교차로,교차로내,건설기계,건설기계,이륜차,중형,933240,1963961,126.7429698,37.67274554
2016,야간,목,1,1,0,0,0,경남,의령군,차대사람,기타,기타,운전자법규위반,안전운전 의무 불이행,단일로,기타단일로,승용차,소형,보행자,보행자,1074983,1719780,128.3264713,35.47103585
2016,주간,목,1,1,0,0,0,강원,춘천시,차대사람,횡단중,횡단중,운전자법규위반,안전운전 의무 불이행,교차로,교차로부근,승용차,소형,보행자,보행자,1020467,1986319,127.7327264,37.8764632
2016,주간,월,1,1,0,0,0,전북,전주시,차대차,측면직각충돌,측면직각충돌,운전자법규위반,신호위반,교차로,교차로부근,이륜차,소형,승용차,중형,969216,1759358,127.1591695,35.83023609
2016,야간,금,1,4,2,1,0,강원,속초시,차대차,추돌,진행중 추돌,운전자법규위반,안전운전 의무 불이행,단일로,기타단일로,화물차,소형,승용차,경형,1094454,2021903,128.5786284,38.19245148
2016,주간,금,1,1,0,0,0,충북,괴산군,차량단독,전도전복,전도전복,운전자법규위반,안전운전 의무 불이행,단일로,기타단일로,이륜차,소형,,,1033572,1874729,127.8766751,36.87023979
2016,주간,토,1,1,0,0,0,경남,김해시,차량단독,전도전복,전도전복,운전자법규위반,안전운전 의무 불이행,교차로,교차로내,화물차,소형,,,1124633,1702884,128.8710265,35.31374369
2016,야간,월,1,1,0,0,0,충남,당진시,차대차,측면직각충돌,측면직각충돌,운전자법규위반,중앙선 침범,교차로,교차로내,농기계,농기계,승용차,대형,913471,1893318,126.5270768,37.03441827
2016,야간,화,1,1,0,0,0,대구,북구,차량단독,전도전복,전도전복,운전자법규위반,안전운전 의무 불이행,단일로,기타단일로,이륜차,소형,,,1093722,1770157,128.5388697,35.92342823
2016,야간,화,1,2,1,0,0,서울,관악구,차대차,정면충돌,정면충돌,운전자법규위반,중앙선 침범,단일로,기타단일로,이륜차,소형,이륜차,소형,948784,1943555,126.9206496,37.48982429
2016,주간,수,1,2,1,0,0,서울,금천구,차대차,측면직각충돌,측면직각충돌,운전자법규위반,안전운전 의무 불이행,교차로,교차로내,화물차,소형,이륜차,대형,947183,1940767,126.9027402,37.46460526
2016,야간,수,1,1,0,0,0,경남,고성군,차대사람,횡단중,횡단중,운전자법규위반,안전운전 의무 불이행,교차로,교차로부근,화물차,소형,보행자,보행자,1064939,1666901,128.2115975,34.99496534
2016,야간,수,1,1,0,0,0,서울,강서구,차대사람,횡단중,횡단중,운전자법규위반,안전운전 의무 불이행,교차로,교차로부근,승용차,경형,보행자,보행자,942520,1951190,126.8491983,37.5582702
2016,주간,화,1,2,1,0,0,경남,통영시,차대차,정면충돌,정면충돌,운전자법규위반,중앙선 침범,단일로,기타단일로,승용차,대형,승용차,중형,1081665,1663502,128.3945288,34.96310612
2016,주간,목,1,3,0,2,0,광주,북구,차대차,추돌,진행중 추돌,운전자법규위반,안전운전 의무 불이행,교차로,교차로부근,승용차,경형,승용차,소형,949518,1692526,126.9452502,35.2268474
2016,주간,수,1,1,0,0,0,전남,고흥군,차대사람,횡단중,횡단중,운전자법규위반,안전운전 의무 불이행,교차로,교차로내,화물차,중형,보행자,보행자,987605,1612382,127.3649744,34.50533423
2016,주간,화,1,1,0,0,0,강원,강릉시,차량단독,전도전복,전도전복,운전자법규위반,안전운전 의무 불이행,단일로,기타단일로,화물차,중형,,,1112309,1956675,128.7723232,37.60264424
2016,주간,수,1,1,0,0,0,전북,남원시,차량단독,전도전복,전도전복,운전자법규위반,안전운전 의무 불이행,기타/불명,기타/불명,원동기장치자전거,원동기장치자전거,,,980299,1710729,127.2830629,35.39205984
2016,주간,화,1,1,0,0,0,경기,남양주시,차대차,측면직각충돌,측면직각충돌,운전자법규위반,안전운전 의무 불이행,교차로,교차로내,승용차,중형,이륜차,소형,985641,1961870,127.33721,37.65621574
2016,야간,화,1,1,0,0,0,경기,수원시,차대사람,횡단중,횡단중,운전자법규위반,안전운전 의무 불이행,기타/불명,기타/불명,승용차,경형,보행자,보행자,955990,1921392,127.0034794,37.29042982
2016,야간,수,1,1,0,0,0,제주,서귀포시,차대사람,횡단중,횡단중,운전자법규위반,안전운전 의무 불이행,교차로,교차로내,승용차,소형,보행자,보행자,896125,1475321,126.3847556,33.26428914
2016,야간,화,1,1,0,0,0,충남,공주시,차량단독,기타,기타,운전자법규위반,안전운전 의무 불이행,단일로,기타단일로,이륜차,소형,,,971935,1823243,127.1869953,36.40628132
2016,야간,토,1,1,0,0,0,제주,제주시,차대사람,차도통행중,차도통행중,운전자법규위반,안전운전 의무 불이행,교차로,교차로내,승용차,소형,보행자,보행자,900032,1500524,126.4238604,33.49203837
2016,야간,금,1,1,0,0,0,경남,창원시(통합),차대사람,기타,기타,운전자법규위반,안전운전 의무 불이행,단일로,기타단일로,승용차,대형,보행자,보행자,1095810,1688379,128.5523223,35.18615251
2016,야간,월,1,1,0,0,0,전북,완주군,차대사람,길가장자리구역통행중,길가장자리구역통행중,운전자법규위반,안전운전 의무 불이행,단일로,기타단일로,화물차,소형,보행자,보행자,964102,1738397,127.1034663,35.64147365
2016,야간,일,1,3,2,0,0,부산,진구,차대차,정면충돌,정면충돌,운전자법규위반,중앙선 침범,고가도로위,고가도로위,화물차,소형,승용차,중형,1141433,1687200,129.0530797,35.17013571
2016,주간,토,1,1,0,0,0,충남,태안군,차량단독,전도전복,전도전복,운전자법규위반,안전운전 의무 불이행,단일로,기타단일로,화물차,소형,,,883392,1870259,126.1924961,36.82335175
2016,주간,금,2,2,0,0,0,경기,부천시,차대차,측면직각충돌,측면직각충돌,운전자법규위반,신호위반,교차로,교차로내,이륜차,중형,승용차,중형,936206,1944155,126.7783258,37.4944487
2016,주간,금,1,6,1,2,2,서울,중구,차대사람,기타,기타,운전자법규위반,안전운전 의무 불이행,단일로,기타단일로,화물차,소형,보행자,보행자,954510,1951786,126.9849092,37.5643123
2016,야간,화,1,1,0,0,0,경북,경주시,차대사람,기타,기타,운전자법규위반,안전운전 의무 불이행,단일로,기타단일로,승용차,중형,보행자,보행자,1166184,1743710,129.336282,35.67562629
2016,주간,화,1,1,0,0,0,제주,제주시,차대차,측면직각충돌,측면직각충돌,운전자법규위반,차로위반(진로변경 위반),단일로,기타단일로,원동기장치자전거,원동기장치자전거,승용차,중형,910096,1502820,126.5319652,33.51349735
2016,야간,목,1,3,2,0,0,대구,중구,차대차,측면직각충돌,측면직각충돌,운전자법규위반,중앙선 침범,교차로,교차로내,이륜차,소형,화물차,소형,1098190,1764697,128.5877059,35.87393197
2016,야간,월,1,1,0,0,0,경기,오산시,차대사람,횡단중,횡단중,운전자법규위반,안전운전 의무 불이행,단일로,기타단일로,승용차,대형,보행자,보행자,961302,1905722,127.064221,37.14941929
2016,야간,토,1,1,0,0,0,전북,전주시,차대차,측면직각충돌,측면직각충돌,운전자법규위반,부당한 회전,단일로,기타단일로,자전거,자전거,승용차,소형,966525,1760435,127.129331,35.83985814
2016,야간,일,1,2,1,0,0,경남,창원시(통합),차량단독,전도전복,전도전복,운전자법규위반,안전운전 의무 불이행,단일로,기타단일로,승용차,경형,,,1103786,1693273,128.6405282,35.22948081
2016,주간,토,1,1,0,0,0,충북,제천시,차대차,측면직각충돌,측면직각충돌,운전자법규위반,중앙선 침범,단일로,기타단일로,자전거,자전거,승용차,경형,1061774,1905729,128.1956247,37.14824215
2016,주간,목,1,1,0,0,0,충북,음성군,차대차,측면직각충돌,측면직각충돌,운전자법규위반,교차로 통행방법 위반,교차로,교차로내,화물차,경형,이륜차,소형,1013084,1900373,127.6472475,37.10191183
2016,주간,목,1,1,0,0,0,서울,노원구,차량단독,전도전복,전도전복,운전자법규위반,안전운전 의무 불이행,단일로,터널안,승용차,중형,,,963562,1964087,127.0867905,37.67558696
2016,주간,금,1,1,0,0,0,강원,화천군,차대사람,횡단중,횡단중,운전자법규위반,안전운전 의무 불이행,단일로,기타단일로,승용차,중형,보행자,보행자,1009575,2019346,127.6093172,38.17431009
2016,야간,목,1,1,0,0,0,경기,수원시,차량단독,공작물충돌,공작물충돌,운전자법규위반,안전운전 의무 불이행,단일로,기타단일로,이륜차,소형,,,957223,1916958,127.0176447,37.25052062
2016,주간,토,1,1,0,0,0,경남,사천시,차대사람,횡단중,횡단중,운전자법규위반,안전운전 의무 불이행,교차로,교차로부근,승용차,소형,보행자,보행자,1053264,1660566,128.0832651,34.93852497
2016,주간,토,1,1,0,0,0,경남,김해시,차대차,측면직각충돌,측면직각충돌,운전자법규위반,안전운전 의무 불이행,교차로,교차로내,건설기계,건설기계,이륜차,소형,1118570,1704315,128.8045534,35.32738137
2016,야간,화,1,1,0,0,0,경북,군위군,차대사람,길가장자리구역통행중,길가장자리구역통행중,운전자법규위반,안전운전 의무 불이행,단일로,기타단일로,승용차,경형,보행자,보행자,1104057,1785239,128.6553813,36.05849487
2016,야간,월,1,1,0,0,0,경기,가평군,차량단독,공작물충돌,공작물충돌,운전자법규위반,안전운전 의무 불이행,단일로,기타단일로,승용차,경형,,,987627,1978431,127.3594436,37.80551369
2016,주간,화,1,1,0,0,0,강원,삼척시,차대사람,길가장자리구역통행중,길가장자리구역통행중,운전자법규위반,안전운전 의무 불이행,단일로,기타단일로,화물차,소형,보행자,보행자,1122275,1922490,128.8795277,37.29332819
2016,주간,월,1,1,0,0,0,전남,보성군,차대차,측면직각충돌,측면직각충돌,운전자법규위반,안전운전 의무 불이행,교차로,교차로내,화물차,소형,이륜차,소형,986353,1650186,127.3507253,34.84623081
2016,주간,금,1,2,0,1,0,충남,서산시,차대차,정면충돌,정면충돌,운전자법규위반,신호위반,교차로,교차로내,특수차,대형,승용차,경형,907676,1873637,126.4643319,36.85648065
2016,야간,토,1,1,0,0,0,경북,영덕군,차대사람,차도통행중,차도통행중,운전자법규위반,안전운전 의무 불이행,단일로,기타단일로,화물차,대형,보행자,보행자,1167691,1823177,129.3697807,36.39145811
2016,야간,금,1,1,0,0,0,전남,목포시,차대차,기타,기타,운전자법규위반,안전운전 의무 불이행,단일로,기타단일로,화물차,소형,승합차,중형,901926,1647115,126.4276801,34.81390386
2016,주간,월,1,1,0,0,0,부산,동구,차대사람,횡단중,횡단중,운전자법규위반,신호위반,단일로,횡단보도상,건설기계,건설기계,보행자,보행자,1140292,1681098,129.0394375,35.11520696
2016,주간,월,1,3,0,2,0,전북,완주군,차대차,정면충돌,정면충돌,운전자법규위반,중앙선 침범,단일로,교량위,승합차,대형,화물차,소형,968845,1748965,127.1554666,35.73651998
2016,주간,일,1,1,0,0,0,울산,중구,차량단독,공작물충돌,공작물충돌,운전자법규위반,안전운전 의무 불이행,교차로,교차로부근,원동기장치자전거,원동기장치자전거,,,1167033,1731804,129.3431942,35.56818806
2016,야간,토,1,1,0,0,0,경기,화성시,차대사람,횡단중,횡단중,운전자법규위반,안전운전 의무 불이행,교차로,교차로내,승용차,중형,보행자,보행자,953128,1914400,126.971632,37.22726653
2016,야간,일,1,1,0,0,0,전북,전주시,차대사람,횡단중,횡단중,운전자법규위반,안전운전 의무 불이행,단일로,기타단일로,승용차,중형,보행자,보행자,967658,1760812,127.1418612,35.84329522
2016,주간,일,1,1,0,0,0,대구,수성구,차대사람,횡단중,횡단중,운전자법규위반,보행자 보호의무 위반,단일로,횡단보도상,승용차,대형,보행자,보행자,1102977,1762723,128.64047,35.85564582
2016,야간,토,1,1,0,0,0,경기,수원시,차대차,측면직각충돌,측면직각충돌,운전자법규위반,안전운전 의무 불이행,교차로,교차로내,자전거,자전거,승용차,중형,957299,1916916,127.0185041,37.25014553
2016,주간,화,1,1,0,0,0,부산,남구,차대사람,횡단중,횡단중,운전자법규위반,신호위반,교차로,교차로내,화물차,대형,보행자,보행자,1144007,1681528,129.0803465,35.11864389
2016,야간,수,1,1,0,0,0,대구,남구,차대사람,횡단중,횡단중,운전자법규위반,안전운전 의무 불이행,단일로,횡단보도상,승용차,중형,보행자,보행자,1098212,1762798,128.5877156,35.8568112
2016,야간,금,1,1,0,0,0,충남,서산시,차대차,추돌,진행중 추돌,운전자법규위반,안전운전 의무 불이행,단일로,기타단일로,승용차,대형,자전거,자전거,905099,1866756,126.4362871,36.79420589
2016,야간,목,1,1,0,0,0,전남,영암군,차량단독,도로이탈,도로이탈 추락,운전자법규위반,안전운전 의무 불이행,단일로,기타단일로,원동기장치자전거,원동기장치자전거,,,918025,1644068,126.6039794,34.78785404
2016,주간,화,1,1,0,0,0,경남,거제시,차량단독,공작물충돌,공작물충돌,운전자법규위반,안전운전 의무 불이행,단일로,기타단일로,화물차,소형,,,1108435,1666009,128.688035,34.98319465
2016,야간,토,1,1,0,0,0,충북,청주시,차대차,정면충돌,정면충돌,운전자법규위반,안전운전 의무 불이행,교차로,교차로내,이륜차,소형,승용차,경형,1013892,1848411,127.6553892,36.63348367
2016,야간,일,1,1,0,0,0,경북,경주시,차대사람,길가장자리구역통행중,길가장자리구역통행중,운전자법규위반,안전운전 의무 불이행,단일로,기타단일로,승용차,경형,보행자,보행자,1176451,1742611,129.4494313,35.66393966
2016,야간,수,1,1,0,0,0,전남,순천시,차량단독,전도전복,전도전복,운전자법규위반,안전운전 의무 불이행,단일로,기타단일로,승용차,중형,,,1005456,1655588,127.5597145,34.895021
2016,야간,월,1,1,0,0,0,울산,남구,차대차,측면직각충돌,측면직각충돌,운전자법규위반,중앙선 침범,단일로,기타단일로,승용차,소형,화물차,대형,1164110,1725987,129.3097752,35.51625335
2016,야간,화,1,2,1,0,0,경기,양주시,차대차,정면충돌,정면충돌,운전자법규위반,중앙선 침범,단일로,기타단일로,승용차,경형,승용차,경형,958553,1976167,127.0293011,37.78425144
2016,주간,토,1,1,0,0,0,부산,동래구,차대차,측면직각충돌,측면직각충돌,운전자법규위반,부당한 회전,단일로,횡단보도상,자전거,자전거,승용차,중형,1145295,1690337,129.0960268,35.19786049
2016,야간,토,1,2,1,0,0,강원,원주시,차대차,추돌,진행중 추돌,운전자법규위반,안전운전 의무 불이행,단일로,기타단일로,승용차,소형,화물차,소형,1024556,1921788,127.777057,37.29471651
2016,주간,토,1,1,0,0,0,경남,창원시(통합),차대사람,기타,기타,운전자법규위반,안전운전 의무 불이행,단일로,기타단일로,승용차,경형,보행자,보행자,1111644,1680444,128.7251282,35.11298152
2016,야간,목,1,2,1,0,0,서울,성동구,차량단독,전도전복,전도전복,운전자법규위반,안전운전 의무 불이행,단일로,기타단일로,이륜차,대형,,,959685,1948851,127.0436661,37.53809937
2016,야간,목,1,1,0,0,0,경남,밀양시,차량단독,전도전복,전도전복,운전자법규위반,안전운전 의무 불이행,단일로,기타단일로,자전거,자전거,,,1131688,1719476,128.9512906,35.46239871
2016,주간,화,1,1,0,0,0,전북,전주시,차대사람,기타,기타,운전자법규위반,안전운전 의무 불이행,교차로,교차로내,승합차,소형,보행자,보행자,964737,1759689,127.1095658,35.83306953
2016,야간,화,1,1,0,0,0,충남,예산군,차량단독,전도전복,전도전복,운전자법규위반,안전운전 의무 불이행,단일로,기타단일로,이륜차,소형,,,933685,1862727,126.7570187,36.76032236
2016,주간,목,1,1,0,0,0,전남,목포시,차대차,기타,기타,운전자법규위반,과속,교차로,교차로부근,승합차,대형,화물차,대형,895569,1641786,126.3588479,34.76522549
2016,야간,토,1,1,0,0,0,경기,김포시,차량단독,전도전복,전도전복,운전자법규위반,안전운전 의무 불이행,단일로,기타단일로,이륜차,소형,,,923988,1964085,126.6380533,37.67314307
2016,야간,일,1,2,1,0,0,경기,안성시,차량단독,기타,기타,운전자법규위반,안전운전 의무 불이행,단일로,기타단일로,이륜차,소형,,,976245,1890585,127.2329713,37.01347047
2016,주간,일,1,2,1,0,0,전북,전주시,차대차,기타,기타,운전자법규위반,안전운전 의무 불이행,단일로,기타단일로,승용차,대형,승용차,중형,960382,1764226,127.0611228,35.87380835
2016,야간,토,1,1,0,0,0,인천,서구,차대사람,횡단중,횡단중,운전자법규위반,안전운전 의무 불이행,단일로,기타단일로,승용차,경형,보행자,보행자,925546,1956136,126.6567603,37.60170894
2016,주간,월,1,1,0,0,0,전북,정읍시,차량단독,도로이탈,도로이탈 기타,운전자법규위반,안전운전 의무 불이행,단일로,기타단일로,농기계,농기계,,,930503,1732018,126.7338384,35.57951148
2016,주간,화,1,1,0,0,0,제주,서귀포시,차량단독,전도전복,전도전복,운전자법규위반,안전운전 의무 불이행,단일로,기타단일로,승용차,중형,,,941248,1486510,126.8684364,33.36856147
2016,야간,수,1,1,0,0,0,전북,전주시,차량단독,전도전복,전도전복,운전자법규위반,안전운전 의무 불이행,단일로,기타단일로,승용차,소형,,,966149,1759672,127.1252,35.83296603
2016,야간,화,1,1,0,0,0,충북,청주시,차대차,기타,기타,운전자법규위반,안전운전 의무 불이행,단일로,기타단일로,승용차,경형,자전거,자전거,997826,1851088,127.4756751,36.65771559
2016,야간,토,1,1,0,0,0,인천,강화군,차대차,정면충돌,정면충돌,운전자법규위반,중앙선 침범,단일로,기타단일로,화물차,소형,이륜차,소형,908692,1974255,126.46335,37.76339862
2016,야간,일,1,1,0,0,0,인천,서구,차량단독,전도전복,전도전복,운전자법규위반,중앙선 침범,단일로,기타단일로,이륜차,소형,,,926908,1946674,126.6729005,37.5164624
2016,야간,일,2,2,0,0,0,경기,평택시,차대사람,기타,기타,운전자법규위반,안전운전 의무 불이행,단일로,기타단일로,승용차,중형,보행자,보행자,963740,1895710,127.0921589,37.05926847
2016,주간,토,1,2,0,1,0,전남,영암군,차대차,측면직각충돌,측면직각충돌,운전자법규위반,안전운전 의무 불이행,교차로,교차로내,원동기장치자전거,원동기장치자전거,승용차,대형,919392,1644240,126.6189032,34.78951398
2016,주간,수,1,1,0,0,0,충북,충주시,차대사람,횡단중,횡단중,운전자법규위반,안전운전 의무 불이행,기타/불명,기타/불명,화물차,소형,보행자,보행자,1036486,1887620,127.909991,36.98633512
2016,주간,수,1,1,0,0,0,서울,동작구,차대차,측면직각충돌,측면직각충돌,운전자법규위반,안전운전 의무 불이행,교차로,교차로내,승용차,중형,이륜차,중형,948955,1944670,126.9225065,37.49988349
2016,주간,수,1,3,0,2,0,서울,서대문구,차대사람,차도통행중,차도통행중,운전자법규위반,안전운전 의무 불이행,단일로,기타단일로,승용차,중형,보행자,보행자,950118,1953537,126.9350607,37.57986683
2016,주간,월,1,1,0,0,0,충북,진천군,차대사람,횡단중,횡단중,운전자법규위반,신호위반,교차로,교차로내,건설기계,건설기계,보행자,보행자,995434,1872393,127.4487834,36.84976745
2016,주간,토,1,1,0,0,0,전북,전주시,차대차,정면충돌,정면충돌,운전자법규위반,안전운전 의무 불이행,교차로,교차로내,이륜차,소형,승용차,중형,972760,1753662,127.1986011,35.77898517
2016,주간,토,1,2,1,0,0,강원,영월군,차량단독,전도전복,전도전복,운전자법규위반,안전운전 의무 불이행,기타/불명,기타/불명,승용차,경형,,,1061098,1923635,128.1894809,37.30968102
2016,야간,목,1,1,0,0,0,경기,화성시,차량단독,전도전복,전도전복,운전자법규위반,안전운전 의무 불이행,단일로,기타단일로,승용차,대형,,,950654,1913031,126.9438354,37.21479912
2016,야간,토,1,2,0,1,0,경기,부천시,차대사람,횡단중,횡단중,운전자법규위반,과속,교차로,교차로부근,원동기장치자전거,원동기장치자전거,보행자,보행자,935445,1945774,126.7695754,37.50898773
2016,주간,토,1,1,0,0,0,경기,평택시,차량단독,전도전복,전도전복,운전자법규위반,안전운전 의무 불이행,단일로,기타단일로,승용차,중형,,,950651,1889644,126.9453411,37.00399232
2016,주간,토,1,2,1,0,0,전남,고흥군,차량단독,전도전복,전도전복,운전자법규위반,안전운전 의무 불이행,단일로,기타단일로,화물차,소형,,,983171,1628858,127.3163461,34.65385219
2016,주간,토,1,1,0,0,0,전남,완도군,차량단독,전도전복,전도전복,운전자법규위반,안전운전 의무 불이행,단일로,기타단일로,화물차,소형,,,946327,1596856,126.9162974,34.36399931
2016,주간,목,1,1,0,0,0,충남,홍성군,차대차,측면직각충돌,측면직각충돌,운전자법규위반,차로위반(진로변경 위반),단일로,기타단일로,이륜차,소형,승용차,경형,923435,1839828,126.6444774,36.55313964
2016,주간,화,1,8,3,4,0,경기,파주시,차대차,정면충돌,정면충돌,운전자법규위반,중앙선 침범,단일로,기타단일로,화물차,중형,승용차,중형,939602,1987797,126.8131221,37.8880106
2016,주간,월,1,1,0,0,0,강원,속초시,차대차,측면직각충돌,측면직각충돌,운전자법규위반,안전운전 의무 불이행,교차로,교차로부근,자전거,자전거,화물차,소형,1092632,2021566,128.5577813,38.18960404
2016,야간,일,1,1,0,0,0,충남,공주시,차대사람,횡단중,횡단중,운전자법규위반,보행자 보호의무 위반,교차로,교차로내,화물차,소형,보행자,보행자,967240,1828179,127.134425,36.4506312
2016,주간,일,1,1,0,0,0,충남,부여군,차대차,측면직각충돌,측면직각충돌,운전자법규위반,안전운전 의무 불이행,교차로,교차로내,화물차,소형,자전거,자전거,952407,1802826,126.9704555,36.22145096
2016,주간,월,1,1,0,0,0,경기,양평군,차량단독,전도전복,전도전복,운전자법규위반,안전운전 의무 불이행,기타/불명,기타/불명,승용차,대형,,,1002563,1945076,127.5289984,37.50495105
2016,야간,일,1,1,0,0,0,경기,의정부시,차대사람,기타,기타,운전자법규위반,안전운전 의무 불이행,교차로,교차로내,승용차,중형,보행자,보행자,959507,1969354,127.0405149,37.72288874
2016,주간,토,1,2,1,0,0,충남,천안시,차대차,측면직각충돌,측면직각충돌,운전자법규위반,안전운전 의무 불이행,교차로,교차로내,승용차,중형,이륜차,소형,970640,1861824,127.1710805,36.75404719
2016,야간,금,1,1,0,0,0,서울,성북구,차대사람,횡단중,횡단중,운전자법규위반,안전운전 의무 불이행,교차로,교차로부근,화물차,소형,보행자,보행자,958835,1955813,127.0336539,37.60081213
2016,주간,목,1,1,0,0,0,경북,안동시,차대차,측면직각충돌,측면직각충돌,운전자법규위반,안전운전 의무 불이행,단일로,기타단일로,이륜차,사발이,화물차,소형,1096332,1845360,128.577056,36.60121306
2016,주간,월,1,1,0,0,0,부산,금정구,차대사람,기타,기타,운전자법규위반,안전운전 의무 불이행,단일로,기타단일로,건설기계,건설기계,보행자,보행자,1144390,1694995,129.0868897,35.23997237
2016,야간,월,1,1,0,0,0,경기,광주시,차대사람,횡단중,횡단중,운전자법규위반,신호위반,교차로,교차로부근,승용차,대형,보행자,보행자,986821,1927266,127.3512079,37.34432559
2016,야간,금,1,1,0,0,0,부산,북구,차량단독,공작물충돌,공작물충돌,운전자법규위반,안전운전 의무 불이행,단일로,기타단일로,원동기장치자전거,원동기장치자전거,,,1136966,1691220,129.0047108,35.20699107
2016,주간,수,1,1,0,0,0,충남,서천군,차량단독,기타,기타,운전자법규위반,안전운전 의무 불이행,단일로,기타단일로,화물차,소형,,,909997,1796121,126.4993987,36.15799196
2016,야간,월,1,1,0,0,0,전북,완주군,차량단독,전도전복,전도전복,운전자법규위반,안전운전 의무 불이행,단일로,기타단일로,승용차,중형,,,968971,1765390,127.1562223,35.88461286
2016,주간,월,1,1,0,0,0,부산,연제구,차대사람,차도통행중,차도통행중,운전자법규위반,중앙선 침범,단일로,기타단일로,승용차,중형,보행자,보행자,1143173,1689450,129.072571,35.19017024
2016,주간,토,1,1,0,0,0,경북,상주시,차량단독,전도전복,전도전복,운전자법규위반,안전운전 의무 불이행,기타/불명,기타/불명,농기계,농기계,,,1057196,1842022,128.1392743,36.57427391
2016,야간,목,1,1,0,0,0,경기,수원시,차대사람,기타,기타,운전자법규위반,보행자 보호의무 위반,단일로,기타단일로,승용차,중형,보행자,보행자,956899,1919731,127.0138307,37.27550068
2016,주간,수,1,1,0,0,0,경기,광명시,차대사람,횡단중,횡단중,운전자법규위반,안전운전 의무 불이행,단일로,기타단일로,승합차,경형,보행자,보행자,942465,1941157,126.8493611,37.4678387
2016,주간,월,1,1,0,0,0,경기,이천시,차대차,측면직각충돌,측면직각충돌,운전자법규위반,안전운전 의무 불이행,단일로,기타단일로,이륜차,소형,화물차,소형,1003943,1900790,127.5443768,37.1057539
2016,주간,일,1,1,0,0,0,전북,김제시,차대차,측면직각충돌,측면직각충돌,운전자법규위반,안전운전 의무 불이행,교차로,교차로내,화물차,소형,원동기장치자전거,원동기장치자전거,947138,1763188,126.9105801,35.86769493
2016,야간,목,1,7,0,6,0,경기,안산시,차대차,추돌,진행중 추돌,운전자법규위반,신호위반,교차로,교차로내,승용차,중형,이륜차,소형,943214,1926057,126.8589911,37.33178491
2016,주간,토,1,1,0,0,0,경기,고양시,차량단독,공작물충돌,공작물충돌,운전자법규위반,안전운전 의무 불이행,단일로,기타단일로,원동기장치자전거,원동기장치자전거,,,941591,1959161,126.8380445,37.63005374
2016,야간,일,1,1,0,0,0,서울,은평구,차량단독,공작물충돌,공작물충돌,운전자법규위반,안전운전 의무 불이행,단일로,기타단일로,원동기장치자전거,원동기장치자전거,,,946131,1954100,126.8898667,37.58471643
2016,야간,토,1,1,0,0,0,서울,강북구,차량단독,전도전복,전도전복,운전자법규위반,안전운전 의무 불이행,단일로,기타단일로,이륜차,소형,,,959336,1959305,127.0391352,37.6323085
2016,주간,수,1,1,0,0,0,부산,사하구,차대사람,기타,기타,운전자법규위반,안전운전 의무 불이행,단일로,기타단일로,승합차,중형,보행자,보행자,1136216,1679609,128.9837959,35.0988882
2016,주간,일,1,1,0,0,0,경북,상주시,차대차,추돌,진행중 추돌,운전자법규위반,안전운전 의무 불이행,교차로,교차로부근,원동기장치자전거,원동기장치자전거,승용차,소형,1059253,1823360,128.1608332,36.40591792
2016,야간,일,1,1,0,0,0,세종,세종,차량단독,전도전복,전도전복,운전자법규위반,안전운전 의무 불이행,단일로,기타단일로,승용차,경형,,,987427,1838086,127.3595332,36.54042182
2016,주간,일,1,1,0,0,0,서울,관악구,차대사람,차도통행중,차도통행중,운전자법규위반,기타(운전자법규위반),교차로,교차로부근,승합차,대형,보행자,보행자,948757,1941794,126.9204668,37.47395049
2016,주간,토,1,3,0,2,0,울산,남구,차대차,측면직각충돌,측면직각충돌,운전자법규위반,중앙선 침범,단일로,기타단일로,승용차,중형,특수차,대형,1167080,1724812,129.3422709,35.50516849
2016,주간,목,1,1,0,0,0,대전,유성구,차대차,기타,기타,운전자법규위반,안전운전 의무 불이행,교차로,교차로부근,승용차,대형,자전거,자전거,985730,1817275,127.3409577,36.35278193
2016,야간,수,1,3,0,2,0,전북,고창군,차대차,측면직각충돌,측면직각충돌,운전자법규위반,안전운전 의무 불이행,교차로,교차로내,화물차,소형,승용차,소형,919209,1720748,126.6094227,35.47930768
2016,주간,월,1,1,0,0,0,경북,경산시,차대사람,횡단중,횡단중,운전자법규위반,안전운전 의무 불이행,교차로,교차로내,화물차,소형,보행자,보행자,1120667,1756055,128.8353351,35.79352303
2016,주간,월,1,1,0,0,0,경기,남양주시,차대사람,횡단중,횡단중,운전자법규위반,과속,기타/불명,기타/불명,화물차,소형,보행자,보행자,973423,1963731,127.1986263,37.67271699
2016,주간,월,1,1,0,0,0,경기,부천시,차대사람,횡단중,횡단중,운전자법규위반,안전운전 의무 불이행,교차로,교차로부근,화물차,중형,보행자,보행자,938874,1944060,126.8085136,37.49377298
2016,주간,화,1,1,0,0,0,강원,강릉시,차대사람,횡단중,횡단중,운전자법규위반,보행자 보호의무 위반,단일로,횡단보도상,승용차,경형,보행자,보행자,1122419,1972075,128.9050333,37.76140338
2016,주간,화,1,1,0,0,0,경북,김천시,차량단독,전도전복,전도전복,운전자법규위반,안전운전 의무 불이행,단일로,기타단일로,화물차,소형,,,1055849,1790019,128.1204899,36.10555197
2016,주간,일,1,2,1,0,0,경북,구미시,차량단독,전도전복,전도전복,운전자법규위반,안전운전 의무 불이행,단일로,기타단일로,원동기장치자전거,원동기장치자전거,,,1082527,1795275,128.4174087,36.15103128
2016,주간,금,1,1,0,0,0,충북,영동군,차대사람,기타,기타,운전자법규위반,안전운전 의무 불이행,기타/불명,기타/불명,승합차,대형,보행자,보행자,1044843,1801759,127.9988865,36.21196316
2016,주간,금,1,1,0,0,0,서울,노원구,차대차,추돌,진행중 추돌,운전자법규위반,안전운전 의무 불이행,교차로,교차로부근,승용차,중형,자전거,자전거,962164,1962902,127.070999,37.66484976
2016,야간,목,1,3,2,0,0,부산,금정구,차대사람,기타,기타,운전자법규위반,기타(운전자법규위반),단일로,기타단일로,승용차,중형,보행자,보행자,1144230,1698809,129.0858127,35.27438665
2016,야간,월,1,1,0,0,0,경기,안성시,차대차,측면직각충돌,측면직각충돌,운전자법규위반,안전운전 의무 불이행,교차로,교차로내,자전거,자전거,승용차,경형,979613,1889543,127.2708587,37.00415667
2016,주간,금,1,1,0,0,0,광주,광산구,차대사람,횡단중,횡단중,운전자법규위반,과속,단일로,기타단일로,승용차,중형,보행자,보행자,940726,1691088,126.8487431,35.21340033
2016,야간,화,1,1,0,0,0,충북,청주시,차대사람,기타,기타,운전자법규위반,과속,단일로,기타단일로,승용차,중형,보행자,보행자,1002751,1858143,127.5308064,36.72131422
2016,야간,월,1,1,0,0,0,경북,경산시,차대사람,횡단중,횡단중,운전자법규위반,과속,단일로,기타단일로,승용차,경형,보행자,보행자,1114348,1763751,128.766525,35.86365095
2016,야간,화,1,1,0,0,0,충남,천안시,차대사람,횡단중,횡단중,운전자법규위반,안전운전 의무 불이행,단일로,횡단보도상,승용차,경형,보행자,보행자,966634,1872628,127.1257286,36.85130773
2016,주간,화,2,4,0,2,0,경기,시흥시,차대차,정면충돌,정면충돌,운전자법규위반,중앙선 침범,단일로,기타단일로,승합차,중형,승용차,중형,938470,1935243,126.8046797,37.4142779
2016,주간,금,1,1,0,0,0,인천,연수구,차대차,측면직각충돌,측면직각충돌,운전자법규위반,안전운전 의무 불이행,교차로,교차로부근,승용차,대형,자전거,자전거,923600,1932689,126.636921,37.39015159
2016,주간,일,1,1,0,0,0,전북,완주군,차대차,추돌,진행중 추돌,운전자법규위반,안전운전 의무 불이행,단일로,터널안,승용차,경형,원동기장치자전거,원동기장치자전거,971268,1772208,127.1814246,35.94615362
2016,야간,일,1,4,2,1,0,경남,진주시,차대차,측면직각충돌,측면직각충돌,운전자법규위반,과속,단일로,기타단일로,승용차,중형,화물차,경형,1053483,1701883,128.0883361,35.31105978
2016,주간,일,1,1,0,0,0,충남,아산시,차대차,추돌,진행중 추돌,운전자법규위반,중앙선 침범,단일로,기타단일로,자전거,자전거,승용차,경형,955446,1865128,127.0006742,36.78323865
2016,야간,일,1,1,0,0,0,경기,평택시,차대사람,기타,기타,운전자법규위반,안전운전 의무 불이행,교차로,교차로부근,승용차,소형,보행자,보행자,962582,1889968,127.0794199,37.00746381
2016,주간,토,1,1,0,0,0,경기,남양주시,차량단독,공작물충돌,공작물충돌,운전자법규위반,안전운전 의무 불이행,교차로,교차로부근,승용차,경형,,,965622,1960769,127.1103069,37.64576065
2016,주간,토,1,3,1,1,0,경남,하동군,차대차,측면직각충돌,측면직각충돌,운전자법규위반,안전운전 의무 불이행,교차로,교차로내,승용차,경형,승용차,경형,1036708,1670171,127.9023977,35.02587073
2016,주간,목,1,1,0,0,0,경북,경산시,차대사람,횡단중,횡단중,운전자법규위반,안전운전 의무 불이행,교차로,교차로내,화물차,소형,보행자,보행자,1111719,1749872,128.7354732,35.73884715
2016,야간,월,1,1,0,0,0,경남,남해군,차대사람,기타,기타,운전자법규위반,안전운전 의무 불이행,단일로,기타단일로,승용차,경형,보행자,보행자,1036484,1649674,127.8990462,34.84105082
2016,주간,화,1,2,1,0,0,강원,속초시,차대차,측면직각충돌,측면직각충돌,운전자법규위반,중앙선 침범,단일로,기타단일로,승용차,중형,승용차,대형,1096482,2020703,128.6016206,38.18142333
2016,주간,토,1,1,0,0,0,충북,청주시,차대차,측면직각충돌,측면직각충돌,운전자법규위반,신호위반,교차로,교차로내,승용차,소형,이륜차,대형,994214,1849598,127.4352716,36.6442682
2016,야간,수,1,1,0,0,0,전북,군산시,차량단독,전도전복,전도전복,운전자법규위반,안전운전 의무 불이행,단일로,기타단일로,승용차,중형,,,938937,1769859,126.8231085,35.92341833
2016,주간,목,1,2,0,1,0,경남,창녕군,차대차,측면직각충돌,측면직각충돌,운전자법규위반,안전운전 의무 불이행,교차로,교차로내,승합차,소형,이륜차,중형,1087147,1711077,128.4595974,35.39158122
2016,주간,수,1,1,0,0,0,충북,청주시,차대사람,기타,기타,운전자법규위반,안전운전 의무 불이행,지하도로내,지하도로내,화물차,소형,보행자,보행자,999248,1855621,127.4915814,36.69858241
2016,야간,금,1,1,0,0,0,경북,구미시,차대사람,횡단중,횡단중,운전자법규위반,안전운전 의무 불이행,교차로,교차로내,화물차,중형,보행자,보행자,1074587,1792203,128.3288614,36.12398146
2016,야간,수,1,1,0,0,0,경북,안동시,차대사람,차도통행중,차도통행중,운전자법규위반,안전운전 의무 불이행,단일로,기타단일로,승용차,중형,보행자,보행자,1110529,1841605,128.7352172,36.56582933
2016,야간,화,1,1,0,0,0,전북,김제시,차대차,측면직각충돌,측면직각충돌,운전자법규위반,중앙선 침범,단일로,기타단일로,자전거,자전거,화물차,소형,949659,1768174,126.9420913,35.90890957
2016,야간,월,1,2,1,0,0,충남,예산군,차대차,정면충돌,정면충돌,운전자법규위반,직진 및 우회전차의 통행방해,교차로,교차로내,화물차,소형,승용차,대형,941009,1856724,126.8395339,36.70669401
2016,야간,금,1,1,0,0,0,서울,강남구,차대차,측면직각충돌,측면직각충돌,운전자법규위반,신호위반,교차로,교차로부근,승용차,중형,이륜차,중형,960852,1946825,127.0569832,37.51988863
2016,야간,토,1,1,0,0,0,전북,익산시,차량단독,전도전복,전도전복,운전자법규위반,안전운전 의무 불이행,단일로,기타단일로,이륜차,사발이,,,949139,1788157,126.9350451,36.08903954
2016,주간,토,1,3,2,0,0,강원,양양군,차대차,정면충돌,정면충돌,운전자법규위반,중앙선 침범,교차로,교차로부근,승용차,경형,승용차,대형,1104355,2004523,128.6891303,38.03475117
2016,주간,금,1,1,0,0,0,제주,서귀포시,차량단독,전도전복,전도전복,운전자법규위반,안전운전 의무 불이행,교차로,교차로내,농기계,농기계,,,888297,1477885,126.3003809,33.28658193
2016,주간,월,1,1,0,0,0,경남,합천군,차량단독,전도전복,전도전복,운전자법규위반,안전운전 의무 불이행,단일로,기타단일로,건설기계,건설기계,,,1073020,1728517,128.3056233,35.54995299
2016,주간,일,1,1,0,0,0,강원,강릉시,차대사람,횡단중,횡단중,운전자법규위반,안전운전 의무 불이행,교차로,교차로부근,승용차,경형,보행자,보행자,1116368,1988215,128.8233471,37.88634312
2016,주간,일,1,1,0,0,0,경남,창녕군,차대차,정면충돌,정면충돌,운전자법규위반,안전운전 의무 불이행,단일로,기타단일로,화물차,소형,이륜차,소형,1082270,1734364,128.4082619,35.60194132
2016,주간,일,1,1,0,0,0,전남,고흥군,차대사람,횡단중,횡단중,운전자법규위반,안전운전 의무 불이행,단일로,기타단일로,화물차,소형,보행자,보행자,977012,1618075,127.2494261,34.55649198
2016,야간,일,1,1,0,0,0,인천,남구,차대사람,횡단중,횡단중,운전자법규위반,안전운전 의무 불이행,단일로,횡단보도상,승용차,중형,보행자,보행자,928767,1940113,126.6945699,37.4574749
2016,주간,토,1,3,1,0,1,충남,부여군,차대차,측면직각충돌,측면직각충돌,운전자법규위반,중앙선 침범,단일로,기타단일로,화물차,소형,화물차,소형,944350,1801988,126.8808731,36.21346605
2016,야간,금,1,4,2,1,0,전남,목포시,차대차,정면충돌,정면충돌,운전자법규위반,직진 및 우회전차의 통행방해,교차로,교차로내,승용차,중형,승용차,중형,895574,1640646,126.359044,34.75494775
2016,주간,수,1,1,0,0,0,경북,상주시,차대차,측면직각충돌,측면직각충돌,운전자법규위반,교차로 통행방법 위반,단일로,기타단일로,원동기장치자전거,원동기장치자전거,화물차,소형,1058574,1830548,128.1538043,36.4707572
2016,주간,토,1,2,1,0,0,전남,신안군,차량단독,도로이탈,도로이탈 추락,운전자법규위반,안전운전 의무 불이행,단일로,기타단일로,이륜차,사발이,,,861898,1634636,125.9921842,34.6967667
2016,야간,금,1,1,0,0,0,경기,이천시,차대사람,횡단중,횡단중,운전자법규위반,보행자 보호의무 위반,단일로,기타단일로,승용차,중형,보행자,보행자,995539,1919737,127.4496801,37.27654239
2016,주간,금,1,1,0,0,0,경기,화성시,차대차,추돌,진행중 추돌,운전자법규위반,안전거리 미확보,단일로,기타단일로,이륜차,중형,화물차,소형,950214,1910565,126.939041,37.19254798
2016,주간,화,1,1,0,0,0,인천,서구,차대사람,횡단중,횡단중,운전자법규위반,신호위반,단일로,기타단일로,승용차,소형,보행자,보행자,927346,1951494,126.6773792,37.55993811
2016,주간,월,1,1,0,0,0,충남,논산시,차대사람,횡단중,횡단중,운전자법규위반,안전운전 의무 불이행,단일로,터널안,승용차,대형,보행자,보행자,961202,1798044,127.0685471,36.17873242
2016,주간,월,1,1,0,0,0,경기,파주시,차대사람,횡단중,횡단중,운전자법규위반,보행자 보호의무 위반,교차로,교차로내,화물차,소형,보행자,보행자,936281,1973518,126.7766138,37.75909541
2016,주간,토,1,1,0,0,0,경북,영주시,차대사람,횡단중,횡단중,운전자법규위반,보행자 보호의무 위반,교차로,교차로내,화물차,소형,보행자,보행자,1100102,1870084,128.622437,36.82366551
2016,야간,목,1,1,0,0,0,경북,경주시,차대사람,길가장자리구역통행중,길가장자리구역통행중,운전자법규위반,안전운전 의무 불이행,단일로,기타단일로,승용차,중형,보행자,보행자,1157616,1771234,129.2470729,35.92508056
2016,주간,목,1,2,0,1,0,경북,경주시,차대차,기타,기타,운전자법규위반,안전운전 의무 불이행,단일로,기타단일로,승용차,중형,이륜차,소형,1155859,1761058,129.2256149,35.83365603
2016,야간,월,1,1,0,0,0,경북,예천군,차대차,측면직각충돌,측면직각충돌,운전자법규위반,안전운전 의무 불이행,교차로,교차로내,화물차,소형,농기계,농기계,1094247,1856435,128.555109,36.70124517
2016,야간,월,1,1,0,0,0,부산,금정구,차대사람,횡단중,횡단중,운전자법규위반,안전운전 의무 불이행,단일로,횡단보도상,화물차,소형,보행자,보행자,1144775,1696643,129.0914264,35.25477551
2016,야간,수,1,1,0,0,0,강원,춘천시,차대사람,길가장자리구역통행중,길가장자리구역통행중,운전자법규위반,안전운전 의무 불이행,단일로,기타단일로,승용차,경형,보행자,보행자,1022193,1985329,127.7523218,37.86749989
2016,주간,월,1,1,0,0,0,충남,홍성군,차대차,정면충돌,정면충돌,운전자법규위반,중앙선 침범,단일로,기타단일로,승용차,경형,화물차,소형,912739,1843322,126.5245811,36.58371644
2016,야간,일,1,1,0,0,0,인천,계양구,차대사람,기타,기타,운전자법규위반,안전운전 의무 불이행,단일로,기타단일로,승용차,중형,보행자,보행자,933243,1951559,126.7442633,37.56082505
2016,야간,일,1,1,0,0,0,경남,창원시(통합),차대사람,횡단중,횡단중,운전자법규위반,안전운전 의무 불이행,단일로,기타단일로,승용차,경형,보행자,보행자,1096885,1689208,128.5642252,35.19352329
2016,주간,일,1,1,0,0,0,전북,순창군,차대차,측면직각충돌,측면직각충돌,운전자법규위반,신호위반,교차로,교차로내,이륜차,소형,승용차,대형,968008,1708118,127.147825,35.36819839
2016,야간,목,1,1,0,0,0,경기,포천시,차대사람,횡단중,횡단중,운전자법규위반,과속,단일로,기타단일로,화물차,소형,보행자,보행자,974301,2011294,127.2068879,38.10142523
2016,주간,토,1,1,0,0,0,경북,의성군,차대차,추돌,진행중 추돌,운전자법규위반,안전운전 의무 불이행,단일로,기타단일로,승용차,경형,농기계,농기계,1104535,1826370,128.6661831,36.42918661
2016,야간,토,1,1,0,0,0,경북,칠곡군,차량단독,공작물충돌,공작물충돌,운전자법규위반,안전운전 의무 불이행,교차로,교차로부근,승용차,중형,,,1081619,1777247,128.4054515,35.98859103
2016,야간,토,1,1,0,0,0,서울,강동구,차량단독,전도전복,전도전복,운전자법규위반,중앙선 침범,단일로,기타단일로,이륜차,대형,,,970437,1950608,127.1652972,37.55434357
2016,주간,목,1,1,0,0,0,충남,부여군,차대차,측면직각충돌,측면직각충돌,운전자법규위반,중앙선 침범,단일로,기타단일로,이륜차,소형,화물차,소형,935165,1801306,126.7787497,36.20674562
2016,야간,수,1,1,0,0,0,경기,고양시,차대차,추돌,진행중 추돌,운전자법규위반,안전운전 의무 불이행,단일로,기타단일로,승용차,소형,화물차,대형,932618,1961483,126.736146,37.6503668
2016,주간,수,1,1,0,0,0,전북,순창군,차대차,측면직각충돌,측면직각충돌,운전자법규위반,중앙선 침범,교차로,교차로부근,승합차,경형,승용차,경형,967609,1708447,127.1456553,35.37449481
2016,야간,월,1,1,0,0,0,강원,속초시,차대사람,기타,기타,운전자법규위반,안전운전 의무 불이행,단일로,기타단일로,승용차,경형,보행자,보행자,1091587,2018884,128.5455046,38.1655431
2016,야간,일,1,1,0,0,0,부산,북구,차대차,정면충돌,정면충돌,운전자법규위반,중앙선 침범,단일로,횡단보도상,원동기장치자전거,원동기장치자전거,승합차,대형,1136848,1691516,129.003464,35.20967532
2016,야간,금,1,1,0,0,0,서울,강동구,차대사람,차도통행중,차도통행중,운전자법규위반,안전운전 의무 불이행,교차로,교차로내,승용차,경형,보행자,보행자,967788,1950420,127.1353148,37.55256023
2016,주간,토,1,1,0,0,0,충북,충주시,차대차,측면직각충돌,측면직각충돌,운전자법규위반,교차로 통행방법 위반,교차로,교차로내,승용차,중형,화물차,소형,1041573,1878126,127.9666295,36.90054298
2016,야간,토,1,1,0,0,0,충북,제천시,차량단독,공작물충돌,공작물충돌,운전자법규위반,안전운전 의무 불이행,단일로,기타단일로,이륜차,중형,,,1043927,1902860,127.9944931,37.12339043
2016,야간,금,1,1,0,0,0,세종,세종,차대사람,횡단중,횡단중,운전자법규위반,안전운전 의무 불이행,단일로,기타단일로,승용차,소형,보행자,보행자,981254,1847386,127.2903417,36.62416018
2016,야간,토,1,2,1,0,0,경기,수원시,차량단독,전도전복,전도전복,운전자법규위반,안전운전 의무 불이행,단일로,기타단일로,원동기장치자전거,원동기장치자전거,,,960150,1918559,127.050563,37.2650815
2016,주간,토,1,1,0,0,0,충남,홍성군,차대차,측면직각충돌,측면직각충돌,운전자법규위반,교차로 통행방법 위반,교차로,교차로내,승용차,경형,이륜차,소형,925051,1842057,126.6623156,36.57336031
2016,주간,화,2,2,0,0,0,경북,성주군,차대차,추돌,진행중 추돌,운전자법규위반,안전운전 의무 불이행,교차로,교차로부근,승합차,소형,농기계,농기계,1069457,1775207,128.2703638,35.97114249
2016,주간,토,1,1,0,0,0,경기,용인시,차대사람,횡단중,횡단중,운전자법규위반,안전운전 의무 불이행,교차로,교차로내,승용차,중형,보행자,보행자,963460,1924699,127.087591,37.32056175
2016,야간,화,1,1,0,0,0,경기,광주시,차대차,측면직각충돌,측면직각충돌,운전자법규위반,신호위반,단일로,횡단보도상,화물차,소형,자전거,자전거,979607,1935197,127.2695431,37.41568339
2016,야간,목,1,5,0,3,1,대구,수성구,차대차,측면직각충돌,측면직각충돌,운전자법규위반,안전운전 의무 불이행,단일로,기타단일로,승용차,경형,승용차,경형,1101659,1759633,128.6320884,35.82530637
2016,주간,목,1,1,0,0,0,충남,홍성군,차량단독,전도전복,전도전복,운전자법규위반,안전운전 의무 불이행,단일로,기타단일로,농기계,농기계,,,925164,1833110,126.6644465,36.49271934
2016,야간,월,1,1,0,0,0,경기,파주시,차대사람,차도통행중,차도통행중,운전자법규위반,안전운전 의무 불이행,교차로,교차로내,승합차,중형,보행자,보행자,944634,1983518,126.8706734,37.84976586
2016,야간,월,1,1,0,0,0,충남,당진시,차량단독,전도전복,전도전복,운전자법규위반,안전운전 의무 불이행,단일로,기타단일로,승용차,경형,,,925683,1878579,126.6658239,36.90261444
2016,야간,토,1,1,0,0,0,전북,정읍시,차량단독,전도전복,전도전복,운전자법규위반,안전운전 의무 불이행,단일로,기타단일로,화물차,대형,,,947613,1738093,126.9213854,35.63759712
2016,주간,금,1,1,0,0,0,충남,홍성군,차량단독,전도전복,전도전복,운전자법규위반,안전운전 의무 불이행,단일로,기타단일로,승용차,경형,,,921814,1837194,126.6266337,36.52926524
2016,주간,목,1,4,3,0,0,대전,동구,차대차,측면직각충돌,측면직각충돌,운전자법규위반,신호위반,교차로,교차로부근,승용차,경형,승용차,경형,997868,1814916,127.4762448,36.33161801
2016,주간,일,1,1,0,0,0,경기,파주시,차대차,측면직각충돌,측면직각충돌,운전자법규위반,신호위반,교차로,교차로내,이륜차,소형,승합차,소형,933842,1968260,126.7494052,37.71153432
2016,야간,화,1,1,0,0,0,충북,충주시,차대사람,기타,기타,운전자법규위반,과속,단일로,기타단일로,승용차,경형,보행자,보행자,1044253,1871270,127.9963098,36.83861907
2016,야간,수,2,4,0,2,0,경북,영덕군,차대차,정면충돌,정면충돌,운전자법규위반,중앙선 침범,단일로,기타단일로,이륜차,중형,승용차,중형,1171309,1849745,129.415995,36.63020114
2016,주간,목,1,1,0,0,0,경북,청도군,차량단독,전도전복,전도전복,운전자법규위반,안전운전 의무 불이행,단일로,기타단일로,이륜차,사발이,,,1115132,1740707,128.7718958,35.65583883
2016,야간,수,1,2,1,0,0,경기,군포시,차대사람,횡단중,횡단중,운전자법규위반,안전운전 의무 불이행,단일로,기타단일로,승용차,중형,보행자,보행자,949866,1929105,126.9338701,37.35964091
2016,주간,목,1,1,0,0,0,경기,고양시,차량단독,기타,기타,운전자법규위반,안전운전 의무 불이행,단일로,기타단일로,자전거,자전거,,,929310,1963534,126.6984505,37.66860275
2016,주간,일,1,2,0,1,0,전북,순창군,차량단독,전도전복,전도전복,운전자법규위반,안전운전 의무 불이행,단일로,기타단일로,승용차,경형,,,965518,1715840,127.1200885,35.43774191
2016,주간,수,1,1,0,0,0,경남,창녕군,차대차,기타,기타,운전자법규위반,안전운전 의무 불이행,교차로,교차로내,승용차,중형,원동기장치자전거,원동기장치자전거,1089095,1727570,128.482852,35.54010025
2016,야간,월,1,1,0,0,0,강원,화천군,차대차,측면직각충돌,측면직각충돌,운전자법규위반,안전운전 의무 불이행,교차로,교차로부근,화물차,소형,자전거,자전거,1018088,2010910,127.7062951,38.09814883
2016,야간,토,1,2,0,1,0,경기,수원시,차대사람,횡단중,횡단중,운전자법규위반,과속,단일로,횡단보도상,이륜차,소형,보행자,보행자,956749,1922367,127.0119854,37.29925374
2016,야간,금,1,1,0,0,0,부산,기장군,차량단독,전도전복,전도전복,운전자법규위반,안전운전 의무 불이행,단일로,기타단일로,승용차,소형,,,1149106,1708218,129.1453487,35.36466103
2016,주간,금,1,1,0,0,0,충북,진천군,차대차,측면직각충돌,측면직각충돌,운전자법규위반,신호위반,교차로,교차로내,이륜차,중형,승합차,대형,994765,1874583,127.4412642,36.86950603
2016,주간,화,1,3,2,0,0,인천,강화군,차대차,측면직각충돌,측면직각충돌,운전자법규위반,신호위반,교차로,교차로내,화물차,대형,승합차,대형,913815,1959314,126.5232732,37.62924683
2016,야간,화,1,1,0,0,0,충북,제천시,차대차,정면충돌,정면충돌,운전자법규위반,중앙선 침범,단일로,기타단일로,이륜차,소형,승용차,경형,1052910,1910173,128.0962232,37.18880711
2016,야간,일,1,1,0,0,0,대전,동구,차대차,측면직각충돌,측면직각충돌,운전자법규위반,신호위반,단일로,기타단일로,원동기장치자전거,원동기장치자전거,자전거,자전거,995393,1815383,127.4486651,36.33581956
2016,야간,금,1,2,0,1,0,전북,전주시,차대차,기타,기타,운전자법규위반,안전거리 미확보,단일로,기타단일로,화물차,소형,승용차,중형,961338,1763749,127.0713717,35.86787402
2016,야간,금,1,1,0,0,0,경북,경산시,차량단독,전도전복,전도전복,운전자법규위반,안전운전 의무 불이행,단일로,기타단일로,이륜차,소형,,,1112849,1759357,128.7493041,35.82421717
2016,주간,수,1,1,0,0,0,서울,양천구,차대사람,횡단중,횡단중,운전자법규위반,안전운전 의무 불이행,단일로,기타단일로,승용차,중형,보행자,보행자,941394,1947232,126.8367663,37.52252579
2016,야간,화,1,1,0,0,0,경북,군위군,차대차,정면충돌,정면충돌,운전자법규위반,안전운전 의무 불이행,교차로,교차로내,승용차,소형,이륜차,중형,1104772,1800502,128.6653509,36.19599703
2016,주간,화,1,9,6,2,0,전남,순천시,차대차,기타,기타,운전자법규위반,신호위반,교차로,교차로내,승용차,소형,화물차,소형,992885,1677145,127.4219438,35.08939978
2016,주간,월,1,2,1,0,0,제주,서귀포시,차량단독,전도전복,전도전복,운전자법규위반,안전운전 의무 불이행,단일로,기타단일로,화물차,소형,,,901947,1475892,126.447166,33.26993648
2016,주간,토,1,6,3,2,0,충북,단양군,차대차,측면직각충돌,측면직각충돌,운전자법규위반,직진 및 우회전차의 통행방해,교차로,교차로내,화물차,소형,승용차,경형,1074496,1888393,128.3371526,36.99105927
2016,야간,목,1,1,0,0,0,부산,사상구,차대사람,횡단중,횡단중,운전자법규위반,안전운전 의무 불이행,단일로,기타단일로,화물차,소형,보행자,보행자,1135622,1684200,128.9889616,35.14390778
2016,야간,월,1,1,0,0,0,전남,장흥군,차대사람,횡단중,횡단중,운전자법규위반,안전운전 의무 불이행,단일로,기타단일로,승용차,소형,보행자,보행자,944877,1636104,126.8979864,34.71784688
2016,주간,금,1,1,0,0,0,충남,예산군,차대사람,횡단중,횡단중,운전자법규위반,안전운전 의무 불이행,단일로,기타단일로,화물차,소형,보행자,보행자,940711,1846684,126.8369744,36.61617149
2016,주간,수,1,1,0,0,0,경북,경주시,차대차,측면직각충돌,측면직각충돌,운전자법규위반,안전운전 의무 불이행,단일로,기타단일로,승용차,경형,원동기장치자전거,원동기장치자전거,1161846,1753638,129.2903708,35.76581839
2016,야간,목,1,1,0,0,0,충남,논산시,차대사람,횡단중,횡단중,운전자법규위반,안전운전 의무 불이행,교차로,교차로내,화물차,대형,보행자,보행자,974693,1801516,127.2184596,36.21048104
2016,야간,토,1,1,0,0,0,제주,제주시,차대사람,기타,기타,운전자법규위반,안전운전 의무 불이행,단일로,기타단일로,승용차,중형,보행자,보행자,922934,1504049,126.6700779,33.52558435
2016,주간,목,1,1,0,0,0,대구,달성군,차대차,추돌,진행중 추돌,운전자법규위반,안전운전 의무 불이행,단일로,기타단일로,화물차,소형,특수차,경형,1086525,1739218,128.4572904,35.64456951
2016,야간,토,1,1,0,0,0,세종,세종,차대차,추돌,진행중 추돌,운전자법규위반,안전운전 의무 불이행,교차로,교차로부근,이륜차,소형,화물차,소형,970213,1859136,127.1664018,36.72980244
2016,야간,금,1,1,0,0,0,서울,중구,차대사람,횡단중,횡단중,운전자법규위반,안전운전 의무 불이행,단일로,횡단보도부근,승용차,중형,보행자,보행자,955424,1951473,126.9952772,37.56153586
2016,주간,금,1,1,0,0,0,충북,청주시,차대차,추돌,진행중 추돌,운전자법규위반,안전거리 미확보,단일로,기타단일로,화물차,소형,화물차,소형,989391,1847041,127.3813517,36.62117539
2016,주간,화,1,1,0,0,0,경기,고양시,차대사람,횡단중,횡단중,운전자법규위반,안전운전 의무 불이행,단일로,기타단일로,승용차,소형,보행자,보행자,937321,1964870,126.7891651,37.68122603
2016,주간,월,1,1,0,0,0,부산,북구,차대사람,횡단중,횡단중,운전자법규위반,보행자 보호의무 위반,단일로,횡단보도상,승용차,경형,보행자,보행자,1136628,1691122,129.0009023,35.20615838
2016,야간,월,1,1,0,0,0,서울,노원구,차대차,측면직각충돌,측면직각충돌,운전자법규위반,중앙선 침범,교차로,교차로내,이륜차,소형,승합차,소형,963364,1958273,127.0848371,37.62317632
2016,주간,금,1,1,0,0,0,대구,달서구,차량단독,기타,기타,운전자법규위반,안전운전 의무 불이행,단일로,기타단일로,원동기장치자전거,원동기장치자전거,,,1094425,1758288,128.5452468,35.81652732
2016,주간,금,1,3,1,1,0,충남,금산군,차대사람,길가장자리구역통행중,길가장자리구역통행중,운전자법규위반,중앙선 침범,단일로,기타단일로,화물차,소형,보행자,보행자,998346,1799649,127.4816031,36.19397859
2016,주간,목,1,1,0,0,0,경기,고양시,차량단독,기타,기타,운전자법규위반,기타(운전자법규위반),단일로,기타단일로,승합차,대형,,,936875,1963007,126.7842687,37.66440478
2016,야간,목,1,1,0,0,0,경북,의성군,차량단독,공작물충돌,공작물충돌,운전자법규위반,안전운전 의무 불이행,단일로,기타단일로,화물차,소형,,,1116770,1813101,128.800653,36.30818132
2016,야간,금,1,1,0,0,0,충남,천안시,차량단독,공작물충돌,공작물충돌,운전자법규위반,안전운전 의무 불이행,교차로,교차로내,승용차,경형,,,971870,1873051,127.184445,36.85529128
2016,주간,수,1,1,0,0,0,대구,달성군,차대사람,횡단중,횡단중,운전자법규위반,안전운전 의무 불이행,단일로,기타단일로,화물차,소형,보행자,보행자,1085050,1744667,128.4399639,35.69456924
2016,야간,목,1,1,0,0,0,대구,달서구,차대차,기타,기타,운전자법규위반,안전운전 의무 불이행,단일로,기타단일로,승용차,중형,화물차,소형,1091509,1763077,128.5135215,35.8599754
2016,주간,토,1,1,0,0,0,충남,논산시,차대차,측면직각충돌,측면직각충돌,운전자법규위반,중앙선 침범,단일로,기타단일로,이륜차,소형,승용차,대형,975173,1792366,127.2240888,36.12800089
2016,주간,금,1,1,0,0,0,전북,남원시,차량단독,전도전복,전도전복,운전자법규위반,안전운전 의무 불이행,단일로,기타단일로,이륜차,소형,,,976487,1709898,127.2411114,35.38448423
2016,야간,목,1,1,0,0,0,경기,평택시,차량단독,전도전복,전도전복,운전자법규위반,안전운전 의무 불이행,교차로,교차로내,화물차,소형,,,961213,1901305,127.0634476,37.10960089
2016,주간,수,1,1,0,0,0,경기,화성시,차량단독,공작물충돌,공작물충돌,운전자법규위반,안전운전 의무 불이행,단일로,기타단일로,승용차,중형,,,931828,1897526,126.7330803,37.0738601
2016,주간,토,1,1,0,0,0,경남,통영시,차대사람,차도통행중,차도통행중,운전자법규위반,안전운전 의무 불이행,교차로,교차로부근,화물차,소형,보행자,보행자,1084433,1648504,128.4233305,34.82765075
2016,주간,금,1,5,0,4,0,전남,해남군,차대차,추돌,진행중 추돌,운전자법규위반,안전운전 의무 불이행,단일로,기타단일로,이륜차,소형,승용차,대형,921953,1620266,126.6491082,34.57354188
2016,주간,월,1,1,0,0,0,경남,진주시,차대사람,횡단중,횡단중,운전자법규위반,보행자 보호의무 위반,교차로,교차로부근,승용차,소형,보행자,보행자,1051175,1688706,128.0621274,35.19236849
2016,주간,일,1,2,0,0,1,충남,공주시,차량단독,전도전복,전도전복,운전자법규위반,안전운전 의무 불이행,교차로,교차로내,농기계,농기계,,,962367,1820680,127.0804114,36.38284825
2016,주간,일,1,1,0,0,0,전남,해남군,차량단독,전도전복,전도전복,운전자법규위반,안전운전 의무 불이행,단일로,기타단일로,원동기장치자전거,원동기장치자전거,,,926502,1606012,126.6999277,34.44534512
2016,야간,월,1,1,0,0,0,서울,마포구,차대사람,횡단중,횡단중,운전자법규위반,안전운전 의무 불이행,단일로,기타단일로,승합차,중형,보행자,보행자,951670,1951006,126.9528041,37.55713736
2016,주간,일,1,1,0,0,0,충북,음성군,차량단독,전도전복,전도전복,운전자법규위반,안전운전 의무 불이행,단일로,기타단일로,화물차,소형,,,1018011,1882949,127.7022789,36.94476419
2016,주간,목,1,1,0,0,0,서울,강북구,차대사람,횡단중,횡단중,운전자법규위반,안전운전 의무 불이행,단일로,기타단일로,원동기장치자전거,원동기장치자전거,보행자,보행자,960006,1958739,127.0467594,37.62723645
2016,야간,목,1,1,0,0,0,인천,남동구,차량단독,공작물충돌,공작물충돌,운전자법규위반,안전운전 의무 불이행,지하도로내,지하도로내,이륜차,소형,,,929942,1941119,126.7071102,37.46604591
2016,야간,목,1,1,0,0,0,전남,강진군,차대사람,횡단중,횡단중,운전자법규위반,안전운전 의무 불이행,단일로,기타단일로,승합차,경형,보행자,보행자,929110,1616426,126.7274496,34.53943451
2016,야간,금,1,1,0,0,0,경기,의정부시,차대사람,기타,기타,운전자법규위반,안전운전 의무 불이행,단일로,기타단일로,승용차,중형,보행자,보행자,960128,1967187,127.0476801,37.70338469
2016,야간,금,1,1,0,0,0,서울,성동구,차대사람,길가장자리구역통행중,길가장자리구역통행중,운전자법규위반,안전운전 의무 불이행,교차로,교차로내,승용차,중형,보행자,보행자,959771,1950158,127.0445678,37.54988353
2016,야간,목,1,1,0,0,0,울산,남구,차대사람,횡단중,횡단중,운전자법규위반,안전운전 의무 불이행,교차로,교차로내,승용차,소형,보행자,보행자,1164634,1727559,129.3158704,35.53033358
2016,주간,월,1,1,0,0,0,강원,강릉시,차량단독,전도전복,전도전복,운전자법규위반,안전운전 의무 불이행,교차로,교차로내,이륜차,소형,,,1116798,1987195,128.8382451,37.86931864
2016,주간,토,1,5,0,4,0,강원,원주시,차대차,정면충돌,정면충돌,운전자법규위반,안전운전 의무 불이행,교차로,교차로내,승용차,경형,승용차,경형,1036864,1924026,127.9160323,37.31448272
2016,야간,화,1,1,0,0,0,경북,포항시,차대사람,횡단중,횡단중,운전자법규위반,안전운전 의무 불이행,단일로,기타단일로,승용차,중형,보행자,보행자,1167535,1783418,129.359543,36.03322331
2016,주간,금,1,1,0,0,0,충남,논산시,차량단독,전도전복,전도전복,운전자법규위반,안전운전 의무 불이행,단일로,기타단일로,이륜차,소형,,,962905,1791482,127.0877946,36.11963956
2016,야간,수,1,1,0,0,0,경북,성주군,차량단독,공작물충돌,공작물충돌,운전자법규위반,안전운전 의무 불이행,단일로,기타단일로,화물차,소형,,,1075820,1766326,128.3400833,35.8906058
2016,야간,월,1,1,0,0,0,전북,남원시,차량단독,전도전복,전도전복,운전자법규위반,안전운전 의무 불이행,단일로,기타단일로,승용차,경형,,,979652,1702117,127.2761529,35.31439376
2016,주간,일,1,2,1,0,0,인천,남동구,차대차,추돌,진행중 추돌,운전자법규위반,안전거리 미확보,단일로,기타단일로,이륜차,중형,이륜차,중형,932473,1936278,126.7368212,37.42318836
2016,주간,일,1,1,0,0,0,충북,음성군,차대차,추돌,진행중 추돌,운전자법규위반,중앙선 침범,단일로,기타단일로,승용차,중형,이륜차,소형,1009575,1892632,127.6076586,37.0321745
2016,야간,일,1,1,0,0,0,대구,달서구,차대사람,횡단중,횡단중,운전자법규위반,안전운전 의무 불이행,단일로,기타단일로,승용차,중형,보행자,보행자,1093660,1762637,128.5372901,35.85580563
2016,주간,토,1,1,0,0,0,경기,안성시,차대사람,기타,기타,운전자법규위반,안전운전 의무 불이행,단일로,기타단일로,승용차,소형,보행자,보행자,972044,1893916,127.1856249,37.0433813
2016,야간,목,1,3,2,0,0,인천,옹진군,차대차,정면충돌,정면충돌,운전자법규위반,중앙선 침범,단일로,기타단일로,승용차,중형,승용차,중형,908979,1917572,126.4736267,37.25258903
2016,주간,수,1,1,0,0,0,인천,남동구,차대차,측면직각충돌,측면직각충돌,운전자법규위반,신호위반,교차로,교차로내,자전거,자전거,승용차,경형,931316,1934159,126.7239431,37.40400474
2016,야간,목,1,2,0,1,0,전남,장흥군,차대차,측면직각충돌,측면직각충돌,운전자법규위반,중앙선 침범,단일로,기타단일로,농기계,농기계,승용차,중형,937734,1645311,126.8192992,34.80045746
2016,야간,수,1,1,0,0,0,경북,군위군,차대사람,길가장자리구역통행중,길가장자리구역통행중,운전자법규위반,안전운전 의무 불이행,교차로,교차로부근,승용차,중형,보행자,보행자,1096387,1808384,128.5730726,36.26791709
2016,주간,금,1,1,0,0,0,경기,안성시,차대차,추돌,진행중 추돌,운전자법규위반,안전운전 의무 불이행,교차로,교차로부근,승용차,경형,자전거,자전거,979319,1891051,127.2675129,37.01774387
2016,야간,금,1,1,0,0,0,강원,양양군,차량단독,전도전복,전도전복,운전자법규위반,안전운전 의무 불이행,단일로,기타단일로,승용차,소형,,,1080186,2010661,128.4144488,38.09252761
2016,야간,금,1,2,1,0,0,충남,천안시,차량단독,공작물충돌,공작물충돌,운전자법규위반,안전운전 의무 불이행,단일로,기타단일로,원동기장치자전거,원동기장치자전거,,,974849,1861062,127.2182584,36.74729899
2016,주간,화,1,1,0,0,0,경기,평택시,차대사람,횡단중,횡단중,운전자법규위반,안전운전 의무 불이행,단일로,횡단보도상,승용차,경형,보행자,보행자,947897,1883057,126.9148437,36.94446844
2016,주간,토,1,2,1,0,0,충남,청양군,차대차,추돌,진행중 추돌,운전자법규위반,안전운전 의무 불이행,단일로,기타단일로,건설기계,건설기계,농기계,농기계,937192,1820535,126.7997499,36.3802255
2016,야간,금,1,2,0,1,0,충북,청주시,차대차,정면충돌,정면충돌,운전자법규위반,교차로 통행방법 위반,교차로,교차로내,이륜차,소형,화물차,소형,996764,1849682,127.4637983,36.64503754
2016,야간,금,1,1,0,0,0,강원,원주시,차대사람,기타,기타,운전자법규위반,안전운전 의무 불이행,단일로,기타단일로,승용차,중형,보행자,보행자,1031473,1925749,127.8558132,37.32993242
2016,주간,금,1,1,0,0,0,전북,무주군,차대차,정면충돌,정면충돌,운전자법규위반,중앙선 침범,단일로,기타단일로,화물차,소형,이륜차,사발이,1026179,1776995,127.7904266,35.98938441
2016,주간,금,1,1,0,0,0,충북,충주시,차량단독,전도전복,전도전복,운전자법규위반,안전운전 의무 불이행,단일로,기타단일로,원동기장치자전거,원동기장치자전거,,,1027100,1887156,127.804506,36.98246987
2016,야간,금,1,1,0,0,0,전북,완주군,차대차,기타,기타,운전자법규위반,중앙선 침범,단일로,기타단일로,원동기장치자전거,원동기장치자전거,승용차,소형,970464,1770572,127.1725709,35.93137963
2016,주간,월,1,1,0,0,0,경북,칠곡군,차대차,측면직각충돌,측면직각충돌,운전자법규위반,교차로 통행방법 위반,교차로,교차로내,화물차,소형,이륜차,소형,1082145,1776641,128.4112232,35.98308387
2016,주간,월,1,1,0,0,0,전북,완주군,차대차,측면직각충돌,측면직각충돌,운전자법규위반,안전운전 의무 불이행,단일로,기타단일로,화물차,소형,이륜차,소형,966212,1771174,127.1254095,35.93666936
2016,주간,목,1,1,0,0,0,인천,계양구,차대사람,횡단중,횡단중,운전자법규위반,안전운전 의무 불이행,단일로,기타단일로,승합차,경형,보행자,보행자,930272,1948277,126.7108825,37.53130687
2016,주간,수,1,1,0,0,0,전남,함평군,차대차,정면충돌,정면충돌,운전자법규위반,안전운전 의무 불이행,교차로,교차로내,건설기계,건설기계,자전거,자전거,920212,1688933,126.6235804,35.19254858
2016,주간,목,1,2,1,0,0,충남,아산시,차대차,정면충돌,정면충돌,운전자법규위반,중앙선 침범,단일로,기타단일로,특수차,대형,승용차,중형,947584,1877514,126.9117126,36.89448605
2016,야간,일,1,1,0,0,0,경기,가평군,차량단독,기타,기타,운전자법규위반,안전운전 의무 불이행,단일로,기타단일로,승용차,대형,,,999014,1966734,127.488815,37.70016868
2016,주간,금,1,1,0,0,0,대구,북구,차대차,추돌,진행중 추돌,운전자법규위반,안전운전 의무 불이행,단일로,기타단일로,승용차,중형,이륜차,중형,1094588,1769371,128.5483661,35.9164208
2016,주간,목,1,2,1,0,0,경기,화성시,차대차,추돌,진행중 추돌,운전자법규위반,안전운전 의무 불이행,단일로,기타단일로,화물차,중형,화물차,소형,958140,1913583,127.0281741,37.22014084
2016,야간,목,1,1,0,0,0,경북,포항시,차대사람,횡단중,횡단중,운전자법규위반,안전운전 의무 불이행,단일로,기타단일로,승용차,소형,보행자,보행자,1167911,1776428,129.3622323,35.9701705
2016,야간,월,1,1,0,0,0,대전,유성구,차대사람,횡단중,횡단중,운전자법규위반,신호위반,단일로,횡단보도상,승용차,대형,보행자,보행자,987804,1820812,127.3640173,36.38469779
2016,주간,일,1,1,0,0,0,경북,영주시,차량단독,전도전복,전도전복,운전자법규위반,안전운전 의무 불이행,단일로,기타단일로,승용차,소형,,,1099187,1869079,128.6120479,36.81470385
2016,야간,금,1,1,0,0,0,전남,영암군,차대사람,기타,기타,운전자법규위반,안전운전 의무 불이행,단일로,기타단일로,화물차,소형,보행자,보행자,919258,1653802,126.6165182,34.87572026
2016,야간,수,1,1,0,0,0,충남,서산시,차대사람,횡단중,횡단중,운전자법규위반,과속,교차로,교차로내,승용차,경형,보행자,보행자,906211,1864951,126.4489715,36.77804781
2016,주간,금,1,2,1,0,0,전북,군산시,차대차,측면직각충돌,측면직각충돌,운전자법규위반,안전운전 의무 불이행,단일로,기타단일로,승용차,중형,원동기장치자전거,원동기장치자전거,930009,1775761,126.7236651,35.97609872
2016,야간,금,1,1,0,0,0,전남,해남군,차대차,측면직각충돌,측면직각충돌,운전자법규위반,신호위반,교차로,교차로내,화물차,소형,이륜차,소형,914587,1627338,126.5680987,34.63672273
2016,주간,금,1,1,0,0,0,경남,함안군,차대차,측면직각충돌,측면직각충돌,운전자법규위반,부당한 회전,단일로,기타단일로,농기계,농기계,특수차,대형,1091175,1702458,128.5029835,35.31351596
2016,주간,수,1,2,1,0,0,경기,김포시,차대사람,횡단중,횡단중,운전자법규위반,안전운전 의무 불이행,교차로,교차로내,이륜차,소형,보행자,보행자,923319,1961973,126.6306899,37.65405325
2016,주간,수,1,1,0,0,0,경기,성남시,차량단독,전도전복,전도전복,운전자법규위반,안전운전 의무 불이행,단일로,기타단일로,원동기장치자전거,원동기장치자전거,,,965666,1940500,127.1117546,37.46307019
2016,야간,화,1,1,0,0,0,경북,포항시,차대사람,횡단중,횡단중,운전자법규위반,안전운전 의무 불이행,단일로,기타단일로,승용차,중형,보행자,보행자,1172197,1775722,129.4095899,35.96306178
2016,야간,목,1,1,0,0,0,경북,포항시,차대사람,횡단중,횡단중,운전자법규위반,안전운전 의무 불이행,교차로,교차로부근,화물차,중형,보행자,보행자,1167017,1780748,129.3532325,36.00925246
2016,주간,수,1,1,0,0,0,서울,서대문구,차대차,측면직각충돌,측면직각충돌,운전자법규위반,안전운전 의무 불이행,단일로,기타단일로,승합차,대형,자전거,자전거,950194,1954345,126.9358665,37.58715353
2016,야간,토,1,1,0,0,0,전북,익산시,차대사람,횡단중,횡단중,운전자법규위반,안전운전 의무 불이행,단일로,기타단일로,승용차,중형,보행자,보행자,950097,1771495,126.9467367,35.93887296
2016,주간,일,1,1,0,0,0,경기,화성시,차대차,정면충돌,정면충돌,운전자법규위반,교차로 통행방법 위반,교차로,교차로내,승용차,경형,이륜차,소형,946320,1907774,126.8953685,37.16717502
2016,주간,목,1,2,0,1,0,전남,순천시,차대차,측면직각충돌,측면직각충돌,운전자법규위반,신호위반,교차로,교차로내,승용차,경형,건설기계,건설기계,1008683,1655785,127.5950352,34.89677498
2016,야간,목,1,1,0,0,0,전북,익산시,차대사람,기타,기타,운전자법규위반,안전운전 의무 불이행,교차로,교차로내,승용차,대형,보행자,보행자,951312,1773719,126.9600702,35.95898502
2016,주간,목,1,1,0,0,0,전북,정읍시,차대차,추돌,진행중 추돌,운전자법규위반,안전거리 미확보,교차로,교차로부근,자전거,자전거,화물차,중형,947433,1742667,126.9190988,35.67882671
2016,야간,수,1,1,0,0,0,충남,서산시,차대사람,횡단중,횡단중,운전자법규위반,안전운전 의무 불이행,단일로,기타단일로,승용차,대형,보행자,보행자,909225,1865972,126.4826207,36.78754402
2016,야간,월,1,1,0,0,0,서울,서초구,차대사람,기타,기타,운전자법규위반,안전운전 의무 불이행,단일로,기타단일로,승용차,중형,보행자,보행자,958634,1942891,127.0321054,37.48433325
2016,주간,월,1,1,0,0,0,충북,음성군,차대차,측면직각충돌,측면직각충돌,운전자법규위반,중앙선 침범,단일로,기타단일로,화물차,소형,자전거,자전거,1021853,1880252,127.7453496,36.92037089
2016,주간,일,2,4,2,0,0,경기,포천시,차대차,정면충돌,정면충돌,운전자법규위반,중앙선 침범,단일로,기타단일로,승용차,경형,승용차,경형,989870,2003626,127.3845695,38.03262402
2016,주간,일,1,1,0,0,0,경남,김해시,차대차,측면직각충돌,측면직각충돌,운전자법규위반,안전운전 의무 불이행,교차로,교차로부근,자전거,자전거,승용차,중형,1127886,1693599,128.9053551,35.22963481
2016,야간,금,1,1,0,0,0,경북,상주시,차대차,추돌,진행중 추돌,운전자법규위반,안전운전 의무 불이행,단일로,기타단일로,승합차,소형,농기계,농기계,1057430,1834194,128.1413065,36.50369386
2016,야간,토,1,1,0,0,0,경기,이천시,차대차,추돌,진행중 추돌,운전자법규위반,안전운전 의무 불이행,교차로,교차로부근,원동기장치자전거,원동기장치자전거,승용차,소형,995901,1921197,127.4537554,37.28970448
2016,야간,토,1,1,0,0,0,경기,부천시,차대차,측면직각충돌,측면직각충돌,운전자법규위반,신호위반,교차로,교차로내,화물차,대형,이륜차,중형,937196,1948293,126.7891708,37.53181218
2016,주간,토,1,1,0,0,0,인천,부평구,차대차,측면직각충돌,측면직각충돌,운전자법규위반,안전운전 의무 불이행,단일로,기타단일로,승용차,경형,자전거,자전거,930533,1943812,126.7141873,37.49094785
2016,주간,금,1,1,0,0,0,충북,충주시,차대차,기타,기타,운전자법규위반,안전운전 의무 불이행,교차로,교차로부근,원동기장치자전거,원동기장치자전거,화물차,소형,1033294,1897367,127.8745546,37.07431489
2016,야간,수,1,1,0,0,0,울산,남구,차대사람,기타,기타,운전자법규위반,안전운전 의무 불이행,단일로,기타단일로,승용차,중형,보행자,보행자,1164134,1729085,129.3106671,35.54416897
2016,야간,목,1,1,0,0,0,전남,나주시,차량단독,전도전복,전도전복,운전자법규위반,안전운전 의무 불이행,단일로,기타단일로,농기계,농기계,,,932852,1672262,126.763765,35.0431594
2016,야간,월,1,1,0,0,0,제주,제주시,차대사람,횡단중,횡단중,운전자법규위반,안전운전 의무 불이행,교차로,교차로부근,승합차,경형,보행자,보행자,909590,1502468,126.5264133,33.51026919
2016,야간,월,1,2,0,1,0,경기,양주시,차대차,측면직각충돌,측면직각충돌,운전자법규위반,안전운전 의무 불이행,교차로,교차로내,원동기장치자전거,원동기장치자전거,화물차,소형,952739,1989429,126.9624091,37.90349618
2016,야간,일,1,1,0,0,0,부산,금정구,차대사람,기타,기타,운전자법규위반,안전운전 의무 불이행,기타/불명,기타/불명,승용차,경형,보행자,보행자,1146525,1692196,129.1098641,35.2144379
2016,주간,토,1,1,0,0,0,경남,창원시(통합),차대차,기타,기타,운전자법규위반,안전운전 의무 불이행,단일로,기타단일로,원동기장치자전거,원동기장치자전거,승용차,중형,1091395,1693678,128.5044256,35.23433852
2016,주간,월,2,3,1,0,0,경북,경주시,차대차,기타,기타,운전자법규위반,중앙선 침범,교차로,교차로부근,승용차,경형,화물차,소형,1153184,1762233,129.1962355,35.84466694
2016,야간,금,1,1,0,0,0,전북,정읍시,차대차,측면직각충돌,측면직각충돌,운전자법규위반,과속,교차로,교차로부근,승용차,소형,자전거,자전거,935177,1729389,126.7826828,35.55797263
2016,주간,수,1,1,0,0,0,강원,양구군,차량단독,공작물충돌,공작물충돌,운전자법규위반,안전운전 의무 불이행,단일로,기타단일로,이륜차,대형,,,1046014,2009889,128.024719,38.08795644
2016,야간,월,1,2,0,0,1,서울,강서구,차대차,측면직각충돌,측면직각충돌,운전자법규위반,신호위반,교차로,교차로내,원동기장치자전거,원동기장치자전거,승용차,소형,940549,1951366,126.8267626,37.55976771
2016,주간,화,1,1,0,0,0,강원,횡성군,차량단독,전도전복,전도전복,운전자법규위반,안전운전 의무 불이행,단일로,기타단일로,농기계,농기계,,,1045976,1941775,128.0199672,37.47405637
2016,야간,일,1,1,0,0,0,경기,이천시,차량단독,공작물충돌,공작물충돌,운전자법규위반,안전운전 의무 불이행,교차로,교차로부근,승용차,소형,,,991660,1922722,127.4058917,37.30342242
2016,야간,일,1,2,1,0,0,충남,천안시,차량단독,전도전복,전도전복,운전자법규위반,안전운전 의무 불이행,교차로,교차로부근,이륜차,소형,,,977094,1860245,127.2434312,36.73999084
2016,야간,일,1,1,0,0,0,부산,동구,차대사람,기타,기타,운전자법규위반,중앙선 침범,단일로,기타단일로,승용차,중형,보행자,보행자,1139836,1682195,129.0347012,35.12524431
2016,야간,토,1,1,0,0,0,경북,경주시,차대사람,기타,기타,운전자법규위반,안전운전 의무 불이행,교차로,교차로부근,승용차,경형,보행자,보행자,1177675,1743432,129.4631281,35.67111817
2016,야간,금,1,1,0,0,0,대구,달서구,차대사람,횡단중,횡단중,운전자법규위반,보행자 보호의무 위반,단일로,횡단보도상,승용차,중형,보행자,보행자,1095264,1761219,128.5548825,35.8428682
2016,주간,수,1,2,1,0,0,전북,익산시,차대차,추돌,진행중 추돌,운전자법규위반,안전운전 의무 불이행,교차로,교차로부근,화물차,소형,화물차,소형,951744,1785067,126.9641688,36.06131476
2016,주간,화,1,3,1,1,0,충남,태안군,차대차,측면직각충돌,측면직각충돌,운전자법규위반,직진 및 우회전차의 통행방해,교차로,교차로내,승용차,대형,건설기계,건설기계,897735,1833283,126.358223,36.49174127
2016,주간,수,1,1,0,0,0,대구,북구,차대사람,기타,기타,운전자법규위반,보행자 보호의무 위반,단일로,횡단보도상,승용차,중형,보행자,보행자,1100569,1768347,128.6144889,35.90647338
2016,야간,일,1,1,0,0,0,전남,광양시,차대차,측면직각충돌,측면직각충돌,운전자법규위반,신호위반,교차로,교차로부근,이륜차,소형,승용차,소형,1007460,1664216,127.5817249,34.9728115
2016,주간,월,1,1,0,0,0,경남,합천군,차량단독,공작물충돌,공작물충돌,운전자법규위반,안전운전 의무 불이행,단일로,기타단일로,화물차,소형,,,1056251,1740891,128.1214857,35.66261116
2016,주간,일,1,1,0,0,0,부산,진구,차대사람,기타,기타,운전자법규위반,안전운전 의무 불이행,단일로,기타단일로,화물차,소형,보행자,보행자,1141048,1685749,129.0486054,35.15711068
2016,야간,일,1,2,1,0,0,서울,서초구,차량단독,공작물충돌,공작물충돌,운전자법규위반,과속,기타/불명,기타/불명,승용차,중형,,,954776,1940414,126.9886208,37.46182631
2016,주간,목,1,1,0,0,0,전북,군산시,차량단독,전도전복,전도전복,운전자법규위반,안전운전 의무 불이행,단일로,기타단일로,자전거,자전거,,,939906,1778669,126.833214,36.00297537
2016,주간,화,1,1,0,0,0,경북,의성군,차대차,측면직각충돌,측면직각충돌,운전자법규위반,교차로 통행방법 위반,교차로,교차로내,승용차,경형,이륜차,소형,1085304,1817674,128.4507185,36.35270265
2016,주간,일,1,27,8,18,0,전남,여수시,차대차,정면충돌,정면충돌,운전자법규위반,안전운전 의무 불이행,단일로,터널안,화물차,대형,승용차,소형,1022770,1640975,127.7488142,34.76300587
2016,야간,화,1,3,1,0,1,경기,남양주시,차대차,측면직각충돌,측면직각충돌,운전자법규위반,신호위반,교차로,교차로내,승용차,경형,이륜차,소형,976816,1950701,127.2375144,37.55536446
2016,야간,일,1,2,1,0,0,충남,예산군,차량단독,전도전복,전도전복,운전자법규위반,안전운전 의무 불이행,단일로,기타단일로,승용차,대형,,,925276,1854674,126.6636019,36.68710797
2016,주간,금,1,1,0,0,0,충남,서산시,차대차,정면충돌,정면충돌,운전자법규위반,중앙선 침범,단일로,교량위,승용차,중형,건설기계,건설기계,904509,1863073,126.4301366,36.76095098
2016,야간,일,1,1,0,0,0,서울,성북구,차량단독,공작물충돌,공작물충돌,운전자법규위반,안전운전 의무 불이행,단일로,기타단일로,승합차,경형,,,955749,1956717,126.9987263,37.60879725
2016,야간,금,1,1,0,0,0,서울,도봉구,차대사람,횡단중,횡단중,운전자법규위반,과속,단일로,횡단보도상,승용차,중형,보행자,보행자,958653,1961382,127.0312771,37.65099832
2016,주간,금,1,1,0,0,0,부산,연제구,차대차,기타,기타,운전자법규위반,차로위반(진로변경 위반),교차로,교차로부근,승용차,중형,원동기장치자전거,원동기장치자전거,1143583,1688361,129.0768831,35.18029573
2016,주간,목,1,2,1,0,0,경남,밀양시,차량단독,공작물충돌,공작물충돌,운전자법규위반,안전운전 의무 불이행,단일로,기타단일로,승용차,소형,,,1117139,1713775,128.7901691,35.41282832
2016,주간,토,1,1,0,0,0,부산,사상구,차대차,측면직각충돌,측면직각충돌,운전자법규위반,안전거리 미확보,단일로,기타단일로,승용차,소형,화물차,중형,1133616,1683673,128.9666211,35.13903563
2016,야간,토,1,1,0,0,0,인천,남구,차대사람,기타,기타,운전자법규위반,안전운전 의무 불이행,단일로,기타단일로,승용차,중형,보행자,보행자,927468,1939777,126.6799165,37.45434558
2016,야간,목,1,1,0,0,0,충북,청주시,차량단독,전도전복,전도전복,운전자법규위반,안전운전 의무 불이행,단일로,기타단일로,농기계,농기계,,,1002108,1855488,127.5235986,36.69738138
2016,주간,목,1,1,0,0,0,경북,경주시,차대차,측면직각충돌,측면직각충돌,운전자법규위반,안전운전 의무 불이행,단일로,기타단일로,원동기장치자전거,원동기장치자전거,승용차,경형,1158551,1777583,129.2587006,35.98214497
2016,주간,목,1,6,4,1,0,경기,용인시,차대사람,기타,기타,운전자법규위반,기타(운전자법규위반),단일로,기타단일로,승합차,소형,보행자,보행자,967540,1925929,127.1335852,37.33180019
2016,주간,화,1,1,0,0,0,전북,장수군,차량단독,전도전복,전도전복,운전자법규위반,안전운전 의무 불이행,기타/불명,기타/불명,농기계,농기계,,,1001896,1730331,127.5209236,35.56899862
2016,주간,화,1,1,0,0,0,전남,나주시,차대차,측면직각충돌,측면직각충돌,운전자법규위반,교차로 통행방법 위반,교차로,교차로내,화물차,소형,원동기장치자전거,원동기장치자전거,928680,1661166,126.7189764,34.9428249
2016,주간,화,1,1,0,0,0,전북,김제시,차대차,측면직각충돌,측면직각충돌,운전자법규위반,직진 및 우회전차의 통행방해,교차로,교차로부근,원동기장치자전거,원동기장치자전거,건설기계,건설기계,953624,1764700,126.9862345,35.877785
2016,야간,월,1,1,0,0,0,전남,목포시,차대사람,횡단중,횡단중,운전자법규위반,안전운전 의무 불이행,단일로,기타단일로,승용차,경형,보행자,보행자,901960,1647019,126.428063,34.81304159
2016,야간,일,1,1,0,0,0,강원,횡성군,차량단독,기타,기타,운전자법규위반,기타(운전자법규위반),단일로,기타단일로,화물차,소형,,,1063647,1950384,128.2205511,37.55060032
2016,주간,토,1,1,0,0,0,충북,괴산군,차대차,추돌,진행중 추돌,운전자법규위반,안전운전 의무 불이행,단일로,기타단일로,승용차,대형,이륜차,소형,1011833,1864154,127.6326018,36.77543234
2016,주간,월,1,1,0,0,0,경기,화성시,차대차,추돌,진행중 추돌,운전자법규위반,안전운전 의무 불이행,단일로,기타단일로,화물차,소형,건설기계,건설기계,939069,1901001,126.8142521,37.10568124
2016,주간,수,1,2,1,0,0,경북,영천시,차대차,추돌,진행중 추돌,운전자법규위반,안전운전 의무 불이행,단일로,기타단일로,화물차,소형,화물차,소형,1133535,1772188,128.9803979,35.93726637
2016,야간,수,1,2,0,1,0,광주,광산구,차대차,추돌,진행중 추돌,운전자법규위반,안전운전 의무 불이행,단일로,기타단일로,승용차,대형,화물차,중형,939259,1686910,126.8329338,35.17564146
2016,주간,목,1,1,0,0,0,서울,영등포구,차대차,측면직각충돌,측면직각충돌,운전자법규위반,안전운전 의무 불이행,교차로,교차로부근,건설기계,건설기계,자전거,자전거,947627,1947490,126.907282,37.52522622
2016,주간,수,1,2,0,1,0,서울,동작구,차대차,추돌,진행중 추돌,운전자법규위반,안전운전 의무 불이행,교차로,교차로부근,화물차,소형,승합차,대형,951271,1944892,126.9486925,37.50200962
2016,야간,일,1,1,0,0,0,경북,안동시,차대사람,횡단중,횡단중,운전자법규위반,안전운전 의무 불이행,단일로,기타단일로,승용차,경형,보행자,보행자,1109813,1841313,128.7271756,36.56328015
2016,야간,금,1,1,0,0,0,경남,진주시,차대사람,횡단중,횡단중,운전자법규위반,안전운전 의무 불이행,단일로,횡단보도부근,승용차,경형,보행자,보행자,1055804,1687904,128.1129175,35.18489046
2016,야간,수,1,1,0,0,0,충북,청주시,차량단독,공작물충돌,공작물충돌,운전자법규위반,안전운전 의무 불이행,단일로,기타단일로,이륜차,중형,,,999047,1851976,127.4893358,36.66572287
2016,야간,수,1,2,0,1,0,경북,영덕군,차대차,측면직각충돌,측면직각충돌,운전자법규위반,부당한 회전,교차로,교차로내,화물차,소형,승용차,대형,1168385,1809601,129.3745814,36.26900884
2016,야간,토,1,1,0,0,0,경기,이천시,차대사람,횡단중,횡단중,운전자법규위반,안전운전 의무 불이행,단일로,기타단일로,승용차,소형,보행자,보행자,999983,1921167,127.4998082,37.2894431
2016,야간,토,1,1,0,0,0,울산,남구,차대사람,횡단중,횡단중,운전자법규위반,안전운전 의무 불이행,단일로,기타단일로,승용차,중형,보행자,보행자,1163944,1728292,129.3084116,35.5370538
2016,야간,수,1,1,0,0,0,부산,진구,차대사람,횡단중,횡단중,운전자법규위반,안전운전 의무 불이행,단일로,기타단일로,승용차,중형,보행자,보행자,1139606,1685103,129.0326691,35.15148896
2016,야간,화,1,1,0,0,0,전남,순천시,차대사람,횡단중,횡단중,운전자법규위반,안전운전 의무 불이행,교차로,교차로내,승용차,경형,보행자,보행자,994519,1679625,127.4398534,35.11177287
2016,주간,수,1,1,0,0,0,경남,고성군,차량단독,공작물충돌,공작물충돌,운전자법규위반,안전운전 의무 불이행,단일로,기타단일로,승용차,중형,,,1076854,1668901,128.3423346,35.0121628
2016,주간,수,1,1,0,0,0,전남,무안군,차대사람,길가장자리구역통행중,길가장자리구역통행중,운전자법규위반,안전운전 의무 불이행,단일로,기타단일로,승용차,중형,보행자,보행자,907648,1650718,126.4898376,34.84692478
2016,주간,금,1,1,0,0,0,경기,고양시,차대사람,차도통행중,차도통행중,운전자법규위반,안전운전 의무 불이행,단일로,기타단일로,화물차,중형,보행자,보행자,949254,1968913,126.924207,37.71840322
2016,야간,일,1,1,0,0,0,충남,청양군,차대사람,기타,기타,운전자법규위반,안전운전 의무 불이행,단일로,기타단일로,승용차,중형,보행자,보행자,936377,1818228,126.7908528,36.35937499
2016,야간,일,1,3,0,2,0,서울,강북구,차대사람,횡단중,횡단중,운전자법규위반,안전운전 의무 불이행,단일로,기타단일로,승용차,중형,보행자,보행자,959579,1957635,127.0419815,37.6172672
2016,야간,금,1,1,0,0,0,경북,영덕군,차량단독,공작물충돌,공작물충돌,운전자법규위반,안전운전 의무 불이행,단일로,기타단일로,승용차,대형,,,1168587,1820969,129.3792874,36.37140613
2016,야간,월,1,1,0,0,0,경남,사천시,차대사람,횡단중,횡단중,운전자법규위반,안전운전 의무 불이행,교차로,교차로부근,화물차,중형,보행자,보행자,1053152,1676285,128.0830436,35.08026845
2016,주간,토,1,1,0,0,0,서울,관악구,차대사람,기타,기타,운전자법규위반,안전운전 의무 불이행,단일로,기타단일로,승용차,대형,보행자,보행자,950421,1942176,126.9392593,37.47748436
2016,야간,토,1,3,2,0,0,대구,달서구,차대차,측면직각충돌,측면직각충돌,운전자법규위반,신호위반,교차로,교차로내,이륜차,소형,승용차,중형,1096351,1761700,128.5669753,35.84709798
2016,주간,토,1,1,0,0,0,경남,밀양시,차대차,측면직각충돌,측면직각충돌,운전자법규위반,안전운전 의무 불이행,단일로,기타단일로,승용차,경형,이륜차,소형,1113857,1718134,128.7546385,35.45250379
2016,야간,수,1,1,0,0,0,충남,보령시,차대사람,차도통행중,차도통행중,운전자법규위반,안전운전 의무 불이행,단일로,기타단일로,승용차,중형,보행자,보행자,924152,1821489,126.6542861,36.38788458
2016,주간,일,1,1,0,0,0,전남,무안군,차대사람,기타,기타,운전자법규위반,기타(운전자법규위반),단일로,기타단일로,승용차,경형,보행자,보행자,902126,1650008,126.429529,34.84000675
2016,주간,목,1,1,0,0,0,경북,안동시,차대차,추돌,진행중 추돌,운전자법규위반,안전운전 의무 불이행,단일로,기타단일로,화물차,소형,자전거,자전거,1123586,1832449,128.8796332,36.48170969
2016,주간,수,1,1,0,0,0,강원,동해시,차대차,측면직각충돌,측면직각충돌,운전자법규위반,안전운전 의무 불이행,단일로,기타단일로,승용차,중형,화물차,대형,1141053,1950174,129.096656,37.53972167
2016,야간,토,1,1,0,0,0,경남,김해시,차량단독,공작물충돌,공작물충돌,운전자법규위반,안전운전 의무 불이행,단일로,기타단일로,승용차,소형,,,1131989,1701957,128.9517744,35.3044432
2016,야간,토,1,1,0,0,0,충남,홍성군,차대사람,횡단중,횡단중,운전자법규위반,안전운전 의무 불이행,교차로,교차로내,화물차,소형,보행자,보행자,907967,1838665,126.4718029,36.54129152
2016,주간,토,1,3,0,2,0,전남,무안군,차대차,정면충돌,정면충돌,운전자법규위반,안전운전 의무 불이행,교차로,교차로내,화물차,소형,승용차,경형,901503,1653232,126.4223371,34.86901437
2016,야간,월,1,1,0,0,0,경남,김해시,차대차,정면충돌,정면충돌,운전자법규위반,중앙선 침범,단일로,기타단일로,승용차,중형,화물차,소형,1134318,1701345,128.9772837,35.29861644
2016,야간,월,2,3,1,0,0,경기,포천시,차대차,추돌,진행중 추돌,운전자법규위반,안전운전 의무 불이행,단일로,기타단일로,화물차,중형,건설기계,건설기계,982879,1994946,127.3051151,37.95428722
2016,주간,일,2,2,0,0,0,경북,영천시,차대사람,기타,기타,운전자법규위반,안전운전 의무 불이행,단일로,기타단일로,화물차,소형,보행자,보행자,1125568,1779125,128.8931965,36.00084844
2016,주간,화,1,1,0,0,0,대구,달성군,차대사람,횡단중,횡단중,운전자법규위반,안전운전 의무 불이행,단일로,기타단일로,승용차,대형,보행자,보행자,1090641,1756998,128.502975,35.80520844
2016,야간,토,1,2,0,1,0,전남,광양시,차대차,측면직각충돌,측면직각충돌,운전자법규위반,교차로 통행방법 위반,교차로,교차로내,승용차,경형,원동기장치자전거,원동기장치자전거,1019854,1663186,127.7174771,34.96335628
2016,주간,월,1,1,0,0,0,인천,계양구,차대사람,횡단중,횡단중,운전자법규위반,안전운전 의무 불이행,기타/불명,기타/불명,화물차,중형,보행자,보행자,932367,1947920,126.7345538,37.52810879
2016,주간,수,1,1,0,0,0,광주,서구,차대차,측면직각충돌,측면직각충돌,운전자법규위반,안전운전 의무 불이행,단일로,기타단일로,승합차,소형,자전거,자전거,943950,1682965,126.8847162,35.14034339
2016,주간,수,1,1,0,0,0,전남,해남군,차대차,기타,기타,운전자법규위반,안전운전 의무 불이행,단일로,기타단일로,농기계,농기계,승합차,대형,918258,1615063,126.6093285,34.5263389
2016,주간,수,1,2,1,0,0,인천,강화군,차대사람,차도통행중,차도통행중,운전자법규위반,부당한 회전,단일로,기타단일로,화물차,소형,보행자,보행자,912579,1967889,126.5082398,37.70640845
2016,야간,목,1,1,0,0,0,경기,이천시,차대차,기타,기타,운전자법규위반,신호위반,교차로,교차로부근,자전거,자전거,승합차,중형,987235,1920061,127.3560059,37.27938604
2016,야간,일,1,1,0,0,0,충남,천안시,차대차,측면직각충돌,측면직각충돌,운전자법규위반,안전운전 의무 불이행,단일로,기타단일로,승용차,경형,승용차,경형,973209,1880565,127.1991997,36.92306496
2016,주간,일,1,2,0,1,0,경기,화성시,차대차,추돌,진행중 추돌,운전자법규위반,안전운전 의무 불이행,단일로,기타단일로,승용차,중형,승용차,중형,950317,1911418,126.9401448,37.20024216
2016,야간,화,1,2,1,0,0,경기,화성시,차대차,정면충돌,정면충돌,운전자법규위반,중앙선 침범,고가도로위,고가도로위,승용차,중형,승용차,중형,945720,1916168,126.888,37.24280052
2016,야간,월,1,1,0,0,0,광주,서구,차대사람,횡단중,횡단중,운전자법규위반,안전운전 의무 불이행,단일로,기타단일로,승용차,중형,보행자,보행자,943863,1685462,126.8835914,35.16285322
2016,주간,화,1,6,2,3,0,강원,횡성군,차대차,정면충돌,정면충돌,운전자법규위반,중앙선 침범,단일로,기타단일로,승용차,경형,승합차,대형,1048812,1954325,128.052874,37.58702654
2016,야간,일,1,1,0,0,0,서울,종로구,차대사람,기타,기타,운전자법규위반,안전운전 의무 불이행,교차로,교차로부근,승용차,중형,보행자,보행자,953822,1953045,126.9770398,37.57562566
2016,야간,토,1,1,0,0,0,부산,사하구,차대차,기타,기타,운전자법규위반,신호위반,교차로,교차로내,승용차,소형,원동기장치자전거,원동기장치자전거,1133668,1680134,128.9905284,35.06668513
2016,야간,목,1,1,0,0,0,전북,전주시,차대사람,차도통행중,차도통행중,운전자법규위반,안전운전 의무 불이행,단일로,기타단일로,승용차,중형,보행자,보행자,966406,1766207,127.1277701,35.89189417
2016,야간,화,1,1,0,0,0,광주,북구,차대사람,횡단중,횡단중,운전자법규위반,안전운전 의무 불이행,단일로,기타단일로,승용차,대형,보행자,보행자,944336,1686213,126.8887342,35.16965106
2016,주간,목,1,1,0,0,0,경북,경산시,차량단독,전도전복,전도전복,운전자법규위반,안전운전 의무 불이행,단일로,기타단일로,화물차,소형,,,1116676,1754540,128.7909589,35.78034921
2016,주간,금,1,1,0,0,0,충남,금산군,차대사람,횡단중,횡단중,운전자법규위반,보행자 보호의무 위반,교차로,교차로내,승용차,경형,보행자,보행자,999142,1790177,127.4904671,36.10858276
2016,주간,수,1,3,0,1,1,경기,평택시,차대차,추돌,진행중 추돌,운전자법규위반,안전운전 의무 불이행,교차로,교차로부근,화물차,소형,화물차,소형,949123,1895440,126.9277761,37.05615559
2016,야간,금,1,5,3,0,1,경기,용인시,차대사람,기타,기타,운전자법규위반,과속,교차로,교차로부근,승용차,중형,보행자,보행자,974134,1915473,127.2083825,37.23775817
2016,주간,수,1,1,0,0,0,강원,화천군,차량단독,전도전복,전도전복,운전자법규위반,안전운전 의무 불이행,단일로,기타단일로,농기계,농기계,,,1029175,2006223,127.8325503,38.05561662
2016,주간,목,1,1,0,0,0,강원,영월군,차량단독,기타,기타,운전자법규위반,안전운전 의무 불이행,단일로,기타단일로,농기계,농기계,,,1084405,1910265,128.4509523,37.1873553
2016,주간,목,1,1,0,0,0,충남,홍성군,차량단독,전도전복,전도전복,운전자법규위반,안전운전 의무 불이행,단일로,기타단일로,화물차,소형,,,929045,1838444,126.7072842,36.54109718
2016,야간,화,1,1,0,0,0,경북,구미시,차대차,측면직각충돌,측면직각충돌,운전자법규위반,안전운전 의무 불이행,단일로,기타단일로,승용차,중형,이륜차,중형,1079864,1789819,128.3872551,36.10207036
2016,야간,수,1,1,0,0,0,경북,포항시,차대사람,횡단중,횡단중,운전자법규위반,안전운전 의무 불이행,교차로,교차로부근,승용차,경형,보행자,보행자,1164999,1783756,129.3314784,36.03670227
2016,야간,일,1,1,0,0,0,울산,남구,차대사람,횡단중,횡단중,운전자법규위반,안전운전 의무 불이행,교차로,교차로부근,승용차,중형,보행자,보행자,1167024,1728667,129.3424478,35.53991913
2016,주간,화,1,1,0,0,0,전남,순천시,차량단독,기타,기타,운전자법규위반,안전운전 의무 불이행,교차로,교차로부근,승용차,중형,,,999693,1659606,127.4966385,34.93126822
2016,주간,일,1,1,0,0,0,경북,상주시,차대차,측면직각충돌,측면직각충돌,운전자법규위반,교차로 통행방법 위반,교차로,교차로내,화물차,소형,이륜차,소형,1047635,1822362,128.0312051,36.39756768
2016,주간,토,1,1,0,0,0,강원,평창군,차대차,추돌,진행중 추돌,운전자법규위반,안전운전 의무 불이행,단일로,기타단일로,이륜차,소형,화물차,소형,1081455,1936122,128.4205566,37.42066144
2016,야간,금,1,2,1,0,0,전북,임실군,차대차,측면직각충돌,측면직각충돌,운전자법규위반,직진 및 우회전차의 통행방해,교차로,교차로내,이륜차,사발이,승용차,대형,988154,1730726,127.3692661,35.5724911
2016,야간,금,1,1,0,0,0,경남,고성군,차대사람,횡단중,횡단중,운전자법규위반,보행자 보호의무 위반,단일로,횡단보도상,승용차,경형,보행자,보행자,1073949,1666963,128.3103258,34.99490554
2016,야간,금,1,1,0,0,0,인천,서구,차대사람,보도통행중,보도통행중,운전자법규위반,안전운전 의무 불이행,단일로,기타단일로,자전거,자전거,보행자,보행자,926116,1953441,126.6634977,37.57739129
2016,야간,화,1,1,0,0,0,경북,경주시,차대사람,횡단중,횡단중,운전자법규위반,안전운전 의무 불이행,단일로,기타단일로,승용차,경형,보행자,보행자,1155102,1761790,129.2173792,35.84037294
2016,야간,목,1,1,0,0,0,대전,동구,차대사람,횡단중,횡단중,운전자법규위반,안전운전 의무 불이행,단일로,기타단일로,승용차,중형,보행자,보행자,993901,1815030,127.4320428,36.33262881
2016,야간,목,1,1,0,0,0,충남,서천군,차대사람,차도통행중,차도통행중,운전자법규위반,안전운전 의무 불이행,단일로,기타단일로,승용차,중형,보행자,보행자,928700,1783202,126.7084766,36.04308502
2016,주간,목,1,1,0,0,0,충남,부여군,차대차,측면직각충돌,측면직각충돌,운전자법규위반,안전운전 의무 불이행,교차로,교차로내,화물차,소형,이륜차,소형,951001,1813088,126.9541688,36.31389399
2016,야간,일,1,1,0,0,0,충남,아산시,차대사람,횡단중,횡단중,운전자법규위반,보행자 보호의무 위반,교차로,교차로내,승합차,경형,보행자,보행자,954013,1851266,126.9854491,36.6582113
2016,주간,월,1,1,0,0,0,경기,김포시,차대차,기타,기타,운전자법규위반,안전운전 의무 불이행,단일로,기타단일로,이륜차,소형,특수차,중형,926282,1964407,126.6640312,37.6762323
2016,주간,일,1,7,2,2,2,서울,영등포구,차대차,측면직각충돌,측면직각충돌,운전자법규위반,신호위반,단일로,기타단일로,승용차,중형,승용차,중형,949936,1946922,126.9334511,37.52023497
2016,주간,월,1,2,0,1,0,경기,용인시,차대차,추돌,진행중 추돌,운전자법규위반,안전운전 의무 불이행,지하도로내,지하도로내,승합차,중형,승용차,중형,969254,1918833,127.1532266,37.26789655
2016,주간,일,1,2,1,0,0,울산,남구,차량단독,공작물충돌,공작물충돌,운전자법규위반,안전운전 의무 불이행,단일로,기타단일로,승용차,소형,,,1162700,1729037,129.2948451,35.54397285
2016,주간,월,1,2,1,0,0,전남,여수시,차대사람,횡단중,횡단중,운전자법규위반,보행자 보호의무 위반,단일로,기타단일로,승용차,소형,보행자,보행자,1021489,1638427,127.7347514,34.74005648
2016,야간,수,1,1,0,0,0,경기,김포시,차대사람,횡단중,횡단중,운전자법규위반,보행자 보호의무 위반,교차로,교차로부근,자전거,자전거,보행자,보행자,929550,1958789,126.7016295,37.6258566
2016,야간,목,1,1,0,0,0,인천,연수구,차대사람,차도통행중,차도통행중,운전자법규위반,안전운전 의무 불이행,단일로,기타단일로,승용차,중형,보행자,보행자,925428,1936767,126.657136,37.42728721
2016,야간,화,1,1,0,0,0,전남,순천시,차대사람,기타,기타,운전자법규위반,안전운전 의무 불이행,단일로,기타단일로,화물차,대형,보행자,보행자,1000913,1665686,127.5100036,34.98609427
2016,야간,월,1,1,0,0,0,강원,홍천군,차대사람,횡단중,횡단중,운전자법규위반,안전운전 의무 불이행,교차로,교차로부근,승용차,중형,보행자,보행자,1044256,1980318,128.0028522,37.82153205
2016,야간,토,1,1,0,0,0,강원,태백시,차대사람,횡단중,횡단중,운전자법규위반,안전운전 의무 불이행,단일로,기타단일로,승용차,중형,보행자,보행자,1132329,1907864,128.9903285,37.16015671
2016,주간,월,1,1,0,0,0,경남,통영시,차량단독,공작물충돌,공작물충돌,운전자법규위반,안전운전 의무 불이행,단일로,기타단일로,승용차,소형,,,1084679,1652523,128.4264264,34.86386757
2016,주간,금,1,1,0,0,0,충북,영동군,차대사람,횡단중,횡단중,운전자법규위반,안전운전 의무 불이행,교차로,교차로내,화물차,중형,보행자,보행자,1025163,1797743,127.7798174,36.17646915
2016,야간,금,1,1,0,0,0,서울,광진구,차량단독,전도전복,전도전복,운전자법규위반,안전운전 의무 불이행,교차로,교차로내,화물차,소형,,,962909,1952556,127.0799709,37.57162918
2016,주간,금,1,7,4,1,1,부산,사하구,차대차,기타,기타,운전자법규위반,중앙선 침범,교차로,교차로부근,특수차,대형,화물차,소형,1135522,1677767,128.9866443,35.08591947
2016,야간,토,1,1,0,0,0,경기,수원시,차대사람,횡단중,횡단중,운전자법규위반,과속,교차로,교차로부근,승용차,중형,보행자,보행자,954073,1917050,126.9821208,37.25119986
2016,주간,금,1,1,0,0,0,경남,함안군,차량단독,도로이탈,도로이탈 추락,운전자법규위반,안전운전 의무 불이행,교차로,교차로부근,이륜차,소형,,,1088930,1709624,128.4790696,35.3783241
2016,야간,금,1,2,1,0,0,경남,밀양시,차대차,추돌,진행중 추돌,운전자법규위반,안전운전 의무 불이행,단일로,기타단일로,승용차,경형,농기계,농기계,1107791,1726463,128.6889135,35.52826391
2016,야간,일,1,1,0,0,0,전북,임실군,차대사람,차도통행중,차도통행중,운전자법규위반,안전운전 의무 불이행,단일로,기타단일로,승용차,중형,보행자,보행자,974483,1741418,127.2180544,35.66863648
2016,야간,토,1,1,0,0,0,충남,청양군,차량단독,전도전복,전도전복,운전자법규위반,안전운전 의무 불이행,단일로,기타단일로,이륜차,사발이,,,943314,1839577,126.8666056,36.55226379
2016,주간,월,1,1,0,0,0,충남,천안시,차대사람,횡단중,횡단중,운전자법규위반,안전운전 의무 불이행,단일로,횡단보도부근,승용차,경형,보행자,보행자,970143,1865074,127.1653855,36.78332921
2016,야간,화,1,3,1,1,0,대전,유성구,차대차,정면충돌,정면충돌,운전자법규위반,신호위반,교차로,교차로내,승용차,소형,승용차,중형,990446,1819658,127.3934892,36.37432397
2016,주간,금,2,2,0,0,0,울산,울주군,차량단독,전도전복,전도전복,운전자법규위반,안전운전 의무 불이행,교차로,교차로내,승용차,중형,,,1145116,1726895,129.1005532,35.52739777
2016,야간,토,1,1,0,0,0,충남,아산시,차대차,추돌,진행중 추돌,운전자법규위반,안전운전 의무 불이행,교차로,교차로부근,원동기장치자전거,원동기장치자전거,화물차,중형,955023,1863513,126.9960291,36.76866036
2016,주간,토,1,1,0,0,0,서울,마포구,차대사람,횡단중,횡단중,운전자법규위반,안전운전 의무 불이행,단일로,기타단일로,승용차,경형,보행자,보행자,950693,1949809,126.9418234,37.54629683
2016,야간,목,1,2,1,0,0,부산,연제구,차대사람,차도통행중,차도통행중,운전자법규위반,기타(운전자법규위반),단일로,기타단일로,승용차,대형,보행자,보행자,1143957,1689194,129.0811346,35.18775062
2016,주간,금,1,1,0,0,0,경남,거제시,차대차,정면충돌,정면충돌,운전자법규위반,중앙선 침범,단일로,기타단일로,승용차,경형,화물차,소형,1098571,1653773,128.5785361,34.87388487
2016,주간,금,1,1,0,0,0,서울,성북구,차대사람,횡단중,횡단중,운전자법규위반,보행자 보호의무 위반,교차로,교차로내,승용차,중형,보행자,보행자,957920,1953577,127.023417,37.58061717
2016,야간,금,1,1,0,0,0,광주,북구,차대차,측면직각충돌,측면직각충돌,운전자법규위반,과속,단일로,기타단일로,화물차,소형,자전거,자전거,945957,1694368,126.9059989,35.24327034
2016,야간,금,1,2,0,1,0,충북,음성군,차대사람,횡단중,횡단중,운전자법규위반,신호위반,교차로,교차로내,승용차,경형,보행자,보행자,1016862,1881047,127.6893323,36.92763993
2016,주간,금,1,1,0,0,0,강원,강릉시,차대차,기타,기타,운전자법규위반,안전운전 의무 불이행,단일로,기타단일로,화물차,소형,원동기장치자전거,원동기장치자전거,1125774,1972130,128.9274897,37.7401603
2016,주간,수,1,1,0,0,0,충남,천안시,차대차,측면직각충돌,측면직각충돌,운전자법규위반,중앙선 침범,단일로,기타단일로,화물차,소형,원동기장치자전거,원동기장치자전거,982798,1863366,127.3072506,36.76824647
2016,주간,화,1,2,0,1,0,경기,김포시,차대차,정면충돌,정면충돌,운전자법규위반,중앙선 침범,단일로,기타단일로,승용차,중형,화물차,소형,917119,1964999,126.5600668,37.68078528
2016,주간,수,1,1,0,0,0,전남,담양군,차대사람,기타,기타,운전자법규위반,안전운전 의무 불이행,단일로,기타단일로,승용차,중형,보행자,보행자,949877,1695382,126.949021,35.25261701
2016,주간,수,1,1,0,0,0,경남,창원시(통합),차대차,측면직각충돌,측면직각충돌,운전자법규위반,안전운전 의무 불이행,교차로,교차로내,승용차,경형,자전거,자전거,1102442,1696633,128.62618,35.25991057
2016,야간,월,1,1,0,0,0,부산,서구,차대사람,횡단중,횡단중,운전자법규위반,보행자 보호의무 위반,단일로,기타단일로,승용차,대형,보행자,보행자,1138339,1681231,129.0181155,35.11676163
2016,주간,금,1,1,0,0,0,경남,창녕군,차대차,측면직각충돌,측면직각충돌,운전자법규위반,안전운전 의무 불이행,교차로,교차로내,자전거,자전거,화물차,소형,1088217,1726608,128.4730628,35.53150604
2016,주간,화,1,1,0,0,0,경북,의성군,차대차,기타,기타,운전자법규위반,안전운전 의무 불이행,교차로,교차로부근,승용차,경형,이륜차,소형,1076293,1828537,128.3513685,36.45138223
2016,주간,화,1,2,0,1,0,충남,보령시,차대사람,기타,기타,운전자법규위반,중앙선 침범,단일로,기타단일로,승용차,중형,보행자,보행자,915144,1828377,126.5531041,36.44922024
2016,주간,일,1,1,0,0,0,충남,천안시,차대사람,횡단중,횡단중,운전자법규위반,보행자 보호의무 위반,단일로,횡단보도상,승용차,경형,보행자,보행자,973425,1875155,127.2018147,36.87430284
2016,야간,일,1,2,0,1,0,광주,광산구,차대차,정면충돌,정면충돌,운전자법규위반,차로위반(진로변경 위반),단일로,기타단일로,승용차,중형,승용차,경형,934291,1679419,126.7789742,35.10778602
2016,주간,목,1,1,0,0,0,강원,속초시,차대차,추돌,진행중 추돌,운전자법규위반,안전운전 의무 불이행,단일로,기타단일로,원동기장치자전거,원동기장치자전거,승합차,경형,1096774,2019767,128.6048267,38.17295776
2016,주간,월,1,1,0,0,0,강원,평창군,차대사람,기타,기타,운전자법규위반,안전운전 의무 불이행,단일로,기타단일로,화물차,소형,보행자,보행자,1080065,1930632,128.4042547,37.371303
2016,야간,토,1,1,0,0,0,경남,남해군,차량단독,전도전복,전도전복,운전자법규위반,안전운전 의무 불이행,단일로,기타단일로,승용차,경형,,,1036254,1648696,127.8964883,34.83223996
2016,주간,월,1,1,0,0,0,경북,군위군,차대사람,횡단중,횡단중,운전자법규위반,안전운전 의무 불이행,교차로,교차로내,화물차,중형,보행자,보행자,1108988,1797910,128.711875,36.17216797
2016,주간,금,1,1,0,0,0,경기,수원시,차대차,측면직각충돌,측면직각충돌,운전자법규위반,안전거리 미확보,단일로,기타단일로,승합차,대형,이륜차,소형,955844,1918524,127.0020026,37.26457171
2016,주간,금,1,1,0,0,0,경북,영천시,차대사람,횡단중,횡단중,운전자법규위반,안전운전 의무 불이행,단일로,기타단일로,승용차,중형,보행자,보행자,1135530,1778352,129.0035612,35.99254704
2016,야간,목,1,1,0,0,0,충남,예산군,차대사람,횡단중,횡단중,운전자법규위반,안전운전 의무 불이행,단일로,기타단일로,승용차,중형,보행자,보행자,938141,1854331,126.8076192,36.68494048
2016,주간,수,1,1,0,0,0,전북,군산시,차량단독,전도전복,전도전복,운전자법규위반,안전운전 의무 불이행,교차로,교차로부근,승용차,경형,,,931118,1775085,126.7360237,35.97008341
2016,야간,금,1,1,0,0,0,충북,제천시,차대사람,횡단중,횡단중,운전자법규위반,안전운전 의무 불이행,단일로,기타단일로,화물차,소형,보행자,보행자,1062282,1904689,128.2012583,37.13883437
2016,야간,월,1,1,0,0,0,전북,부안군,차대사람,횡단중,횡단중,운전자법규위반,과속,단일로,기타단일로,승용차,경형,보행자,보행자,925145,1741357,126.6729426,35.66557625
2016,주간,토,1,1,0,0,0,경기,성남시,차대차,추돌,진행중 추돌,운전자법규위반,중앙선 침범,단일로,기타단일로,승용차,중형,이륜차,소형,962294,1928664,127.0742295,37.35625433
2016,주간,목,1,1,0,0,0,충북,청주시,차량단독,전도전복,전도전복,운전자법규위반,안전운전 의무 불이행,단일로,기타단일로,자전거,자전거,,,996351,1829295,127.4592745,36.46124508
2016,주간,일,1,1,0,0,0,경남,창원시(통합),차대차,측면직각충돌,측면직각충돌,운전자법규위반,안전운전 의무 불이행,교차로,교차로부근,자전거,자전거,승용차,중형,1099008,1693764,128.5880894,35.23439071
2016,주간,수,1,1,0,0,0,충남,태안군,차대사람,횡단중,횡단중,운전자법규위반,안전운전 의무 불이행,교차로,교차로내,승합차,중형,보행자,보행자,897021,1835943,126.3498981,36.51564027
2016,야간,화,1,1,0,0,0,경기,파주시,차대사람,횡단중,횡단중,운전자법규위반,보행자 보호의무 위반,교차로,교차로부근,승합차,대형,보행자,보행자,941933,1981251,126.8401559,37.82916635
2016,주간,일,1,1,0,0,0,경북,영천시,차량단독,전도전복,전도전복,운전자법규위반,안전운전 의무 불이행,단일로,기타단일로,화물차,소형,,,1119982,1782412,128.8317328,36.03117951
2016,주간,목,1,1,0,0,0,경북,포항시,차대차,기타,기타,운전자법규위반,안전운전 의무 불이행,교차로,교차로내,화물차,소형,자전거,자전거,1166548,1780828,129.3480477,36.01005365
2016,야간,일,2,3,1,0,0,대구,달성군,차대차,추돌,진행중 추돌,운전자법규위반,과속,단일로,기타단일로,이륜차,소형,원동기장치자전거,원동기장치자전거,1083860,1748765,128.4273636,35.73154511
2016,야간,금,1,2,1,0,0,경기,안성시,차대사람,횡단중,횡단중,운전자법규위반,보행자 보호의무 위반,교차로,교차로내,승용차,대형,보행자,보행자,970734,1889080,127.1710817,36.99974845
2016,주간,일,1,1,0,0,0,전북,전주시,차대사람,횡단중,횡단중,운전자법규위반,보행자 보호의무 위반,교차로,교차로내,승합차,대형,보행자,보행자,966830,1755501,127.1329131,35.79538341
2016,야간,일,1,1,0,0,0,경북,경산시,차대사람,횡단중,횡단중,운전자법규위반,보행자 보호의무 위반,단일로,횡단보도상,승용차,경형,보행자,보행자,1111781,1760002,128.7375735,35.83015356
2016,야간,일,1,1,0,0,0,대구,동구,차대사람,횡단중,횡단중,운전자법규위반,보행자 보호의무 위반,단일로,횡단보도상,승용차,중형,보행자,보행자,1108590,1764706,128.6940785,35.98813705
2016,주간,월,1,1,0,0,0,부산,동래구,차대사람,차도통행중,차도통행중,운전자법규위반,안전운전 의무 불이행,교차로,교차로내,승합차,중형,보행자,보행자,1145420,1689936,129.0973232,35.19428479
2016,주간,월,1,1,0,0,0,전남,영광군,차량단독,전도전복,전도전복,운전자법규위반,안전운전 의무 불이행,단일로,기타단일로,이륜차,소형,,,915558,1701232,126.5712012,35.30305423
2016,야간,목,1,1,0,0,0,인천,부평구,차대차,기타,기타,운전자법규위반,신호위반,교차로,교차로부근,승용차,중형,자전거,자전거,931502,1943437,126.7251826,37.48764043
2016,주간,화,1,1,0,0,0,광주,북구,차대차,추돌,진행중 추돌,운전자법규위반,안전운전 의무 불이행,단일로,기타단일로,화물차,소형,자전거,자전거,945695,1685298,126.9037174,35.16147516
2016,야간,수,1,1,0,0,0,울산,북구,차대사람,횡단중,횡단중,운전자법규위반,안전운전 의무 불이행,단일로,기타단일로,승용차,중형,보행자,보행자,1168223,1732705,129.356507,35.57610627
2016,야간,일,1,1,0,0,0,전남,여수시,차대사람,횡단중,횡단중,운전자법규위반,안전운전 의무 불이행,단일로,기타단일로,승용차,중형,보행자,보행자,1005221,1646232,127.5570842,34.81065305
2016,야간,금,1,1,0,0,0,충북,청주시,차량단독,기타,기타,운전자법규위반,안전운전 의무 불이행,단일로,기타단일로,승용차,중형,,,1001093,1848767,127.5122263,36.63679371
2016,주간,금,1,1,0,0,0,경북,청도군,차량단독,전도전복,전도전복,운전자법규위반,안전운전 의무 불이행,단일로,기타단일로,농기계,농기계,,,1123643,1743646,128.8663475,35.681301
2016,주간,금,1,1,0,0,0,경북,상주시,차대차,추돌,진행중 추돌,운전자법규위반,안전운전 의무 불이행,교차로,교차로내,화물차,소형,자전거,자전거,1058345,1825337,128.1508558,36.42379565
2016,주간,화,1,1,0,0,0,인천,서구,차대사람,횡단중,횡단중,운전자법규위반,안전운전 의무 불이행,교차로,교차로내,승합차,경형,보행자,보행자,927408,1944064,126.6787092,37.49318432
2016,주간,월,1,1,0,0,0,충남,예산군,차대차,측면직각충돌,측면직각충돌,운전자법규위반,신호위반,교차로,교차로내,승용차,경형,승용차,경형,936589,1854849,126.7902061,36.68950757
2016,주간,월,1,1,0,0,0,전북,무주군,차량단독,전도전복,전도전복,운전자법규위반,안전운전 의무 불이행,단일로,기타단일로,농기계,농기계,,,1028599,1779588,127.8173671,36.0126944
2016,야간,일,1,1,0,0,0,서울,송파구,차대사람,횡단중,횡단중,운전자법규위반,신호위반,단일로,기타단일로,승용차,대형,보행자,보행자,965734,1944576,127.1116094,37.5005286
2016,야간,금,1,1,0,0,0,경기,안산시,차대사람,횡단중,횡단중,운전자법규위반,안전운전 의무 불이행,교차로,교차로부근,승용차,소형,보행자,보행자,940577,1924698,126.8293349,37.31937081
2016,야간,목,1,1,0,0,0,경기,동두천시,차대사람,기타,기타,운전자법규위반,안전운전 의무 불이행,단일로,기타단일로,승용차,경형,보행자,보행자,959864,1992554,127.0432788,37.93200325
2016,주간,일,1,1,0,0,0,경기,수원시,차대차,측면직각충돌,측면직각충돌,운전자법규위반,교차로 통행방법 위반,교차로,교차로부근,자전거,자전거,승용차,중형,956518,1921941,127.009404,37.29540315
2016,야간,금,1,2,0,1,0,서울,마포구,차대사람,기타,기타,운전자법규위반,안전운전 의무 불이행,교차로,교차로내,승용차,대형,보행자,보행자,950597,1949306,126.9407705,37.54175806
2016,주간,목,1,1,0,0,0,서울,강북구,차대사람,횡단중,횡단중,운전자법규위반,보행자 보호의무 위반,교차로,교차로내,승용차,중형,보행자,보행자,958890,1957165,127.034201,37.61300044
2016,야간,금,1,1,0,0,0,충남,공주시,차대사람,차도통행중,차도통행중,운전자법규위반,안전운전 의무 불이행,단일로,기타단일로,승용차,중형,보행자,보행자,974167,1826260,127.2117877,36.43354281
2016,야간,일,1,1,0,0,0,대전,동구,차대사람,횡단중,횡단중,운전자법규위반,보행자 보호의무 위반,단일로,횡단보도상,승용차,중형,보행자,보행자,994893,1802908,127.4431753,36.22334845
2016,주간,월,1,2,0,1,0,서울,중구,차대차,추돌,진행중 추돌,운전자법규위반,안전운전 의무 불이행,단일로,기타단일로,이륜차,소형,이륜차,소형,957152,1952363,127.0147902,37.56963967
2016,야간,일,1,1,0,0,0,경기,광주시,차대사람,차도통행중,차도통행중,운전자법규위반,안전운전 의무 불이행,교차로,교차로내,승용차,중형,보행자,보행자,978409,1933894,127.256043,37.40391134
2016,야간,토,1,1,0,0,0,충남,보령시,차대차,측면직각충돌,측면직각충돌,운전자법규위반,안전운전 의무 불이행,단일로,기타단일로,승용차,소형,자전거,자전거,918467,1817261,126.591348,36.34930673
2016,야간,토,1,1,0,0,0,서울,강동구,차대사람,횡단중,횡단중,운전자법규위반,신호위반,단일로,기타단일로,승용차,중형,보행자,보행자,971128,1951484,127.1730858,37.56226125
2016,야간,월,1,1,0,0,0,서울,강북구,차량단독,전도전복,전도전복,운전자법규위반,안전운전 의무 불이행,단일로,기타단일로,원동기장치자전거,원동기장치자전거,,,956999,1958382,127.012704,37.62388294
2016,주간,화,1,1,0,0,0,서울,강동구,차대사람,횡단중,횡단중,운전자법규위반,보행자 보호의무 위반,교차로,교차로내,건설기계,건설기계,보행자,보행자,970588,1949637,127.1670456,37.54559636
2016,주간,화,1,1,0,0,0,전북,완주군,차대사람,횡단중,횡단중,운전자법규위반,안전운전 의무 불이행,단일로,기타단일로,화물차,소형,보행자,보행자,974679,1750401,127.2199369,35.74963472
2016,야간,일,1,1,0,0,0,경기,수원시,차대사람,횡단중,횡단중,운전자법규위반,안전운전 의무 불이행,단일로,기타단일로,승용차,중형,보행자,보행자,956388,1922141,127.0079255,37.29719979
2016,야간,일,1,1,0,0,0,경북,구미시,차대사람,횡단중,횡단중,운전자법규위반,안전운전 의무 불이행,단일로,기타단일로,승용차,대형,보행자,보행자,1084424,1788886,128.4378088,36.09327394
2016,주간,일,1,1,0,0,0,강원,원주시,차대차,정면충돌,정면충돌,운전자법규위반,안전운전 의무 불이행,단일로,기타단일로,화물차,소형,건설기계,건설기계,1040940,1925729,127.9621251,37.3296623
2016,주간,금,1,1,0,0,0,경기,하남시,차대차,정면충돌,정면충돌,운전자법규위반,안전운전 의무 불이행,교차로,교차로내,승합차,대형,이륜차,소형,974680,1948470,127.2134082,37.53519914
2016,주간,금,1,1,0,0,0,경북,문경시,차량단독,전도전복,전도전복,운전자법규위반,안전운전 의무 불이행,교차로,교차로부근,이륜차,사발이,,,1072400,1862776,128.3111553,36.76031882
2016,야간,목,1,1,0,0,0,경북,예천군,차량단독,공작물충돌,공작물충돌,운전자법규위반,안전운전 의무 불이행,단일로,기타단일로,승용차,소형,,,1089339,1846865,128.4990557,36.61545952
2016,야간,화,1,1,0,0,0,경기,파주시,차량단독,공작물충돌,공작물충돌,운전자법규위반,안전운전 의무 불이행,교차로,교차로내,승용차,중형,,,937913,1977810,126.7947728,37.79788956
2016,야간,월,1,1,0,0,0,경남,남해군,차대사람,횡단중,횡단중,운전자법규위반,보행자 보호의무 위반,단일로,횡단보도상,승합차,중형,보행자,보행자,1036111,1651633,127.895051,34.85872932
2016,야간,금,1,1,0,0,0,서울,은평구,차대차,측면직각충돌,측면직각충돌,운전자법규위반,교차로 통행방법 위반,교차로,교차로내,원동기장치자전거,원동기장치자전거,승용차,중형,949248,1955876,126.9250458,37.60090084
2016,주간,금,1,1,0,0,0,충남,태안군,차대사람,횡단중,횡단중,운전자법규위반,보행자 보호의무 위반,교차로,교차로내,화물차,소형,보행자,보행자,896598,1836498,126.3451004,36.52059703
2016,야간,금,1,2,1,0,0,전남,완도군,차량단독,기타,기타,운전자법규위반,안전운전 의무 불이행,단일로,기타단일로,농기계,농기계,,,921087,1576121,126.6437286,34.17540462
2016,야간,토,1,1,0,0,0,충남,공주시,차대사람,기타,기타,운전자법규위반,안전운전 의무 불이행,단일로,기타단일로,화물차,소형,보행자,보행자,959727,1829868,127.0505003,36.4655713
2016,야간,목,1,3,1,1,0,충북,청주시,차대차,정면충돌,정면충돌,운전자법규위반,안전운전 의무 불이행,단일로,기타단일로,승용차,경형,승용차,경형,999583,1847173,127.4953363,36.62242435
2016,주간,토,1,1,0,0,0,전남,신안군,차대사람,횡단중,횡단중,운전자법규위반,안전운전 의무 불이행,단일로,기타단일로,화물차,경형,보행자,보행자,882027,1674719,126.206251,35.06064887
2016,야간,토,1,2,1,0,0,전북,전주시,차량단독,전도전복,전도전복,운전자법규위반,안전운전 의무 불이행,단일로,기타단일로,이륜차,소형,,,965192,1759765,127.1146002,35.833771
2016,야간,수,1,1,0,0,0,강원,춘천시,차량단독,전도전복,전도전복,운전자법규위반,안전운전 의무 불이행,단일로,기타단일로,원동기장치자전거,원동기장치자전거,,,1012971,1980339,127.6473838,37.82270249
2016,야간,금,1,1,0,0,0,강원,철원군,차량단독,공작물충돌,공작물충돌,운전자법규위반,안전운전 의무 불이행,단일로,기타단일로,승용차,소형,,,978440,2027093,127.2536163,38.2439228
2016,야간,토,1,1,0,0,0,경기,수원시,차대사람,횡단중,횡단중,운전자법규위반,안전운전 의무 불이행,기타/불명,기타/불명,승용차,소형,보행자,보행자,957138,1920445,127.0164853,37.28194749
2016,야간,월,1,1,0,0,0,부산,북구,차대사람,횡단중,횡단중,운전자법규위반,안전운전 의무 불이행,단일로,기타단일로,승용차,소형,보행자,보행자,1137542,1691733,129.0113099,35.21163509
2016,야간,수,1,1,0,0,0,인천,남동구,차대차,정면충돌,정면충돌,운전자법규위반,교차로 통행방법 위반,교차로,교차로내,승용차,경형,이륜차,중형,929882,1938957,126.707286,37.44714126
2016,주간,목,1,1,0,0,0,전북,전주시,차대차,측면직각충돌,측면직각충돌,운전자법규위반,중앙선 침범,교차로,교차로내,자전거,자전거,화물차,소형,967831,1758091,127.1438865,35.81876831
2016,주간,화,1,2,0,1,0,전북,순창군,차량단독,전도전복,전도전복,운전자법규위반,안전운전 의무 불이행,교차로,교차로부근,농기계,농기계,,,973565,1721486,127.208563,35.48889622
2016,주간,토,1,1,0,0,0,제주,서귀포시,차대차,측면직각충돌,측면직각충돌,운전자법규위반,서행 및 일시정지위반,교차로,교차로내,이륜차,소형,화물차,소형,924514,1476832,126.6892295,33.28032215
2016,주간,토,1,4,3,0,0,경기,고양시,차대사람,기타,기타,운전자법규위반,안전운전 의무 불이행,단일로,기타단일로,승용차,중형,보행자,보행자,944196,1963979,126.8671972,37.67363974
2016,주간,금,1,1,0,0,0,전남,순천시,차대사람,차도통행중,차도통행중,운전자법규위반,안전운전 의무 불이행,교차로,교차로내,화물차,소형,보행자,보행자,1001638,1662583,127.5179412,34.95811211
2016,주간,화,1,3,1,1,0,경남,의령군,차대차,측면직각충돌,측면직각충돌,운전자법규위반,안전운전 의무 불이행,교차로,교차로내,승용차,중형,승용차,중형,1069278,1702644,128.2621402,35.31695098
2016,야간,목,1,1,0,0,0,경북,구미시,차량단독,전도전복,전도전복,운전자법규위반,안전운전 의무 불이행,단일로,기타단일로,이륜차,소형,,,1076350,1794849,128.3485255,36.14726589
2016,야간,화,1,1,0,0,0,경남,합천군,차대사람,기타,기타,운전자법규위반,안전운전 의무 불이행,단일로,기타단일로,화물차,중형,보행자,보행자,1053212,1748543,128.0884178,35.7317696
2016,야간,일,1,1,0,0,0,전남,영암군,차대사람,횡단중,횡단중,운전자법규위반,안전운전 의무 불이행,교차로,교차로부근,승용차,중형,보행자,보행자,924450,1660300,126.6727364,34.9347099
2016,야간,목,1,6,5,0,0,광주,광산구,차대차,정면충돌,정면충돌,운전자법규위반,과속,교차로,교차로내,승용차,중형,승용차,중형,935816,1687437,126.7950838,35.18017903
2016,주간,수,1,1,0,0,0,서울,송파구,차량단독,전도전복,전도전복,운전자법규위반,안전운전 의무 불이행,단일로,기타단일로,화물차,중형,,,965601,1948382,127.1106509,37.53411187
2016,야간,화,1,1,0,0,0,전북,김제시,차대사람,횡단중,횡단중,운전자법규위반,과속,교차로,교차로내,승용차,중형,보행자,보행자,945387,1756569,126.8955435,35.80405358
2016,야간,토,1,2,1,0,0,충북,옥천군,차대차,측면직각충돌,측면직각충돌,운전자법규위반,중앙선 침범,단일로,기타단일로,승용차,중형,승용차,소형,1004236,1813377,127.54719,36.31773627
2016,주간,일,2,5,1,2,0,경기,고양시,차대차,추돌,진행중 추돌,운전자법규위반,안전운전 의무 불이행,단일로,기타단일로,승용차,중형,승용차,중형,943294,1953518,126.8577811,37.57930043
2016,야간,수,1,1,0,0,0,경기,광명시,차대차,기타,기타,운전자법규위반,과속,지하도로내,지하도로내,승용차,중형,이륜차,소형,946475,1937895,126.894943,37.43867851
2016,주간,화,1,1,0,0,0,전남,해남군,차량단독,공작물충돌,공작물충돌,운전자법규위반,안전운전 의무 불이행,기타/불명,기타/불명,승용차,소형,,,911298,1613163,126.5336984,34.50863031
2016,야간,월,1,1,0,0,0,경기,남양주시,차대사람,기타,기타,운전자법규위반,안전운전 의무 불이행,교차로,교차로부근,승합차,대형,보행자,보행자,978439,1961786,127.2555629,37.65531768
2016,주간,금,1,1,0,0,0,경남,거창군,차대차,측면직각충돌,측면직각충돌,운전자법규위반,안전운전 의무 불이행,교차로,교차로내,원동기장치자전거,원동기장치자전거,특수차,대형,1038673,1744034,127.9274333,35.69179469
2016,주간,토,1,3,0,2,0,서울,강서구,차대차,기타,기타,운전자법규위반,안전운전 의무 불이행,지하도로내,지하도로내,승용차,중형,승용차,중형,938834,1951533,126.8074387,37.56112422
2016,야간,금,1,1,0,0,0,전남,여수시,차대차,기타,기타,운전자법규위반,보행자 보호의무 위반,단일로,기타단일로,승용차,중형,승용차,중형,1015108,1640669,127.6650843,34.76038873
2016,야간,일,1,1,0,0,0,부산,수영구,차대사람,차도통행중,차도통행중,운전자법규위반,안전운전 의무 불이행,교차로,교차로부근,승용차,경형,보행자,보행자,1147258,1685399,129.1167006,35.15306535
2016,야간,일,1,1,0,0,0,경남,남해군,차대사람,횡단중,횡단중,운전자법규위반,안전운전 의무 불이행,단일로,기타단일로,화물차,소형,보행자,보행자,1044249,1646804,127.9838225,34.81486269
2016,주간,토,1,1,0,0,0,세종,세종,차대사람,기타,기타,운전자법규위반,보행자 보호의무 위반,교차로,교차로부근,건설기계,건설기계,보행자,보행자,976706,1837446,127.2397774,36.53445097
2016,주간,목,1,1,0,0,0,경기,남양주시,차대차,기타,기타,운전자법규위반,안전운전 의무 불이행,교차로,교차로내,승용차,대형,자전거,자전거,969753,1961341,127.1571095,37.65106163
2016,주간,수,1,1,0,0,0,서울,마포구,차대사람,차도통행중,차도통행중,운전자법규위반,안전운전 의무 불이행,단일로,기타단일로,화물차,소형,보행자,보행자,950254,1949923,126.9368462,37.54730073
2016,야간,토,1,1,0,0,0,경기,수원시,차대사람,횡단중,횡단중,운전자법규위반,안전운전 의무 불이행,단일로,기타단일로,승용차,중형,보행자,보행자,955852,1923126,127.0018195,37.30605292
2016,야간,토,1,1,0,0,0,서울,성북구,차량단독,공작물충돌,공작물충돌,운전자법규위반,안전운전 의무 불이행,교차로,교차로부근,이륜차,소형,,,959866,1956241,127.04531,37.60471536
2016,주간,토,1,2,1,0,0,강원,강릉시,차대차,측면직각충돌,측면직각충돌,운전자법규위반,안전운전 의무 불이행,교차로,교차로내,승용차,중형,원동기장치자전거,원동기장치자전거,1117916,1982993,128.8400943,37.83909038
2016,야간,일,1,4,0,3,0,인천,연수구,차대차,추돌,진행중 추돌,운전자법규위반,중앙선 침범,고가도로위,고가도로위,이륜차,대형,승용차,중형,927193,1935573,126.6772224,37.41643401
2016,야간,금,1,1,0,0,0,서울,중랑구,차량단독,공작물충돌,공작물충돌,운전자법규위반,안전운전 의무 불이행,단일로,기타단일로,화물차,소형,,,963368,1957914,127.0851449,37.62018495
2016,야간,목,1,1,0,0,0,경기,평택시,차량단독,전도전복,전도전복,운전자법규위반,안전운전 의무 불이행,교차로,교차로내,화물차,소형,,,961523,1885223,127.067759,36.96464868
2016,주간,목,1,1,0,0,0,경북,안동시,차량단독,전도전복,전도전복,운전자법규위반,안전운전 의무 불이행,단일로,기타단일로,농기계,농기계,,,1120925,1838641,128.8509047,36.53785582
2016,야간,토,1,1,0,0,0,제주,제주시,차대사람,기타,기타,운전자법규위반,안전운전 의무 불이행,단일로,기타단일로,승용차,중형,보행자,보행자,909675,1503083,126.5275854,33.51568807
2016,야간,화,1,2,1,0,0,부산,남구,차대차,정면충돌,정면충돌,운전자법규위반,중앙선 침범,단일로,기타단일로,승용차,대형,승용차,대형,1144424,1684129,129.0848655,35.14158848
2016,주간,화,1,1,0,0,0,인천,계양구,차대사람,횡단중,횡단중,운전자법규위반,보행자 보호의무 위반,교차로,교차로내,화물차,소형,보행자,보행자,932924,1947640,126.7408828,37.52562588
2016,야간,수,1,1,0,0,0,경기,시흥시,차대차,추돌,진행중 추돌,운전자법규위반,과속,교차로,교차로부근,특수차,소형,화물차,소형,932126,1925470,126.7338912,37.32574994
2016,주간,수,1,1,0,0,0,경남,김해시,차대사람,횡단중,횡단중,운전자법규위반,안전운전 의무 불이행,교차로,교차로내,승용차,소형,보행자,보행자,1125321,1695016,128.8773912,35.24273226
2016,야간,화,1,1,0,0,0,서울,도봉구,차대사람,횡단중,횡단중,운전자법규위반,안전운전 의무 불이행,단일로,기타단일로,화물차,소형,보행자,보행자,958943,1961090,127.0345809,37.6483795
2016,주간,월,1,1,0,0,0,서울,송파구,차대차,측면직각충돌,측면직각충돌,운전자법규위반,안전운전 의무 불이행,단일로,기타단일로,원동기장치자전거,원동기장치자전거,건설기계,건설기계,964699,1946035,127.1005546,37.51292329
2016,주간,월,1,1,0,0,0,충남,보령시,차량단독,기타,기타,운전자법규위반,안전운전 의무 불이행,단일로,기타단일로,원동기장치자전거,원동기장치자전거,,,904153,1820073,126.4315009,36.37333424
2016,주간,월,1,3,2,0,0,대구,중구,차대차,측면직각충돌,측면직각충돌,운전자법규위반,안전운전 의무 불이행,단일로,기타단일로,승용차,중형,승용차,중형,1098608,1763873,128.5922336,35.86646201
2016,야간,일,1,1,0,0,0,부산,기장군,차량단독,도로이탈,도로이탈 추락,운전자법규위반,안전운전 의무 불이행,교차로,교차로내,승용차,중형,,,1155713,1688942,129.2120544,35.18836301
2016,야간,토,1,1,0,0,0,전북,전주시,차량단독,공작물충돌,공작물충돌,운전자법규위반,안전운전 의무 불이행,교차로,교차로내,승용차,대형,,,964827,1755458,127.1107485,35.794926
2016,주간,토,1,4,2,1,0,충북,괴산군,차량단독,전도전복,전도전복,운전자법규위반,안전운전 의무 불이행,단일로,기타단일로,승용차,중형,,,1042129,1862431,127.9720001,36.75903759
2016,주간,일,1,1,0,0,0,경기,남양주시,차대사람,횡단중,횡단중,운전자법규위반,안전운전 의무 불이행,단일로,기타단일로,승합차,대형,보행자,보행자,971818,1968509,127.1802415,37.71573429
2016,야간,수,1,1,0,0,0,경기,부천시,차대사람,횡단중,횡단중,운전자법규위반,안전운전 의무 불이행,교차로,교차로내,승용차,중형,보행자,보행자,936743,1942882,126.7845097,37.48301213
2016,주간,수,1,1,0,0,0,서울,양천구,차대사람,차도통행중,차도통행중,운전자법규위반,안전운전 의무 불이행,단일로,기타단일로,승용차,경형,보행자,보행자,943666,1947811,126.8624322,37.52788594
2016,야간,수,1,1,0,0,0,광주,광산구,차대사람,기타,기타,운전자법규위반,안전운전 의무 불이행,기타/불명,기타/불명,승합차,대형,보행자,보행자,934762,1681568,126.7839726,35.12719323
2016,주간,화,1,1,0,0,0,전북,김제시,차대사람,횡단중,횡단중,운전자법규위반,안전운전 의무 불이행,단일로,기타단일로,승용차,중형,보행자,보행자,947003,1754411,126.9135715,35.78468612
2016,주간,금,1,1,0,0,0,충남,당진시,차대차,측면직각충돌,측면직각충돌,운전자법규위반,안전운전 의무 불이행,교차로,교차로내,승용차,중형,자전거,자전거,926532,1875388,126.675662,36.87391836
2016,야간,토,1,1,0,0,0,경기,부천시,차대사람,횡단중,횡단중,운전자법규위반,안전운전 의무 불이행,단일로,기타단일로,승용차,소형,보행자,보행자,933974,1945432,126.7529634,37.50580124
2016,야간,토,1,1,0,0,0,경남,창원시(통합),차대차,기타,기타,운전자법규위반,안전운전 의무 불이행,단일로,기타단일로,승용차,중형,승용차,경형,1107504,1691418,128.6811362,35.21236579
2016,야간,수,1,1,0,0,0,강원,춘천시,차대사람,횡단중,횡단중,운전자법규위반,안전운전 의무 불이행,단일로,기타단일로,승용차,중형,보행자,보행자,1018388,1991572,127.7092206,37.92385281
2016,주간,목,1,1,0,0,0,충남,천안시,차대차,측면직각충돌,측면직각충돌,운전자법규위반,교차로 통행방법 위반,교차로,교차로내,승용차,중형,이륜차,소형,965264,1856480,127.1110975,36.70569128
2016,주간,화,1,1,0,0,0,경북,영덕군,차량단독,공작물충돌,공작물충돌,운전자법규위반,안전운전 의무 불이행,단일로,기타단일로,화물차,대형,,,1171158,1850672,129.4145137,36.6385805
2016,주간,수,1,1,0,0,0,경기,군포시,차대사람,횡단중,횡단중,운전자법규위반,보행자 보호의무 위반,단일로,횡단보도상,승용차,대형,보행자,보행자,948371,1925540,126.9172372,37.327426
2016,주간,수,1,2,0,1,0,강원,삼척시,차대사람,기타,기타,운전자법규위반,과속,단일로,기타단일로,특수차,대형,보행자,보행자,1159519,1922104,129.2994709,37.28420844
2016,야간,월,1,1,0,0,0,울산,울주군,차대사람,횡단중,횡단중,운전자법규위반,안전운전 의무 불이행,단일로,기타단일로,승용차,대형,보행자,보행자,1157017,1735124,129.2333601,35.59974836
2016,야간,일,1,2,0,0,1,충남,논산시,차대차,추돌,진행중 추돌,운전자법규위반,안전운전 의무 불이행,단일로,교량위,화물차,소형,화물차,소형,973436,1796986,127.204629,36.16960695
2016,주간,일,1,3,0,2,0,강원,철원군,차대차,측면직각충돌,측면직각충돌,운전자법규위반,과속,단일로,기타단일로,승용차,대형,승용차,대형,974661,2024885,127.21051,38.22392476
2016,주간,금,1,2,0,1,0,경남,함안군,차대차,기타,기타,운전자법규위반,안전운전 의무 불이행,교차로,교차로부근,화물차,중형,화물차,중형,1092499,1701803,128.5174724,35.3074891
2016,야간,목,1,1,0,0,0,서울,성동구,차대사람,기타,기타,운전자법규위반,안전운전 의무 불이행,교차로,교차로내,승용차,대형,보행자,보행자,958875,1950660,127.0343964,37.55436864
2016,야간,화,1,2,0,1,0,경남,거제시,차대차,정면충돌,정면충돌,운전자법규위반,중앙선 침범,단일로,기타단일로,원동기장치자전거,원동기장치자전거,승용차,중형,1112432,1653911,128.7301887,34.87368925
2016,주간,토,1,1,0,0,0,경남,창원시(통합),차대사람,횡단중,횡단중,운전자법규위반,안전운전 의무 불이행,단일로,기타단일로,화물차,소형,보행자,보행자,1100057,1695665,128.5998473,35.25142483
2016,야간,토,1,1,0,0,0,대전,대덕구,차대차,기타,기타,운전자법규위반,안전운전 의무 불이행,단일로,기타단일로,승용차,중형,화물차,대형,991080,1818712,127.400568,36.36580152
2016,주간,목,1,3,0,2,0,대구,북구,차대차,측면직각충돌,측면직각충돌,운전자법규위반,안전운전 의무 불이행,교차로,교차로내,원동기장치자전거,원동기장치자전거,승용차,경형,1098401,1765752,128.5901732,35.88342107
2016,주간,금,1,1,0,0,0,전북,익산시,차대사람,횡단중,횡단중,운전자법규위반,안전운전 의무 불이행,단일로,기타단일로,승용차,대형,보행자,보행자,950238,1773365,126.9481827,35.95573933
2016,야간,목,1,2,0,1,0,대전,유성구,차대사람,횡단중,횡단중,운전자법규위반,과속,단일로,기타단일로,승용차,중형,보행자,보행자,987027,1818016,127.3554006,36.35948069
2016,야간,수,1,1,0,0,0,서울,노원구,차대사람,기타,기타,운전자법규위반,안전운전 의무 불이행,교차로,교차로내,승용차,중형,보행자,보행자,962172,1960623,127.0712079,37.64430906
2016,야간,목,1,1,0,0,0,경북,의성군,차대차,정면충돌,정면충돌,운전자법규위반,중앙선 침범,단일로,기타단일로,화물차,소형,농기계,농기계,1095970,1822260,128.5701402,36.39303512
2016,주간,수,1,1,0,0,0,경북,의성군,차대차,측면직각충돌,측면직각충돌,운전자법규위반,신호위반,교차로,교차로내,이륜차,사발이,화물차,소형,1076607,1828163,128.3548351,36.44798585
2016,주간,화,1,1,0,0,0,충북,충주시,차량단독,전도전복,전도전복,운전자법규위반,안전운전 의무 불이행,기타/불명,기타/불명,승합차,경형,,,1041472,1900381,127.9667205,37.10115687
2016,야간,토,1,1,0,0,0,인천,연수구,차대사람,횡단중,횡단중,운전자법규위반,안전운전 의무 불이행,단일로,기타단일로,승용차,중형,보행자,보행자,929014,1936317,126.6977278,37.42328104
2016,주간,월,1,2,0,1,0,경남,거제시,차대차,추돌,진행중 추돌,운전자법규위반,안전거리 미확보,단일로,기타단일로,화물차,경형,화물차,경형,1099378,1651623,128.5871095,34.85442179
2016,야간,화,1,1,0,0,0,경남,창녕군,차대사람,횡단중,횡단중,운전자법규위반,안전운전 의무 불이행,단일로,기타단일로,승용차,대형,보행자,보행자,1088800,1711088,128.4777978,35.39153446
2016,야간,토,1,1,0,0,0,부산,사하구,차대사람,기타,기타,운전자법규위반,안전운전 의무 불이행,단일로,기타단일로,승용차,중형,보행자,보행자,1134510,1680120,128.9759285,35.10726569
2016,야간,월,1,1,0,0,0,충남,청양군,차대사람,기타,기타,운전자법규위반,안전운전 의무 불이행,단일로,기타단일로,승용차,중형,보행자,보행자,937106,1820401,126.798802,36.37901191
2016,주간,월,1,1,0,0,0,강원,속초시,차량단독,도로이탈,도로이탈 추락,운전자법규위반,안전운전 의무 불이행,단일로,기타단일로,건설기계,건설기계,,,1090018,2020536,128.5278056,38.18058765
2016,야간,월,1,1,0,0,0,전남,함평군,차대사람,차도통행중,차도통행중,운전자법규위반,과속,단일로,기타단일로,승합차,중형,보행자,보행자,917097,1689092,126.5893519,35.19372968
2016,주간,수,1,1,0,0,0,경남,거제시,차대사람,횡단중,횡단중,운전자법규위반,안전운전 의무 불이행,단일로,기타단일로,화물차,소형,보행자,보행자,1101339,1655549,128.6090329,34.88962474
2016,주간,화,1,1,0,0,0,경남,밀양시,차량단독,전도전복,전도전복,운전자법규위반,안전운전 의무 불이행,단일로,기타단일로,원동기장치자전거,원동기장치자전거,,,1112186,1722070,128.7367721,35.48817533
2016,주간,화,1,5,2,2,0,전남,장성군,차대차,측면직각충돌,측면직각충돌,운전자법규위반,중앙선 침범,단일로,기타단일로,승용차,경형,승용차,경형,922317,1698278,126.6458173,35.27696904
2016,주간,수,1,3,0,2,0,대구,달서구,차대차,추돌,진행중 추돌,운전자법규위반,신호위반,단일로,기타단일로,승용차,중형,승용차,소형,1096228,1761859,128.5656326,35.84854338
2016,야간,수,1,1,0,0,0,경기,안양시,차대사람,기타,기타,운전자법규위반,안전운전 의무 불이행,단일로,기타단일로,승용차,중형,보행자,보행자,950601,1934191,126.9418299,37.40552259
2016,주간,목,1,1,0,0,0,경북,청도군,차량단독,도로이탈,도로이탈 추락,운전자법규위반,안전운전 의무 불이행,단일로,기타단일로,농기계,농기계,,,1110599,1733380,128.7208243,35.59030834
2016,야간,목,1,1,0,0,0,경남,김해시,차량단독,전도전복,전도전복,운전자법규위반,안전운전 의무 불이행,단일로,기타단일로,이륜차,소형,,,1120347,1686592,128.8215047,35.16740198
2016,야간,일,1,1,0,0,0,충북,제천시,차량단독,전도전복,전도전복,운전자법규위반,안전운전 의무 불이행,기타/불명,기타/불명,화물차,소형,,,1062609,1898150,128.2043937,37.07987273
2016,주간,월,1,1,0,0,0,경북,상주시,차량단독,공작물충돌,공작물충돌,운전자법규위반,안전운전 의무 불이행,단일로,기타단일로,화물차,소형,,,1045446,1819278,128.0066148,36.36987146
2016,주간,일,1,2,0,1,0,경남,함안군,차대차,측면직각충돌,측면직각충돌,운전자법규위반,안전운전 의무 불이행,교차로,교차로내,화물차,소형,자전거,자전거,1085323,1705482,128.4389309,35.34129635
2016,야간,토,1,1,0,0,0,충북,청주시,차대사람,길가장자리구역통행중,길가장자리구역통행중,운전자법규위반,안전운전 의무 불이행,단일로,기타단일로,승합차,소형,보행자,보행자,999791,1842733,127.4976638,36.58239767
2016,야간,토,1,1,0,0,0,서울,마포구,차대사람,횡단중,횡단중,운전자법규위반,과속,단일로,횡단보도상,승용차,경형,보행자,보행자,951976,1950495,126.956302,37.55254763
2016,주간,토,2,9,7,0,0,경기,가평군,차대차,측면직각충돌,측면직각충돌,운전자법규위반,신호위반,교차로,교차로내,승용차,소형,화물차,소형,989781,1966445,127.3841834,37.69760391
2016,야간,목,1,1,0,0,0,대구,동구,차대사람,횡단중,횡단중,운전자법규위반,안전운전 의무 불이행,단일로,기타단일로,승용차,대형,보행자,보행자,1106237,1765202,128.6768981,35.87764402
2016,야간,금,1,1,0,0,0,경남,창원시(통합),차량단독,도로이탈,도로이탈 추락,운전자법규위반,안전운전 의무 불이행,단일로,기타단일로,화물차,소형,,,1106333,1708590,128.6704995,35.36729835
2016,주간,수,1,1,0,0,0,경북,안동시,차량단독,전도전복,전도전복,운전자법규위반,안전운전 의무 불이행,기타/불명,기타/불명,승용차,소형,,,1113044,1842886,128.7635056,36.57708034
2016,야간,일,1,1,0,0,0,경남,함안군,차량단독,전도전복,전도전복,운전자법규위반,안전운전 의무 불이행,단일로,기타단일로,승용차,소형,,,1079010,1698070,128.3687526,35.27498981
2016,야간,토,1,1,0,0,0,서울,강동구,차대차,기타,기타,운전자법규위반,안전운전 의무 불이행,기타/불명,기타/불명,승용차,대형,이륜차,중형,968277,1951532,127.1408028,37.5626001
2016,야간,일,1,1,0,0,0,서울,강동구,차대사람,횡단중,횡단중,운전자법규위반,안전운전 의무 불이행,단일로,횡단보도상,승용차,중형,보행자,보행자,968946,1948631,127.1485005,37.53647497
2016,야간,수,1,1,0,0,0,강원,양구군,차대사람,차도통행중,차도통행중,운전자법규위반,안전운전 의무 불이행,단일로,기타단일로,화물차,소형,보행자,보행자,1045882,2010336,128.0232425,38.09199169
2016,주간,월,1,1,0,0,0,경기,평택시,차대차,정면충돌,정면충돌,운전자법규위반,신호위반,교차로,교차로내,이륜차,소형,승용차,중형,960773,1896583,127.0587423,37.06701832
2016,주간,화,1,1,0,0,0,강원,강릉시,차대차,측면직각충돌,측면직각충돌,운전자법규위반,신호위반,교차로,교차로내,건설기계,건설기계,승용차,중형,1128541,1970730,128.9586374,37.7271613
2016,야간,화,1,1,0,0,0,전북,김제시,차량단독,전도전복,전도전복,운전자법규위반,안전운전 의무 불이행,단일로,기타단일로,건설기계,건설기계,,,946131,1765729,126.9031592,35.88667839
2016,야간,토,1,1,0,0,0,서울,강서구,차대차,정면충돌,정면충돌,운전자법규위반,신호위반,교차로,교차로내,승용차,경형,이륜차,소형,941908,1949013,126.8424419,37.53861051
2016,야간,목,1,1,0,0,0,대전,중구,차대사람,횡단중,횡단중,운전자법규위반,안전운전 의무 불이행,교차로,교차로내,승용차,중형,보행자,보행자,990998,1814422,127.3997036,36.32712466
2016,주간,수,1,1,0,0,0,경남,함안군,차대차,측면직각충돌,측면직각충돌,운전자법규위반,안전운전 의무 불이행,교차로,교차로부근,이륜차,소형,승합차,경형,1075468,1706755,128.3306106,35.35356736
2016,야간,일,1,1,0,0,0,경북,영덕군,차대사람,횡단중,횡단중,운전자법규위반,안전운전 의무 불이행,교차로,교차로내,승용차,중형,보행자,보행자,1155482,1829567,129.2349878,36.45109273
2016,야간,토,1,1,0,0,0,경북,경산시,차대사람,기타,기타,운전자법규위반,안전운전 의무 불이행,단일로,기타단일로,승용차,중형,보행자,보행자,1111850,1758840,128.7381746,35.81967132
2016,주간,토,1,1,0,0,0,전북,부안군,차대차,정면충돌,정면충돌,운전자법규위반,안전운전 의무 불이행,단일로,기타단일로,이륜차,소형,화물차,대형,924660,1737397,126.6679547,35.62983787
2016,주간,수,1,1,0,0,0,강원,평창군,차량단독,전도전복,전도전복,운전자법규위반,안전운전 의무 불이행,단일로,교량위,승용차,중형,,,1087557,1939910,128.4899583,37.45424339
2016,주간,수,1,1,0,0,0,서울,강서구,차대사람,기타,기타,운전자법규위반,안전운전 의무 불이행,교차로,교차로내,건설기계,건설기계,보행자,보행자,939636,1950494,126.8166044,37.55181269
2016,야간,수,1,1,0,0,0,전북,부안군,차대차,기타,기타,운전자법규위반,안전운전 의무 불이행,단일로,기타단일로,승용차,중형,화물차,소형,921786,1735310,126.6364201,35.61079915
2016,주간,화,1,3,2,0,0,경북,봉화군,차대차,정면충돌,정면충돌,운전자법규위반,중앙선 침범,단일로,기타단일로,승용차,경형,화물차,소형,1131948,1888962,128.982718,36.98987933
2016,주간,화,1,1,0,0,0,충남,서천군,차대차,추돌,진행중 추돌,운전자법규위반,안전운전 의무 불이행,교차로,교차로내,승용차,중형,자전거,자전거,926849,1787739,126.6875095,36.0838484
2016,주간,수,1,1,0,0,0,경기,과천시,차대차,기타,기타,운전자법규위반,안전거리 미확보,단일로,기타단일로,이륜차,중형,승합차,대형,954938,1939660,126.9904987,37.45503814
2016,주간,화,1,1,0,0,0,경북,안동시,차량단독,전도전복,전도전복,운전자법규위반,안전운전 의무 불이행,단일로,기타단일로,승용차,경형,,,1086542,1837509,128.4667298,36.53138463
2016,주간,토,1,3,2,0,0,경북,청도군,차대차,측면직각충돌,측면직각충돌,운전자법규위반,중앙선 침범,단일로,기타단일로,승합차,중형,승용차,중형,1097789,1737112,128.5798997,35.62530134
2016,야간,목,1,2,1,0,0,광주,북구,차대사람,횡단중,횡단중,운전자법규위반,안전운전 의무 불이행,교차로,교차로부근,승용차,중형,보행자,보행자,942898,1689356,126.8727262,35.1979096
2016,야간,수,1,1,0,0,0,경기,김포시,차대사람,횡단중,횡단중,운전자법규위반,과속,교차로,교차로부근,승용차,중형,보행자,보행자,922074,1965312,126.6162204,37.68404058
2016,주간,수,1,1,0,0,0,경북,영덕군,차대사람,기타,기타,운전자법규위반,안전운전 의무 불이행,단일로,기타단일로,화물차,대형,보행자,보행자,1169837,1843200,129.398094,36.5714938
2016,야간,월,1,1,0,0,0,충남,아산시,차대사람,횡단중,횡단중,운전자법규위반,안전운전 의무 불이행,단일로,교량위,승용차,중형,보행자,보행자,958223,1864163,127.0318486,36.77466625
2016,주간,금,1,1,0,0,0,서울,양천구,차대사람,횡단중,횡단중,운전자법규위반,안전운전 의무 불이행,단일로,기타단일로,승용차,중형,보행자,보행자,940584,1948701,126.8274814,37.53571405
2016,주간,금,1,3,1,1,0,경북,성주군,차대차,추돌,진행중 추돌,운전자법규위반,안전운전 의무 불이행,기타/불명,기타/불명,화물차,대형,승용차,소형,1078043,1764199,128.3645032,35.8712559
2016,야간,목,1,1,0,0,0,인천,강화군,차량단독,전도전복,전도전복,운전자법규위반,안전운전 의무 불이행,단일로,기타단일로,이륜차,소형,,,912492,1975066,126.5063888,37.77107886
2016,야간,금,1,1,0,0,0,경기,동두천시,차대사람,기타,기타,운전자법규위반,안전운전 의무 불이행,단일로,기타단일로,화물차,중형,보행자,보행자,961915,1997218,127.0663702,37.97412681
2016,야간,목,1,1,0,0,0,인천,동구,차대사람,횡단중,횡단중,운전자법규위반,신호위반,단일로,횡단보도상,건설기계,건설기계,보행자,보행자,923388,1942279,126.6335305,37.47656623
2016,야간,수,1,1,0,0,0,경북,포항시,차대사람,횡단중,횡단중,운전자법규위반,안전운전 의무 불이행,단일로,기타단일로,승용차,경형,보행자,보행자,1165141,1785725,129.3334654,36.05442133
2016,주간,금,1,1,0,0,0,강원,삼척시,차대사람,횡단중,횡단중,운전자법규위반,보행자 보호의무 위반,교차로,교차로부근,건설기계,건설기계,보행자,보행자,1152766,1932772,129.2255228,37.38145872
2016,야간,금,1,1,0,0,0,경기,안산시,차대사람,횡단중,횡단중,운전자법규위반,안전운전 의무 불이행,교차로,교차로내,화물차,소형,보행자,보행자,941224,1924384,126.8366616,37.31658178
2016,야간,금,1,1,0,0,0,경기,안산시,차대사람,횡단중,횡단중,운전자법규위반,과속,단일로,기타단일로,승용차,소형,보행자,보행자,940076,1924465,126.8236997,37.31723852
2016,야간,수,1,1,0,0,0,경북,영주시,차량단독,전도전복,전도전복,운전자법규위반,안전운전 의무 불이행,단일로,기타단일로,화물차,소형,,,1095960,1880997,128.5773813,36.92245399
2016,야간,화,1,1,0,0,0,광주,북구,차량단독,공작물충돌,공작물충돌,운전자법규위반,안전운전 의무 불이행,단일로,기타단일로,승용차,중형,,,942398,1691141,126.867109,35.21397563
2016,주간,수,1,1,0,0,0,울산,울주군,차대차,측면직각충돌,측면직각충돌,운전자법규위반,안전운전 의무 불이행,단일로,기타단일로,승용차,중형,원동기장치자전거,원동기장치자전거,1150143,1725612,129.1557404,35.51508582
2016,야간,월,1,1,0,0,0,경기,안산시,차대차,측면직각충돌,측면직각충돌,운전자법규위반,부당한 회전,교차로,교차로내,자전거,자전거,승용차,중형,936676,1925541,126.7852382,37.32671125
2016,주간,월,1,1,0,0,0,충북,청주시,차대사람,횡단중,횡단중,운전자법규위반,안전운전 의무 불이행,교차로,교차로내,화물차,대형,보행자,보행자,990061,1850717,127.3887972,36.65432162
2016,야간,일,1,1,0,0,0,충북,진천군,차량단독,도로이탈,도로이탈 추락,운전자법규위반,안전운전 의무 불이행,단일로,기타단일로,화물차,중형,,,992432,1874862,127.4150856,36.87200529
2016,야간,목,1,1,0,0,0,울산,남구,차대차,정면충돌,정면충돌,운전자법규위반,중앙선 침범,단일로,교량위,승용차,경형,화물차,대형,1159840,1729674,129.2634338,35.55017912
2016,주간,목,1,1,0,0,0,전남,진도군,차량단독,공작물충돌,공작물충돌,운전자법규위반,안전운전 의무 불이행,단일로,기타단일로,승용차,경형,,,879497,1608276,126.1880245,34.46133903
2016,야간,수,1,1,0,0,0,대구,달성군,차량단독,전도전복,전도전복,운전자법규위반,안전운전 의무 불이행,단일로,기타단일로,승용차,중형,,,1084270,1754160,128.431998,35.77993115
2016,주간,수,1,1,0,0,0,강원,삼척시,차량단독,전도전복,전도전복,운전자법규위반,안전운전 의무 불이행,기타/불명,기타/불명,농기계,농기계,,,1153684,1927321,129.2347565,37.33219489
2016,야간,금,1,1,0,0,0,경기,화성시,차대차,측면직각충돌,측면직각충돌,운전자법규위반,안전운전 의무 불이행,교차로,교차로부근,승용차,대형,이륜차,소형,962021,1911910,127.0720029,37.20522684
2016,야간,일,1,1,0,0,0,전남,목포시,차대사람,횡단중,횡단중,운전자법규위반,보행자 보호의무 위반,단일로,횡단보도상,승용차,경형,보행자,보행자,899105,1646949,126.3968608,34.81213149
2016,야간,토,1,1,0,0,0,충남,보령시,차대사람,횡단중,횡단중,운전자법규위반,과속,단일로,횡단보도상,화물차,소형,보행자,보행자,919763,1817329,126.6057827,36.35002866
2016,야간,금,1,1,0,0,0,충남,예산군,차대사람,차도통행중,차도통행중,운전자법규위반,안전운전 의무 불이행,교차로,교차로내,화물차,소형,보행자,보행자,929083,1860889,126.7056339,36.74342163
2016,야간,금,1,1,0,0,0,광주,북구,차량단독,전도전복,전도전복,운전자법규위반,안전운전 의무 불이행,단일로,기타단일로,승용차,경형,,,944597,1686114,126.8914196,35.16885846
2016,주간,목,1,1,0,0,0,강원,고성군,차량단독,전도전복,전도전복,운전자법규위반,안전운전 의무 불이행,교차로,교차로부근,농기계,농기계,,,1080512,2052384,128.4229141,38.46847719
2016,야간,수,1,1,0,0,0,경기,화성시,차량단독,공작물충돌,공작물충돌,운전자법규위반,안전운전 의무 불이행,단일로,기타단일로,승용차,대형,,,958427,1912849,127.0314499,37.21353755
2016,주간,월,1,2,1,0,0,경북,군위군,차대차,추돌,진행중 추돌,운전자법규위반,안전운전 의무 불이행,교차로,교차로부근,화물차,소형,농기계,농기계,1090206,1808807,128.5043184,36.27232764
2016,주간,월,1,1,0,0,0,전남,순천시,차대차,기타,기타,운전자법규위반,안전운전 의무 불이행,단일로,기타단일로,승용차,중형,자전거,자전거,999858,1661232,127.4984449,34.94593077
2016,주간,일,1,1,0,0,0,강원,춘천시,차량단독,전도전복,전도전복,운전자법규위반,안전운전 의무 불이행,단일로,기타단일로,이륜차,소형,,,1015099,1980971,127.6715765,37.82836605
2016,야간,토,1,1,0,0,0,서울,용산구,차대사람,횡단중,횡단중,운전자법규위반,안전운전 의무 불이행,단일로,교량위,승용차,중형,보행자,보행자,956034,1949553,127.0022989,37.54425976
2016,주간,목,1,1,0,0,0,충남,천안시,차대사람,횡단중,횡단중,운전자법규위반,안전운전 의무 불이행,단일로,기타단일로,화물차,소형,보행자,보행자,967566,1878426,127.1359348,36.90360588
2016,야간,금,1,1,0,0,0,경북,의성군,차대차,정면충돌,정면충돌,운전자법규위반,안전운전 의무 불이행,단일로,기타단일로,승용차,경형,승용차,경형,1113124,1826072,128.7619375,36.42552645
2016,야간,수,1,1,0,0,0,경남,창원시(통합),차대사람,횡단중,횡단중,운전자법규위반,안전운전 의무 불이행,단일로,횡단보도상,승용차,경형,보행자,보행자,1098859,1694770,128.5865731,35.24347497
2016,주간,목,1,2,0,1,0,경남,고성군,차대차,정면충돌,정면충돌,운전자법규위반,중앙선 침범,단일로,기타단일로,화물차,소형,특수차,중형,1073776,1661139,128.3079145,34.94240557
2016,주간,화,1,3,0,2,0,전남,영암군,차대차,추돌,진행중 추돌,운전자법규위반,안전운전 의무 불이행,교차로,교차로부근,화물차,소형,승합차,경형,925518,1645547,126.6857422,34.80176526
2016,야간,목,1,1,0,0,0,경기,평택시,차대사람,기타,기타,운전자법규위반,안전운전 의무 불이행,단일로,기타단일로,승용차,중형,보행자,보행자,961410,1902787,127.0655885,37.12296777
2016,주간,금,1,1,0,0,0,경북,성주군,차대차,측면직각충돌,측면직각충돌,운전자법규위반,안전운전 의무 불이행,교차로,교차로내,자전거,자전거,승용차,경형,1078039,1764200,128.364459,35.87126523
2016,주간,수,1,1,0,0,0,서울,강북구,차대사람,횡단중,횡단중,운전자법규위반,중앙선 침범,단일로,기타단일로,승용차,중형,보행자,보행자,957486,1958657,127.0182066,37.62638422
2016,야간,월,1,1,0,0,0,경남,거창군,차대차,기타,기타,운전자법규위반,중앙선 침범,단일로,기타단일로,화물차,중형,화물차,중형,1029984,1750499,127.8316413,35.75038718
2016,야간,일,1,1,0,0,0,경북,영양군,차량단독,전도전복,전도전복,운전자법규위반,안전운전 의무 불이행,단일로,기타단일로,승용차,경형,,,1141519,1839682,129.0810866,36.54440945
2016,야간,월,1,1,0,0,0,서울,구로구,차대사람,횡단중,횡단중,운전자법규위반,안전운전 의무 불이행,단일로,횡단보도상,승용차,중형,보행자,보행자,941577,1943689,126.8391188,37.49060414
2016,야간,금,1,1,0,0,0,경북,의성군,차대차,기타,기타,운전자법규위반,안전운전 의무 불이행,단일로,기타단일로,불명,불명,이륜차,사발이,1076886,1836306,128.3587579,36.52136613
2016,야간,일,1,1,0,0,0,경남,창원시(통합),차대사람,횡단중,횡단중,운전자법규위반,안전운전 의무 불이행,단일로,기타단일로,화물차,소형,보행자,보행자,1096095,1686402,128.5552218,35.16830135
2016,주간,토,1,1,0,0,0,경기,성남시,차대사람,횡단중,횡단중,운전자법규위반,보행자 보호의무 위반,교차로,교차로부근,건설기계,건설기계,보행자,보행자,968060,1938283,127.1389213,37.44317297
2016,야간,토,1,1,0,0,0,경기,의정부시,차량단독,전도전복,전도전복,운전자법규위반,안전운전 의무 불이행,단일로,기타단일로,승용차,중형,,,963889,1970406,127.0901852,37.73255382
2016,야간,토,1,1,0,0,0,인천,서구,차대사람,기타,기타,운전자법규위반,안전운전 의무 불이행,단일로,기타단일로,승용차,경형,보행자,보행자,926820,1945629,126.6719493,37.50648601
2016,주간,토,1,1,0,0,0,전북,김제시,차량단독,전도전복,전도전복,운전자법규위반,안전운전 의무 불이행,단일로,기타단일로,승합차,소형,,,936833,1757399,126.8008081,35.81102324
2016,야간,토,1,3,1,1,0,경기,안산시,차대차,정면충돌,정면충돌,운전자법규위반,중앙선 침범,단일로,기타단일로,승용차,소형,승용차,중형,941248,1925719,126.8368267,37.3286161
2016,야간,토,1,1,0,0,0,인천,계양구,차대사람,기타,기타,운전자법규위반,안전운전 의무 불이행,단일로,기타단일로,승용차,중형,보행자,보행자,930710,1949696,126.7156344,37.54399243
2016,야간,화,1,2,0,1,0,전남,고흥군,차대사람,기타,기타,운전자법규위반,안전운전 의무 불이행,교차로,교차로내,승용차,소형,보행자,보행자,985934,1647645,127.3461848,34.82331124
2016,주간,화,1,1,0,0,0,경기,양평군,차량단독,전도전복,전도전복,운전자법규위반,안전운전 의무 불이행,단일로,기타단일로,이륜차,사발이,,,1010898,1938763,127.623209,37.44798689
2016,야간,수,1,3,1,1,0,경기,광주시,차량단독,공작물충돌,공작물충돌,운전자법규위반,과속,단일로,기타단일로,승용차,중형,,,979748,1932090,127.2712217,37.38768078
2016,야간,화,1,1,0,0,0,전북,고창군,차량단독,전도전복,전도전복,운전자법규위반,안전운전 의무 불이행,교차로,교차로부근,화물차,경형,,,922995,1709517,126.6522143,35.37835186
2016,주간,화,1,1,0,0,0,인천,서구,차대사람,기타,기타,운전자법규위반,안전운전 의무 불이행,단일로,기타단일로,화물차,중형,보행자,보행자,926014,1956292,126.6618145,37.60307441
2016,주간,화,1,1,0,0,0,경북,봉화군,차량단독,전도전복,전도전복,운전자법규위반,안전운전 의무 불이행,단일로,기타단일로,화물차,소형,,,1123357,1874694,128.8838798,36.86246401
2016,야간,토,1,1,0,0,0,충북,영동군,차대사람,횡단중,횡단중,운전자법규위반,안전운전 의무 불이행,단일로,기타단일로,승용차,중형,보행자,보행자,1037282,1803252,127.9148423,36.2257442
2016,주간,금,1,1,0,0,0,광주,동구,차대차,기타,기타,운전자법규위반,안전운전 의무 불이행,기타/불명,기타/불명,승용차,중형,승용차,중형,948030,1681811,126.9291672,35.13112185
2016,야간,금,1,1,0,0,0,경기,용인시,차대사람,횡단중,횡단중,운전자법규위반,안전운전 의무 불이행,단일로,기타단일로,승용차,중형,보행자,보행자,970279,1926387,127.1644847,37.3360202
2016,야간,화,1,1,0,0,0,전남,광양시,차대사람,횡단중,횡단중,운전자법규위반,안전운전 의무 불이행,단일로,기타단일로,승용차,경형,보행자,보행자,1016254,1660341,127.677988,34.93776578
2016,야간,화,1,1,0,0,0,경기,포천시,차대사람,횡단중,횡단중,운전자법규위반,안전운전 의무 불이행,단일로,교량위,승용차,경형,보행자,보행자,973269,1983355,127.1961573,37.84958638
2016,야간,월,1,1,0,0,0,경기,수원시,차대사람,차도통행중,차도통행중,운전자법규위반,안전운전 의무 불이행,단일로,기타단일로,승합차,대형,보행자,보행자,960971,1919165,127.0597904,37.27057862
2016,주간,목,1,1,0,0,0,경기,김포시,차대차,측면직각충돌,측면직각충돌,운전자법규위반,신호위반,교차로,교차로내,화물차,중형,승합차,대형,919688,1966510,126.5890312,37.69463135
2016,야간,금,1,17,9,7,0,경북,포항시,차대차,측면직각충돌,측면직각충돌,운전자법규위반,안전운전 의무 불이행,교차로,교차로내,화물차,대형,승합차,대형,1166135,1793345,129.3461015,36.12291682
2016,야간,금,1,2,0,1,0,경북,울진군,차대차,측면직각충돌,측면직각충돌,운전자법규위반,안전운전 의무 불이행,단일로,기타단일로,승용차,중형,승용차,중형,1170007,1889795,129.4103879,36.99127355
2016,야간,토,1,1,0,0,0,경북,예천군,차대사람,차도통행중,차도통행중,운전자법규위반,안전운전 의무 불이행,단일로,기타단일로,승용차,중형,보행자,보행자,1084084,1838469,128.4393804,36.54025738
2016,주간,토,1,1,0,0,0,경북,군위군,차대사람,횡단중,횡단중,운전자법규위반,안전운전 의무 불이행,단일로,기타단일로,화물차,소형,보행자,보행자,1098560,1795579,128.5956502,36.1522737
2016,주간,월,1,7,4,2,0,경북,경주시,차대차,기타,기타,운전자법규위반,중앙선 침범,단일로,기타단일로,화물차,소형,승용차,중형,1144470,1762413,129.099811,35.84761239
2016,야간,수,1,1,0,0,0,서울,노원구,차대차,정면충돌,정면충돌,운전자법규위반,중앙선 침범,단일로,기타단일로,승용차,경형,승용차,경형,964484,1959005,127.0974932,37.62981799
2016,주간,월,1,1,0,0,0,경북,성주군,차대차,정면충돌,정면충돌,운전자법규위반,안전운전 의무 불이행,단일로,기타단일로,화물차,소형,자전거,자전거,1080297,1767507,128.3898023,35.90089534
2016,야간,월,1,1,0,0,0,경남,합천군,차량단독,공작물충돌,공작물충돌,운전자법규위반,안전운전 의무 불이행,단일로,기타단일로,승용차,경형,,,1060343,1745252,128.1670205,35.70168731
2016,야간,월,1,2,0,1,0,인천,서구,차대차,측면직각충돌,측면직각충돌,운전자법규위반,신호위반,교차로,교차로내,승용차,경형,승합차,경형,925435,1955042,126.655383,37.59176197
2016,야간,토,1,1,0,0,0,대구,서구,차대사람,횡단중,횡단중,운전자법규위반,안전운전 의무 불이행,단일로,횡단보도상,화물차,소형,보행자,보행자,1095225,1764506,128.5548557,35.87244436
2016,야간,토,1,1,0,0,0,충북,진천군,차대차,추돌,진행중 추돌,운전자법규위반,안전운전 의무 불이행,지하도로내,지하도로내,승용차,경형,화물차,소형,1003884,1878488,127.5478042,36.91610916
2016,야간,목,1,1,0,0,0,서울,도봉구,차대사람,기타,기타,운전자법규위반,안전운전 의무 불이행,단일로,기타단일로,승용차,중형,보행자,보행자,959936,1965624,127.0455881,37.68928887
2016,야간,목,1,1,0,0,0,경북,안동시,차량단독,전도전복,전도전복,운전자법규위반,안전운전 의무 불이행,단일로,기타단일로,승용차,중형,,,1124854,1839966,128.8950002,36.54929208
2016,주간,금,1,7,6,0,0,경기,안산시,차대차,측면직각충돌,측면직각충돌,운전자법규위반,직진 및 우회전차의 통행방해,교차로,교차로내,승합차,소형,특수차,소형,920687,1915989,126.6058016,37.23939229
2016,주간,목,1,1,0,0,0,서울,관악구,차대사람,길가장자리구역통행중,길가장자리구역통행중,운전자법규위반,안전운전 의무 불이행,교차로,교차로부근,승합차,소형,보행자,보행자,952012,1942492,126.9572322,37.48041658
2016,야간,수,1,1,0,0,0,전북,김제시,차대사람,횡단중,횡단중,운전자법규위반,안전운전 의무 불이행,단일로,기타단일로,승용차,소형,보행자,보행자,952295,1750530,126.9835583,35.74336853
2016,야간,화,1,2,0,1,0,경북,김천시,차대차,정면충돌,정면충돌,운전자법규위반,중앙선 침범,단일로,교량위,화물차,소형,승용차,대형,1060064,1797817,128.167912,36.17560021
2016,야간,토,1,1,0,0,0,대전,대덕구,차대사람,횡단중,횡단중,운전자법규위반,안전운전 의무 불이행,교차로,교차로내,승용차,중형,보행자,보행자,993787,1818568,127.4307443,36.36452461
2016,야간,화,1,1,0,0,0,전남,목포시,차대사람,횡단중,횡단중,운전자법규위반,안전운전 의무 불이행,단일로,기타단일로,승용차,경형,보행자,보행자,897032,1646232,126.3742873,34.80545947
2016,주간,수,1,1,0,0,0,대전,대덕구,차대사람,횡단중,횡단중,운전자법규위반,보행자 보호의무 위반,단일로,기타단일로,화물차,중형,보행자,보행자,995111,1817732,127.4455081,36.35699538
2016,주간,목,1,1,0,0,0,경남,창원시(통합),차대사람,횡단중,횡단중,운전자법규위반,안전운전 의무 불이행,단일로,기타단일로,건설기계,건설기계,보행자,보행자,1104602,1695037,128.6497182,35.24529892
2016,주간,수,1,1,0,0,0,충북,청주시,차대사람,횡단중,횡단중,운전자법규위반,안전운전 의무 불이행,단일로,기타단일로,승용차,경형,보행자,보행자,1000978,1846119,127.5109365,36.61292212
2016,야간,토,1,3,2,0,0,강원,춘천시,차량단독,공작물충돌,공작물충돌,운전자법규위반,안전운전 의무 불이행,단일로,기타단일로,승용차,경형,,,1025166,1972892,127.7856906,37.75532696
2016,주간,일,1,1,0,0,0,전남,장흥군,차량단독,전도전복,전도전복,운전자법규위반,안전운전 의무 불이행,단일로,기타단일로,농기계,농기계,,,950803,1613812,126.9639971,34.51712886
2016,주간,토,1,1,0,0,0,전북,군산시,차대사람,기타,기타,운전자법규위반,안전운전 의무 불이행,단일로,기타단일로,화물차,소형,보행자,보행자,920845,1772799,126.6223243,35.9486958
2016,야간,금,1,1,0,0,0,서울,금천구,차대사람,기타,기타,운전자법규위반,안전운전 의무 불이행,단일로,기타단일로,승용차,중형,보행자,보행자,946082,1942148,126.8901895,37.47698891
2016,야간,금,1,3,1,1,0,부산,수영구,차대사람,기타,기타,운전자법규위반,안전운전 의무 불이행,단일로,기타단일로,원동기장치자전거,원동기장치자전거,보행자,보행자,1147469,1686589,129.1192289,35.1637606
2016,주간,수,1,2,0,1,0,대전,중구,차대차,측면직각충돌,측면직각충돌,운전자법규위반,신호위반,교차로,교차로내,원동기장치자전거,원동기장치자전거,승합차,소형,995294,1812152,127.4475814,36.30669014
2016,야간,목,1,1,0,0,0,충북,청주시,차량단독,전도전복,전도전복,운전자법규위반,안전운전 의무 불이행,교차로,교차로부근,승용차,경형,,,996551,1848162,127.479919,36.63206339
2016,주간,목,1,1,0,0,0,전남,나주시,차량단독,공작물충돌,공작물충돌,운전자법규위반,안전운전 의무 불이행,단일로,기타단일로,화물차,소형,,,931710,1660132,126.7522399,34.93371036
2016,주간,목,1,1,0,0,0,경북,청도군,차량단독,전도전복,전도전복,운전자법규위반,안전운전 의무 불이행,단일로,기타단일로,이륜차,사발이,,,1100176,1740361,128.6066592,35.65435127
2016,주간,수,1,6,1,3,1,서울,강남구,차대차,측면직각충돌,측면직각충돌,운전자법규위반,신호위반,교차로,교차로내,승용차,중형,승용차,중형,962227,1943661,127.0727055,37.49142755
2016,야간,화,1,1,0,0,0,경기,시흥시,차대사람,횡단중,횡단중,운전자법규위반,신호위반,교차로,교차로부근,승합차,중형,보행자,보행자,931905,1928168,126.7311491,37.35005111
2016,주간,화,1,1,0,0,0,경남,남해군,차량단독,전도전복,전도전복,운전자법규위반,안전운전 의무 불이행,단일로,기타단일로,이륜차,소형,,,1030184,1646862,127.8300394,34.81590001
2016,야간,화,1,1,0,0,0,대전,대덕구,차대사람,횡단중,횡단중,운전자법규위반,안전운전 의무 불이행,단일로,횡단보도상,화물차,소형,보행자,보행자,992854,1817942,127.42035,36.35887449
2016,주간,화,1,1,0,0,0,경남,고성군,차량단독,전도전복,전도전복,운전자법규위반,안전운전 의무 불이행,단일로,기타단일로,승용차,경형,,,1067418,1666202,128.2387036,34.98850041
2016,야간,월,1,1,0,0,0,경남,양산시,차대사람,횡단중,횡단중,운전자법규위반,안전운전 의무 불이행,교차로,교차로내,승용차,중형,보행자,보행자,1146847,1704205,129.1155486,35.32263334
2016,주간,월,1,1,0,0,0,경기,김포시,차대사람,횡단중,횡단중,운전자법규위반,보행자 보호의무 위반,단일로,횡단보도상,건설기계,건설기계,보행자,보행자,927238,1961525,126.6751588,37.65033468
2016,야간,화,1,1,0,0,0,전북,무주군,차대사람,횡단중,횡단중,운전자법규위반,안전운전 의무 불이행,교차로,교차로부근,승용차,중형,보행자,보행자,1015317,1771225,127.6698141,35.93759352
2016,야간,목,1,1,0,0,0,충남,예산군,차대사람,횡단중,횡단중,운전자법규위반,안전운전 의무 불이행,단일로,기타단일로,승용차,경형,보행자,보행자,940243,1859950,126.830706,36.73572605
2016,야간,목,1,2,1,0,0,제주,제주시,차대사람,횡단중,횡단중,운전자법규위반,보행자 보호의무 위반,단일로,횡단보도상,화물차,소형,보행자,보행자,910942,1501921,126.5411013,33.50557024
2016,주간,수,1,3,1,1,0,경남,의령군,차대차,측면직각충돌,측면직각충돌,운전자법규위반,과속,교차로,교차로내,승용차,중형,이륜차,사발이,1070760,1704905,128.2786381,35.33723257
2016,야간,화,1,3,0,2,0,전남,나주시,차대차,추돌,진행중 추돌,운전자법규위반,안전운전 의무 불이행,단일로,기타단일로,승용차,경형,화물차,중형,934512,1671633,126.7820142,35.03759699
2016,주간,수,1,1,0,0,0,경남,진주시,차량단독,기타,기타,운전자법규위반,안전운전 의무 불이행,단일로,기타단일로,원동기장치자전거,원동기장치자전거,,,1056279,1692334,128.1184371,35.22480753
2016,야간,화,1,2,1,0,0,경남,남해군,차대차,정면충돌,정면충돌,운전자법규위반,중앙선 침범,단일로,기타단일로,승용차,중형,화물차,소형,1046676,1652435,128.0106722,34.86553082
2016,야간,수,1,1,0,0,0,전북,전주시,차대사람,횡단중,횡단중,운전자법규위반,안전운전 의무 불이행,단일로,기타단일로,승용차,소형,보행자,보행자,966108,1760785,127.1246988,35.84299941
2016,야간,화,1,1,0,0,0,경기,안양시,차대차,추돌,진행중 추돌,운전자법규위반,신호위반,교차로,교차로내,승합차,소형,이륜차,소형,951983,1930259,126.9577001,37.37015445
2016,주간,토,1,1,0,0,0,부산,해운대구,차대사람,횡단중,횡단중,운전자법규위반,안전운전 의무 불이행,단일로,기타단일로,승용차,중형,보행자,보행자,1150031,1686028,129.1472423,35.1583249
2016,야간,토,1,1,0,0,0,경기,안양시,차량단독,공작물충돌,공작물충돌,운전자법규위반,안전운전 의무 불이행,단일로,기타단일로,승용차,중형,,,948918,1934398,126.9227998,37.40729705
2016,야간,토,1,1,0,0,0,전남,순천시,차대사람,횡단중,횡단중,운전자법규위반,안전운전 의무 불이행,교차로,교차로부근,승용차,소형,보행자,보행자,1002304,1659290,127.5252269,34.9284161
2016,주간,수,1,1,0,0,0,경기,김포시,차대사람,횡단중,횡단중,운전자법규위반,안전운전 의무 불이행,교차로,교차로내,특수차,대형,보행자,보행자,923706,1969257,126.634314,37.71973145
2016,주간,화,1,1,0,0,0,서울,동대문구,차대사람,횡단중,횡단중,운전자법규위반,안전운전 의무 불이행,단일로,횡단보도상,승용차,경형,보행자,보행자,959889,1953575,127.0457167,37.58068706
2016,야간,화,1,1,0,0,0,전북,전주시,차대사람,횡단중,횡단중,운전자법규위반,안전운전 의무 불이행,교차로,교차로부근,화물차,경형,보행자,보행자,970601,1759570,127.1744958,35.83219
2016,주간,수,1,1,0,0,0,전남,영암군,차대사람,횡단중,횡단중,운전자법규위반,신호위반,교차로,교차로내,승용차,소형,보행자,보행자,918627,1635850,126.611353,34.71380287
2016,주간,화,1,2,0,1,0,경남,사천시,차대차,추돌,진행중 추돌,운전자법규위반,안전운전 의무 불이행,단일로,기타단일로,승용차,중형,승용차,중형,1050476,1667154,128.0531357,34.99807215
2016,주간,월,1,3,0,2,0,충남,공주시,차대차,정면충돌,정면충돌,운전자법규위반,신호위반,교차로,교차로내,건설기계,건설기계,승용차,경형,966404,1830550,127.1249932,36.47197696
2016,주간,월,1,1,0,0,0,경북,포항시,차대차,측면직각충돌,측면직각충돌,운전자법규위반,안전운전 의무 불이행,교차로,교차로내,이륜차,소형,화물차,대형,1167849,1776823,129.3616286,35.9737406
2016,야간,금,1,4,0,3,0,전북,고창군,차대차,측면직각충돌,측면직각충돌,운전자법규위반,신호위반,교차로,교차로내,승용차,경형,승용차,중형,928377,1715738,126.7109157,35.43484146
2016,야간,일,1,1,0,0,0,경남,창원시(통합),차량단독,전도전복,전도전복,운전자법규위반,안전운전 의무 불이행,단일로,기타단일로,이륜차,중형,,,1108272,1689160,128.6892757,35.19192689
2016,주간,수,1,1,0,0,0,충북,충주시,차대사람,기타,기타,운전자법규위반,안전운전 의무 불이행,단일로,기타단일로,화물차,소형,보행자,보행자,1041384,1878643,127.9645364,36.90521167
2016,야간,월,1,2,1,0,0,경남,창녕군,차대차,추돌,진행중 추돌,운전자법규위반,안전운전 의무 불이행,단일로,기타단일로,승용차,대형,승용차,경형,1091627,1717727,128.509669,35.45113182
2016,주간,목,1,2,0,1,0,경기,의왕시,차대차,추돌,진행중 추돌,운전자법규위반,안전운전 의무 불이행,단일로,기타단일로,화물차,소형,화물차,대형,956325,1932293,126.8425729,37.40139245
2016,야간,일,1,1,0,0,0,대전,대덕구,차대사람,기타,기타,운전자법규위반,안전운전 의무 불이행,단일로,기타단일로,화물차,소형,보행자,보행자,995112,1819029,127.445511,36.36868835
2016,야간,수,1,2,0,1,0,경북,군위군,차대차,추돌,진행중 추돌,운전자법규위반,안전운전 의무 불이행,단일로,기타단일로,화물차,중형,화물차,대형,1096283,1807591,128.5718172,36.2607794
2016,야간,토,1,1,0,0,0,경북,포항시,차대사람,횡단중,횡단중,운전자법규위반,안전운전 의무 불이행,단일로,기타단일로,화물차,소형,보행자,보행자,1168897,1785661,129.3751325,36.05319972
2016,주간,금,2,2,0,0,0,울산,울주군,차대차,추돌,진행중 추돌,운전자법규위반,안전운전 의무 불이행,단일로,기타단일로,화물차,경형,화물차,중형,1147904,1732257,129.1313271,35.57579668
2016,야간,금,1,1,0,0,0,충남,천안시,차대차,정면충돌,정면충돌,운전자법규위반,중앙선 침범,단일로,기타단일로,이륜차,소형,화물차,소형,967414,1881213,127.1341086,36.92872369
2016,야간,금,1,1,0,0,0,서울,마포구,차대사람,차도통행중,차도통행중,운전자법규위반,과속,단일로,기타단일로,승용차,중형,보행자,보행자,947291,1952911,126.9030901,37.57406709
2016,주간,수,1,3,0,2,0,경기,안산시,차대차,측면직각충돌,측면직각충돌,운전자법규위반,신호위반,교차로,교차로내,이륜차,중형,승용차,중형,941681,1924164,126.8418362,37.31462764
2016,야간,목,1,1,0,0,0,부산,중구,차대차,기타,기타,운전자법규위반,안전운전 의무 불이행,단일로,기타단일로,화물차,중형,승용차,대형,1140180,1679378,129.0379897,35.09906746
2016,주간,수,1,1,0,0,0,경북,군위군,차량단독,공작물충돌,공작물충돌,운전자법규위반,안전운전 의무 불이행,교차로,교차로부근,승용차,중형,,,1109350,1798135,128.7159307,36.17415523
2016,주간,수,1,1,0,0,0,서울,성북구,차대사람,기타,기타,운전자법규위반,과속,단일로,기타단일로,화물차,소형,보행자,보행자,959322,1955434,127.0391919,37.59741779
2016,주간,수,1,1,0,0,0,경남,김해시,차대사람,횡단중,횡단중,운전자법규위반,안전운전 의무 불이행,단일로,기타단일로,화물차,소형,보행자,보행자,1112248,1701566,128.7346344,35.30332996
2016,야간,수,1,4,3,0,0,서울,광진구,차대차,측면직각충돌,측면직각충돌,운전자법규위반,신호위반,교차로,교차로내,승용차,중형,승용차,중형,962601,1951739,127.0765248,37.56425284
2016,주간,목,1,1,0,0,0,충남,금산군,차량단독,전도전복,전도전복,운전자법규위반,안전운전 의무 불이행,교차로,교차로내,농기계,농기계,,,1006956,1785462,127.5772439,36.0660487
2016,야간,화,1,1,0,0,0,전남,화순군,차대사람,횡단중,횡단중,운전자법규위반,안전운전 의무 불이행,단일로,기타단일로,승용차,경형,보행자,보행자,946061,1672861,126.9085467,35.0493529
2016,야간,수,1,1,0,0,0,경기,시흥시,차대사람,횡단중,횡단중,운전자법규위반,안전운전 의무 불이행,교차로,교차로내,승용차,중형,보행자,보행자,941007,1939624,126.832997,37.45392966
2016,야간,화,1,1,0,0,0,충남,논산시,차대차,추돌,진행중 추돌,운전자법규위반,안전거리 미확보,단일로,기타단일로,승용차,중형,자전거,자전거,961346,1801845,127.0699611,36.21300569
2016,야간,월,3,3,0,0,0,인천,서구,차량단독,공작물충돌,공작물충돌,운전자법규위반,안전운전 의무 불이행,단일로,기타단일로,승용차,소형,,,924785,1950935,126.6484427,37.55469449
2016,주간,목,1,1,0,0,0,전북,장수군,차대차,추돌,진행중 추돌,운전자법규위반,안전운전 의무 불이행,단일로,기타단일로,승용차,대형,화물차,소형,1004379,1748721,127.5484251,35.73480353
2016,주간,일,1,4,1,1,1,경기,평택시,차대차,추돌,진행중 추돌,운전자법규위반,안전운전 의무 불이행,단일로,기타단일로,승용차,대형,승합차,중형,954190,1893125,126.9849045,37.03554938
2016,주간,화,1,1,0,0,0,대전,대덕구,차대차,추돌,진행중 추돌,운전자법규위반,안전운전 의무 불이행,기타/불명,기타/불명,화물차,대형,화물차,중형,992677,1825428,127.4183066,36.42636202
2016,야간,목,1,1,0,0,0,전남,함평군,차대차,추돌,진행중 추돌,운전자법규위반,기타(운전자법규위반),단일로,기타단일로,승용차,경형,화물차,소형,916073,1674875,126.5795486,35.06546298
2016,야간,화,1,1,0,0,0,전북,고창군,차대사람,기타,기타,운전자법규위반,안전운전 의무 불이행,단일로,기타단일로,승합차,대형,보행자,보행자,926120,1724990,126.6852108,35.51809075
2016,주간,금,1,1,0,0,0,충북,음성군,차대차,기타,기타,운전자법규위반,안전운전 의무 불이행,단일로,기타단일로,화물차,중형,화물차,소형,1015656,1902710,127.6869537,37.1201584
2016,주간,금,1,2,0,1,0,경남,창녕군,차대차,추돌,진행중 추돌,운전자법규위반,안전운전 의무 불이행,단일로,기타단일로,화물차,중형,화물차,중형,1091555,1722538,128.5094177,35.49451122
2016,야간,목,1,2,0,1,0,충북,괴산군,차대차,추돌,진행중 추돌,운전자법규위반,안전운전 의무 불이행,단일로,기타단일로,승용차,중형,화물차,중형,1040807,1870960,127.9576464,36.83597966
2016,주간,화,1,1,0,0,0,전북,완주군,차대차,추돌,진행중 추돌,운전자법규위반,안전운전 의무 불이행,단일로,기타단일로,화물차,대형,승용차,경형,958052,1759343,127.0355693,35.82968679
2016,주간,월,1,1,0,0,0,경기,성남시,차량단독,공작물충돌,공작물충돌,운전자법규위반,안전운전 의무 불이행,단일로,기타단일로,승용차,중형,,,964745,1934345,127.1016344,37.40755713
2016,야간,목,2,2,0,0,0,경기,고양시,차대차,추돌,진행중 추돌,운전자법규위반,안전운전 의무 불이행,단일로,기타단일로,특수차,대형,승용차,소형,941290,1963377,126.8342944,37.66803264
2016,야간,목,1,2,0,1,0,충북,충주시,차대차,추돌,진행중 추돌,운전자법규위반,안전운전 의무 불이행,단일로,기타단일로,화물차,소형,화물차,중형,1030800,1887047,127.8460755,36.98137339
2016,야간,금,1,2,0,1,0,충북,충주시,차대차,기타,기타,운전자법규위반,안전운전 의무 불이행,단일로,기타단일로,화물차,중형,화물차,중형,1029859,1891840,127.8356923,37.02460914
2016,야간,목,1,1,0,0,0,경북,성주군,차대차,추돌,진행중 추돌,운전자법규위반,안전운전 의무 불이행,단일로,기타단일로,화물차,소형,화물차,대형,1068384,1779141,128.2588034,36.00668397
2016,야간,화,3,6,2,1,0,경기,광주시,차대차,기타,기타,운전자법규위반,안전운전 의무 불이행,단일로,기타단일로,승용차,중형,건설기계,건설기계,984076,1928377,127.3201929,37.35429694
2016,야간,화,1,2,0,1,0,충남,서천군,차대차,추돌,진행중 추돌,운전자법규위반,안전운전 의무 불이행,단일로,기타단일로,화물차,대형,화물차,대형,921619,1792736,126.6289283,36.12848718
2016,주간,월,1,1,0,0,0,충남,청양군,차대사람,횡단중,횡단중,운전자법규위반,과속,단일로,기타단일로,승용차,중형,보행자,보행자,951344,1823523,126.9573368,36.40798284
2016,야간,화,1,1,0,0,0,서울,은평구,차대사람,횡단중,횡단중,운전자법규위반,안전운전 의무 불이행,단일로,횡단보도부근,승합차,대형,보행자,보행자,948814,1958512,126.9199449,37.62463514
2016,야간,토,1,1,0,0,0,서울,강동구,차대사람,횡단중,횡단중,운전자법규위반,신호위반,교차로,교차로내,승합차,대형,보행자,보행자,970962,1950933,127.1712281,37.55728964
2016,야간,금,1,1,0,0,0,대구,북구,차대차,측면직각충돌,측면직각충돌,운전자법규위반,안전운전 의무 불이행,교차로,교차로내,화물차,중형,원동기장치자전거,원동기장치자전거,1096128,1767101,128.5650056,35.89586665
2016,야간,금,1,1,0,0,0,경북,경주시,차대사람,횡단중,횡단중,운전자법규위반,안전운전 의무 불이행,교차로,교차로부근,승합차,경형,보행자,보행자,1154145,1762698,129.2069624,35.84870693
2016,야간,수,1,1,0,0,0,전북,익산시,차대사람,횡단중,횡단중,운전자법규위반,안전운전 의무 불이행,단일로,기타단일로,승용차,경형,보행자,보행자,944991,1770649,126.890189,35.93097157
2016,야간,수,1,1,0,0,0,충남,당진시,차대사람,횡단중,횡단중,운전자법규위반,안전운전 의무 불이행,단일로,기타단일로,화물차,소형,보행자,보행자,923392,1870378,126.640939,36.82851044
2016,야간,수,1,1,0,0,0,경남,거창군,차대차,추돌,진행중 추돌,운전자법규위반,안전운전 의무 불이행,단일로,기타단일로,화물차,소형,농기계,농기계,1037715,1751467,127.9171945,35.75884862
2016,야간,화,1,1,0,0,0,강원,원주시,차대사람,횡단중,횡단중,운전자법규위반,안전운전 의무 불이행,교차로,교차로내,승용차,경형,보행자,보행자,1040600,1927448,127.9583815,37.34517165
2016,주간,수,1,1,0,0,0,전남,완도군,차량단독,전도전복,전도전복,운전자법규위반,안전운전 의무 불이행,단일로,기타단일로,농기계,농기계,,,935760,1600540,126.8011105,34.39661856
2016,주간,수,1,5,2,2,0,경기,고양시,차대차,측면직각충돌,측면직각충돌,운전자법규위반,신호위반,교차로,교차로내,승합차,소형,승용차,대형,937433,1961760,126.790702,37.65320412
2016,주간,일,1,1,0,0,0,부산,사상구,차량단독,도로이탈,도로이탈 추락,운전자법규위반,안전운전 의무 불이행,단일로,기타단일로,건설기계,건설기계,,,1134153,1683367,128.9725337,35.13658273
2016,주간,일,1,1,0,0,0,전남,보성군,차대사람,기타,기타,운전자법규위반,안전운전 의무 불이행,단일로,기타단일로,건설기계,건설기계,보행자,보행자,959398,1630403,127.0568434,34.66711779
2016,야간,토,1,1,0,0,0,경기,성남시,차대사람,기타,기타,운전자법규위반,안전운전 의무 불이행,교차로,교차로내,승용차,중형,보행자,보행자,967256,1938070,127.1298418,37.44122496
2016,야간,토,1,1,0,0,0,경기,시흥시,차대사람,횡단중,횡단중,운전자법규위반,보행자 보호의무 위반,교차로,교차로내,화물차,소형,보행자,보행자,937106,1939100,126.7889381,37.44894967
2016,야간,토,1,1,0,0,0,울산,울주군,차대사람,횡단중,횡단중,운전자법규위반,안전운전 의무 불이행,단일로,횡단보도부근,승용차,경형,보행자,보행자,1150239,1739912,129.1594559,35.64395418
2016,주간,토,1,1,0,0,0,대전,서구,차대사람,횡단중,횡단중,운전자법규위반,안전운전 의무 불이행,교차로,교차로내,승합차,대형,보행자,보행자,989253,1812878,127.3802829,36.31318692
2016,야간,토,1,3,0,2,0,충남,금산군,차대차,정면충돌,정면충돌,운전자법규위반,안전운전 의무 불이행,단일로,기타단일로,승용차,경형,화물차,소형,1003244,1787607,127.5360323,36.08540712
2016,야간,토,1,1,0,0,0,광주,동구,차대사람,횡단중,횡단중,운전자법규위반,안전운전 의무 불이행,단일로,기타단일로,승용차,경형,보행자,보행자,948291,1681062,126.932486,35.12341699
2016,야간,토,2,2,0,0,0,강원,원주시,차대차,기타,기타,운전자법규위반,과속,교차로,교차로부근,승용차,중형,승용차,중형,1039339,1926288,127.9440834,37.33477013
2016,주간,금,1,1,0,0,0,대구,북구,차대차,측면직각충돌,측면직각충돌,운전자법규위반,기타(운전자법규위반),단일로,기타단일로,화물차,소형,자전거,자전거,1096250,1766433,128.5662076,35.89023475
2016,주간,수,1,1,0,0,0,경기,이천시,차량단독,전도전복,전도전복,운전자법규위반,안전운전 의무 불이행,단일로,교량위,원동기장치자전거,원동기장치자전거,,,996193,1926182,127.4570241,37.33464027
2016,주간,토,1,2,0,1,0,충북,음성군,차대차,기타,기타,운전자법규위반,안전운전 의무 불이행,단일로,기타단일로,승용차,경형,승용차,경형,1011849,1873683,127.6329296,36.86133305
2016,야간,금,1,1,0,0,0,경북,칠곡군,차량단독,기타,기타,운전자법규위반,안전운전 의무 불이행,단일로,기타단일로,이륜차,대형,,,1082183,1782696,128.4122735,36.03766518
2016,주간,월,1,3,1,1,0,광주,광산구,차량단독,공작물충돌,공작물충돌,운전자법규위반,안전운전 의무 불이행,단일로,기타단일로,화물차,소형,,,932507,1678354,126.7594866,35.09806541
2016,주간,월,1,1,0,0,0,경기,포천시,차대사람,횡단중,횡단중,운전자법규위반,안전운전 의무 불이행,단일로,기타단일로,화물차,소형,보행자,보행자,976140,1974447,127.2290842,37.76937744
2016,야간,토,1,1,0,0,0,대구,달서구,차대사람,횡단중,횡단중,운전자법규위반,안전운전 의무 불이행,단일로,기타단일로,승용차,대형,보행자,보행자,1091169,1762130,128.509648,35.85147013
2016,야간,목,1,1,0,0,0,서울,강서구,차대차,추돌,진행중 추돌,운전자법규위반,기타(운전자법규위반),단일로,기타단일로,화물차,소형,화물차,소형,939583,1954330,126.8156881,37.58638277
2016,야간,토,1,1,0,0,0,경남,진주시,차대사람,횡단중,횡단중,운전자법규위반,신호위반,단일로,횡단보도부근,승용차,중형,보행자,보행자,1054008,1687227,128.0931479,35.17888438
2016,주간,수,1,1,0,0,0,대전,대덕구,차대사람,횡단중,횡단중,운전자법규위반,보행자 보호의무 위반,교차로,교차로내,화물차,소형,보행자,보행자,993411,1826814,127.4264831,36.43886252
2016,주간,목,1,1,0,0,0,전북,임실군,차대차,측면직각충돌,측면직각충돌,운전자법규위반,안전운전 의무 불이행,교차로,교차로내,화물차,소형,화물차,소형,981470,1725730,127.2956154,35.52734179
2016,주간,수,1,1,0,0,0,경북,김천시,차대차,측면직각충돌,측면직각충돌,운전자법규위반,안전운전 의무 불이행,교차로,교차로내,화물차,소형,이륜차,소형,1055695,1798592,128.1193864,36.18284812
2016,야간,화,1,1,0,0,0,부산,수영구,차대사람,횡단중,횡단중,운전자법규위반,안전운전 의무 불이행,단일로,기타단일로,승용차,중형,보행자,보행자,1147092,1684609,129.1147381,35.14596889
2016,야간,월,1,1,0,0,0,경북,경주시,차대사람,횡단중,횡단중,운전자법규위반,안전운전 의무 불이행,단일로,기타단일로,승용차,경형,보행자,보행자,1141986,1758937,129.0716954,35.81664695
2016,주간,수,1,1,0,0,0,경남,창원시(통합),차대차,측면직각충돌,측면직각충돌,운전자법규위반,신호위반,교차로,교차로부근,이륜차,소형,승용차,경형,1103568,1691471,128.6379062,35.21325773
2016,주간,수,1,4,0,3,0,충남,예산군,차대차,측면직각충돌,측면직각충돌,운전자법규위반,신호위반,교차로,교차로내,승용차,중형,승용차,대형,941997,1858615,126.8504515,36.72380087
2016,야간,토,1,2,0,1,0,경북,포항시,차대차,추돌,진행중 추돌,운전자법규위반,안전운전 의무 불이행,교차로,교차로부근,승용차,중형,화물차,대형,1169662,1780041,129.382416,36.00242466
2016,야간,토,1,2,1,0,0,광주,서구,차대사람,횡단중,횡단중,운전자법규위반,과속,교차로,교차로내,승용차,중형,보행자,보행자,941665,1682110,126.8596945,35.13250418
2016,주간,금,1,1,0,0,0,경기,부천시,차대사람,횡단중,횡단중,운전자법규위반,안전운전 의무 불이행,단일로,횡단보도상,승용차,대형,보행자,보행자,935513,1947013,126.770236,37.52015949
2016,야간,수,1,2,0,1,0,충북,영동군,차대차,추돌,진행중 추돌,운전자법규위반,안전운전 의무 불이행,단일로,기타단일로,화물차,대형,화물차,대형,1036025,1802636,127.9008274,36.2202384
2016,주간,수,2,8,2,2,2,충북,보은군,차대차,추돌,진행중 추돌,운전자법규위반,안전운전 의무 불이행,단일로,기타단일로,특수차,대형,화물차,소형,1011388,1830883,127.6271216,36.47550052
2016,야간,수,1,3,2,0,0,전북,김제시,차량단독,공작물충돌,공작물충돌,운전자법규위반,안전운전 의무 불이행,단일로,기타단일로,승용차,중형,,,940448,1760676,126.8405756,35.84079345
2016,주간,토,1,8,3,4,0,경북,문경시,차대차,추돌,진행중 추돌,운전자법규위반,안전운전 의무 불이행,단일로,기타단일로,건설기계,건설기계,화물차,대형,1054598,1855440,128.1116115,36.69383137
2016,주간,수,1,3,1,1,0,충북,청주시,차대차,추돌,진행중 추돌,운전자법규위반,안전운전 의무 불이행,단일로,기타단일로,승용차,중형,화물차,중형,993907,1839330,127.4319185,36.55169991
2016,주간,목,1,1,0,0,0,경기,광명시,차대차,추돌,진행중 추돌,운전자법규위반,안전운전 의무 불이행,단일로,기타단일로,승용차,중형,건설기계,건설기계,945254,1936674,126.8812319,37.42760188
2016,야간,금,1,1,0,0,0,경기,평택시,차대차,측면직각충돌,측면직각충돌,운전자법규위반,안전운전 의무 불이행,단일로,기타단일로,승합차,소형,승용차,소형,969100,1888950,127.1662571,36.97499224
2016,주간,토,1,6,1,4,0,경기,이천시,차대차,측면직각충돌,측면직각충돌,운전자법규위반,과속,단일로,기타단일로,승용차,중형,승합차,소형,990044,1920173,127.387691,37.28042991
2016,야간,일,1,8,0,7,0,인천,연수구,차대차,추돌,진행중 추돌,운전자법규위반,안전운전 의무 불이행,단일로,교량위,승용차,소형,승용차,중형,915704,1936754,126.547268,37.426103
2016,주간,월,1,1,0,0,0,인천,남구,차대차,추돌,진행중 추돌,운전자법규위반,안전운전 의무 불이행,단일로,기타단일로,화물차,소형,화물차,대형,923445,1938798,126.6345368,37.44519776
2016,주간,월,1,1,0,0,0,전북,남원시,차량단독,전도전복,전도전복,운전자법규위반,안전운전 의무 불이행,교차로,교차로내,농기계,농기계,,,1010527,1718287,127.6159784,35.4603939
2016,야간,금,1,1,0,0,0,대구,북구,차량단독,공작물충돌,공작물충돌,운전자법규위반,안전운전 의무 불이행,단일로,기타단일로,승용차,중형,,,1092703,1769433,128.5274839,35.9171603
2016,주간,수,1,2,0,1,0,경남,함안군,차대차,추돌,진행중 추돌,운전자법규위반,안전운전 의무 불이행,단일로,기타단일로,화물차,대형,화물차,대형,1094596,1699611,128.5402827,35.28753085
2016,주간,월,1,7,0,6,0,전남,무안군,차대차,추돌,진행중 추돌,운전자법규위반,안전운전 의무 불이행,단일로,터널안,승합차,대형,승용차,대형,908561,1657254,126.4991087,34.90593749
2016,주간,수,1,1,0,0,0,충남,당진시,차대차,추돌,진행중 추돌,운전자법규위반,안전운전 의무 불이행,단일로,기타단일로,화물차,소형,화물차,중형,921971,1873328,126.624703,36.85498442
2016,야간,토,2,5,2,1,0,충남,천안시,차대차,기타,기타,운전자법규위반,신호위반,기타/불명,기타/불명,화물차,중형,화물차,중형,971388,1872391,127.179063,36.84932723
2016,야간,수,1,5,1,3,0,경기,성남시,차대차,기타,기타,운전자법규위반,안전운전 의무 불이행,단일로,기타단일로,화물차,대형,승용차,중형,966863,1936530,127.1254683,37.42733006
2016,야간,화,1,1,0,0,0,충남,서산시,차대차,추돌,진행중 추돌,운전자법규위반,안전거리 미확보,단일로,기타단일로,화물차,대형,화물차,대형,917023,1867540,126.5698366,36.80239265
2016,주간,토,1,11,3,7,0,충남,논산시,차대차,추돌,진행중 추돌,운전자법규위반,안전운전 의무 불이행,기타/불명,기타/불명,승용차,중형,승용차,중형,962224,1789618,127.0805636,36.10276862
2016,주간,금,1,10,4,5,0,경북,문경시,차대차,추돌,진행중 추돌,운전자법규위반,안전거리 미확보,단일로,터널안,승용차,경형,승용차,대형,1056495,1851974,128.1321718,36.66402756
2016,주간,금,1,4,1,2,0,대구,북구,차대차,추돌,진행중 추돌,운전자법규위반,안전운전 의무 불이행,단일로,기타단일로,화물차,소형,화물차,중형,1097224,1768494,128.5774704,35.90825647
2016,야간,월,1,3,1,1,0,대전,동구,차대차,정면충돌,정면충돌,운전자법규위반,중앙선 침범,단일로,기타단일로,화물차,소형,승용차,소형,996664,1810714,127.4628476,36.29373158
2016,주간,일,1,3,1,1,0,경남,김해시,차량단독,공작물충돌,공작물충돌,운전자법규위반,안전운전 의무 불이행,단일로,기타단일로,화물차,소형,,,1126778,1693086,128.8931033,35.22515114
2016,야간,금,1,1,0,0,0,충북,영동군,차대차,추돌,진행중 추돌,운전자법규위반,안전운전 의무 불이행,단일로,기타단일로,화물차,중형,화물차,대형,1031779,1805639,127.8537077,36.24746061
2016,야간,화,1,2,0,1,0,경북,칠곡군,차대차,추돌,진행중 추돌,운전자법규위반,안전운전 의무 불이행,단일로,기타단일로,화물차,대형,화물차,대형,1088574,1770445,128.4817102,35.92694212
2016,야간,토,1,1,0,0,0,경기,화성시,차대차,기타,기타,운전자법규위반,안전운전 의무 불이행,단일로,기타단일로,승용차,경형,화물차,대형,939649,1902246,126.8206791,37.11694077
2016,야간,목,2,4,1,1,0,경기,평택시,차대차,기타,기타,운전자법규위반,안전운전 의무 불이행,단일로,기타단일로,화물차,대형,화물차,소형,941919,1884220,126.8476206,36.95460187
2016,야간,수,1,2,0,1,0,경기,화성시,차대차,추돌,진행중 추돌,운전자법규위반,안전운전 의무 불이행,단일로,기타단일로,승용차,소형,화물차,대형,945252,1916484,126.8827004,37.24562141
2016,주간,목,1,5,0,4,0,인천,남구,차대차,추돌,진행중 추돌,운전자법규위반,안전운전 의무 불이행,기타/불명,기타/불명,화물차,소형,화물차,중형,925079,1937860,126.6531027,37.4368776
2016,야간,목,1,5,0,4,0,충북,충주시,차대차,정면충돌,정면충돌,운전자법규위반,안전운전 의무 불이행,단일로,터널안,화물차,대형,화물차,대형,1031642,1882088,127.8553285,36.93664344
2016,주간,월,4,6,2,0,0,경남,함안군,차대차,추돌,진행중 추돌,운전자법규위반,안전거리 미확보,단일로,터널안,승합차,대형,승합차,대형,1097856,1699843,128.5761554,35.28930881
2016,야간,토,1,1,0,0,0,충북,청주시,차대차,추돌,진행중 추돌,운전자법규위반,안전운전 의무 불이행,단일로,기타단일로,화물차,중형,화물차,중형,995430,1858424,127.4488224,36.72384038
2016,주간,금,1,2,1,0,0,경기,안산시,차대차,추돌,진행중 추돌,운전자법규위반,안전운전 의무 불이행,단일로,기타단일로,화물차,중형,승용차,중형,943639,1927101,126.8637089,37.34122075
2016,주간,월,1,1,0,0,0,경북,칠곡군,차대차,기타,기타,운전자법규위반,안전운전 의무 불이행,단일로,기타단일로,화물차,대형,화물차,중형,1094304,1779575,128.5467825,36.00785029
2016,야간,월,1,1,0,0,0,경남,양산시,차량단독,공작물충돌,공작물충돌,운전자법규위반,안전운전 의무 불이행,단일로,기타단일로,승용차,중형,,,1138835,1704539,129.0274893,35.32678946
2016,야간,수,1,1,0,0,0,충북,단양군,차량단독,공작물충돌,공작물충돌,운전자법규위반,안전운전 의무 불이행,단일로,기타단일로,화물차,소형,,,1072076,1883878,128.3095291,36.95055166
2016,주간,토,1,3,2,0,0,충남,논산시,차량단독,공작물충돌,공작물충돌,운전자법규위반,안전운전 의무 불이행,단일로,기타단일로,승용차,중형,,,974796,1801564,127.2196039,36.21091648
2016,주간,토,2,2,0,0,0,경기,파주시,차대차,측면직각충돌,측면직각충돌,운전자법규위반,신호위반,교차로,교차로내,승용차,중형,화물차,대형,939346,1971623,126.8115659,37.74222491
2016,야간,금,1,1,0,0,0,서울,마포구,차량단독,공작물충돌,공작물충돌,운전자법규위반,안전운전 의무 불이행,단일로,기타단일로,이륜차,소형,,,945186,1953397,126.8792166,37.57832448
2016,야간,수,1,4,0,2,1,경기,용인시,차대차,측면직각충돌,측면직각충돌,운전자법규위반,중앙선 침범,단일로,기타단일로,승용차,중형,승합차,대형,973642,1905677,127.2031815,37.14944311
2016,야간,목,1,1,0,0,0,경북,안동시,차대사람,횡단중,횡단중,운전자법규위반,안전운전 의무 불이행,교차로,교차로부근,승용차,경형,보행자,보행자,1112061,1840840,128.7522231,36.55875584
2016,야간,화,1,1,0,0,0,경기,군포시,차대사람,횡단중,횡단중,운전자법규위반,안전운전 의무 불이행,교차로,교차로내,승용차,중형,보행자,보행자,948954,1929338,126.9235559,37.3616913
2016,야간,일,1,3,2,0,0,충북,보은군,차대차,기타,기타,운전자법규위반,안전운전 의무 불이행,단일로,기타단일로,승용차,중형,화물차,소형,1025695,1834853,127.7869581,36.51101343
2016,야간,월,1,1,0,0,0,경기,포천시,차대차,측면직각충돌,측면직각충돌,운전자법규위반,안전운전 의무 불이행,단일로,기타단일로,원동기장치자전거,원동기장치자전거,화물차,중형,971981,1985753,127.1814242,37.87116081
2016,야간,토,1,1,0,0,0,부산,금정구,차량단독,공작물충돌,공작물충돌,운전자법규위반,안전운전 의무 불이행,단일로,기타단일로,승용차,대형,,,1144798,1696081,129.0915801,35.24970655
2016,야간,금,1,1,0,0,0,전남,보성군,차량단독,전도전복,전도전복,운전자법규위반,안전운전 의무 불이행,단일로,기타단일로,승용차,대형,,,967003,1648425,127.1391416,34.82990709
2016,야간,목,1,3,0,2,0,전남,여수시,차대차,정면충돌,정면충돌,운전자법규위반,중앙선 침범,단일로,기타단일로,승용차,소형,승용차,중형,1021519,1637393,127.7350527,34.73073148
2016,야간,목,1,1,0,0,0,경북,울진군,차대사람,횡단중,횡단중,운전자법규위반,안전운전 의무 불이행,단일로,기타단일로,승용차,대형,보행자,보행자,1172904,1853957,129.4347744,36.6678623
2016,주간,토,1,1,0,0,0,경기,광주시,차대차,추돌,진행중 추돌,운전자법규위반,안전운전 의무 불이행,단일로,기타단일로,화물차,중형,건설기계,건설기계,983909,1929064,127.3182923,37.36048657
2016,주간,일,1,5,3,1,0,경기,안양시,차대사람,차도통행중,차도통행중,운전자법규위반,안전운전 의무 불이행,단일로,기타단일로,승합차,중형,보행자,보행자,946707,1936226,126.897686,37.42364876
2016,주간,화,1,2,0,1,0,충남,천안시,차대차,기타,기타,운전자법규위반,안전운전 의무 불이행,단일로,기타단일로,화물차,대형,화물차,대형,970342,1866605,127.168377,36.79521266
2016,야간,월,1,1,0,0,0,경북,경주시,차대사람,횡단중,횡단중,운전자법규위반,안전운전 의무 불이행,단일로,기타단일로,특수차,경형,보행자,보행자,1155745,1765162,129.2251544,35.87065968
2016,주간,월,1,1,0,0,0,경기,파주시,차대차,측면직각충돌,측면직각충돌,운전자법규위반,안전거리 미확보,단일로,기타단일로,자전거,자전거,화물차,소형,939518,1971529,126.8135259,37.7413891
2016,주간,금,1,1,0,0,0,전남,화순군,차대차,측면직각충돌,측면직각충돌,운전자법규위반,신호위반,교차로,교차로내,원동기장치자전거,원동기장치자전거,승용차,대형,952729,1673528,126.9816219,35.05570165
2016,주간,금,1,2,0,1,0,전남,해남군,차대차,정면충돌,정면충돌,운전자법규위반,중앙선 침범,단일로,기타단일로,이륜차,사발이,승용차,중형,902266,1621029,126.4344163,34.57873674
2016,주간,목,1,3,2,0,0,강원,춘천시,차대차,측면직각충돌,측면직각충돌,운전자법규위반,중앙선 침범,단일로,교량위,승용차,중형,화물차,소형,1014922,1995907,127.6698742,37.96298744
2016,주간,화,1,1,0,0,0,충남,논산시,차대차,추돌,진행중 추돌,운전자법규위반,안전운전 의무 불이행,단일로,기타단일로,승용차,중형,자전거,자전거,976793,1793020,127.242073,36.13393725
2016,주간,목,1,1,0,0,0,경기,안산시,차대사람,횡단중,횡단중,운전자법규위반,안전운전 의무 불이행,교차로,교차로부근,화물차,소형,보행자,보행자,942186,1925825,126.8474056,37.32963038
2016,주간,월,1,1,0,0,0,경북,구미시,차대차,측면직각충돌,측면직각충돌,운전자법규위반,안전운전 의무 불이행,교차로,교차로부근,승용차,경형,자전거,자전거,1083308,1790356,128.4255688,36.10662179
2016,야간,일,1,1,0,0,0,강원,속초시,차대사람,횡단중,횡단중,운전자법규위반,안전운전 의무 불이행,교차로,교차로내,승용차,중형,보행자,보행자,1095477,2021596,128.5902675,38.18957722
2016,주간,일,1,1,0,0,0,경남,창원시(통합),차대차,추돌,진행중 추돌,운전자법규위반,안전운전 의무 불이행,교차로,교차로부근,승용차,경형,원동기장치자전거,원동기장치자전거,1103976,1694104,128.6427208,35.23695283
2016,야간,월,1,1,0,0,0,대구,남구,차대사람,횡단중,횡단중,운전자법규위반,안전운전 의무 불이행,교차로,교차로내,승용차,중형,보행자,보행자,1095520,1760662,128.5576501,35.83782213
2016,야간,월,1,1,0,0,0,충북,청주시,차대사람,기타,기타,운전자법규위반,안전운전 의무 불이행,기타/불명,기타/불명,승합차,경형,보행자,보행자,993968,1847092,127.4325393,36.62167513
2016,주간,토,1,4,2,1,0,전남,나주시,차대차,정면충돌,정면충돌,운전자법규위반,중앙선 침범,단일로,기타단일로,승용차,중형,화물차,소형,926846,1670290,126.6980923,35.02496141
2016,야간,일,1,3,2,0,0,전북,정읍시,차량단독,도로이탈,도로이탈 추락,운전자법규위반,과속,단일로,기타단일로,승용차,중형,,,943297,1732549,126.8769447,35.58526903
2016,주간,일,1,5,2,2,0,경북,칠곡군,차량단독,전도전복,전도전복,운전자법규위반,안전운전 의무 불이행,단일로,기타단일로,승용차,중형,,,1080568,1776654,128.393733,35.98333264
2016,야간,일,1,1,0,0,0,충남,서천군,차대차,추돌,진행중 추돌,운전자법규위반,안전운전 의무 불이행,단일로,기타단일로,승용차,대형,화물차,소형,928995,1779877,126.7120498,36.01313157
2016,주간,금,1,1,0,0,0,경기,파주시,차대사람,기타,기타,운전자법규위반,안전운전 의무 불이행,단일로,기타단일로,승용차,경형,보행자,보행자,936839,1971954,126.7830842,37.74503845
2016,야간,토,1,1,0,0,0,경기,성남시,차대사람,횡단중,횡단중,운전자법규위반,안전운전 의무 불이행,단일로,기타단일로,승합차,경형,보행자,보행자,968164,1937616,127.1401258,37.4371645
2016,주간,토,1,1,0,0,0,서울,송파구,차대차,추돌,진행중 추돌,운전자법규위반,안전운전 의무 불이행,지하도로내,지하도로내,화물차,소형,승용차,중형,964678,1944886,127.1003722,37.50256605
2016,야간,금,1,1,0,0,0,경기,고양시,차대사람,차도통행중,차도통행중,운전자법규위반,과속,단일로,기타단일로,승용차,경형,보행자,보행자,944367,1959960,126.8694426,37.63742736
2016,야간,금,1,1,0,0,0,충남,보령시,차대사람,기타,기타,운전자법규위반,안전운전 의무 불이행,단일로,기타단일로,화물차,중형,보행자,보행자,921097,1818731,126.620382,36.36269864
2016,야간,토,1,1,0,0,0,경기,광주시,차대사람,횡단중,횡단중,운전자법규위반,안전운전 의무 불이행,단일로,기타단일로,승용차,경형,보행자,보행자,981158,1932063,127.2871504,37.38746715
2016,주간,금,1,1,0,0,0,경남,창녕군,차대사람,횡단중,횡단중,운전자법규위반,안전운전 의무 불이행,단일로,횡단보도부근,화물차,소형,보행자,보행자,1089088,1710537,128.4809085,35.38654119
2016,주간,금,1,1,0,0,0,충남,천안시,차대차,기타,기타,운전자법규위반,신호위반,교차로,교차로내,건설기계,건설기계,자전거,자전거,969546,1864842,127.1587041,36.78121881
2016,주간,일,1,3,2,0,0,경남,고성군,차량단독,공작물충돌,공작물충돌,운전자법규위반,안전운전 의무 불이행,교차로,교차로부근,승용차,중형,,,1068193,1665990,128.2471773,34.98653691
2016,야간,토,1,1,0,0,0,경기,수원시,차대사람,기타,기타,운전자법규위반,안전운전 의무 불이행,단일로,기타단일로,승용차,중형,보행자,보행자,955982,1922677,127.003313,37.30201197
2016,야간,목,1,1,0,0,0,인천,강화군,차대사람,횡단중,횡단중,운전자법규위반,안전운전 의무 불이행,단일로,기타단일로,승용차,경형,보행자,보행자,911071,1971715,126.4902542,37.74036176
2016,주간,금,1,4,1,2,0,경기,광주시,차대차,추돌,진행중 추돌,운전자법규위반,안전운전 의무 불이행,단일로,기타단일로,화물차,중형,승용차,중형,983945,1928857,127.3187033,37.35862133
2016,야간,토,1,1,0,0,0,전북,부안군,차대사람,기타,기타,운전자법규위반,안전운전 의무 불이행,단일로,기타단일로,화물차,소형,보행자,보행자,930758,1747703,126.7344077,35.72319919
2016,주간,화,1,1,0,0,0,서울,영등포구,차량단독,전도전복,전도전복,운전자법규위반,안전운전 의무 불이행,단일로,기타단일로,승용차,중형,,,947184,1948494,126.9021965,37.53425013
2016,야간,화,1,3,0,2,0,서울,마포구,차대차,정면충돌,정면충돌,운전자법규위반,안전거리 미확보,단일로,기타단일로,승용차,중형,승용차,소형,947083,1950443,126.9009128,37.55181088
2016,주간,월,1,1,0,0,0,서울,노원구,차대사람,횡단중,횡단중,운전자법규위반,신호위반,교차로,교차로내,화물차,소형,보행자,보행자,963297,1957946,127.0840943,37.62022632
2016,야간,일,1,1,0,0,0,서울,관악구,차대사람,길가장자리구역통행중,길가장자리구역통행중,운전자법규위반,안전운전 의무 불이행,단일로,기타단일로,승합차,대형,보행자,보행자,952703,1942031,126.9652218,37.47630316
2016,야간,토,1,1,0,0,0,경북,김천시,차대사람,차도통행중,차도통행중,운전자법규위반,안전운전 의무 불이행,단일로,기타단일로,승용차,소형,보행자,보행자,1056934,1792098,128.1326941,36.12423158
2016,주간,금,1,1,0,0,0,경기,화성시,차대사람,횡단중,횡단중,운전자법규위반,안전운전 의무 불이행,교차로,교차로내,화물차,중형,보행자,보행자,954908,1903870,126.992332,37.13243902
2016,주간,화,1,2,1,0,0,충남,공주시,차대차,추돌,진행중 추돌,운전자법규위반,안전운전 의무 불이행,단일로,기타단일로,화물차,소형,농기계,농기계,967603,1817110,127.1389377,36.35085474
2016,야간,수,1,1,0,0,0,충남,서산시,차대사람,횡단중,횡단중,운전자법규위반,과속,단일로,기타단일로,승용차,소형,보행자,보행자,900408,1865674,126.3838576,36.78397197
2016,주간,수,1,1,0,0,0,제주,제주시,차대사람,횡단중,횡단중,운전자법규위반,안전운전 의무 불이행,단일로,기타단일로,화물차,소형,보행자,보행자,906215,1498770,126.4907353,33.47684383
2016,야간,목,1,2,1,0,0,경북,포항시,차량단독,전도전복,전도전복,운전자법규위반,안전운전 의무 불이행,단일로,기타단일로,승용차,경형,,,1170792,1794088,129.3979863,36.1288033
2016,야간,일,1,1,0,0,0,경북,경주시,차대차,기타,기타,운전자법규위반,안전운전 의무 불이행,교차로,교차로내,승합차,대형,자전거,자전거,1154594,1761730,129.211745,35.83991246
2016,야간,월,1,2,1,0,0,경기,동두천시,차대차,정면충돌,정면충돌,운전자법규위반,중앙선 침범,단일로,기타단일로,승용차,경형,승용차,경형,960021,1988896,127.0452683,37.89904154
2016,주간,토,1,1,0,0,0,강원,원주시,차량단독,전도전복,전도전복,운전자법규위반,안전운전 의무 불이행,교차로,교차로부근,이륜차,소형,,,1038477,1928228,127.9348395,37.35225255
2016,주간,월,1,7,1,5,0,경남,밀양시,차대차,측면직각충돌,측면직각충돌,운전자법규위반,안전거리 미확보,단일로,교량위,화물차,소형,승용차,중형,1115703,1721166,128.7754074,35.47962266
2016,야간,월,1,4,3,0,0,강원,평창군,차대차,추돌,진행중 추돌,운전자법규위반,안전운전 의무 불이행,단일로,기타단일로,승용차,중형,승용차,소형,1091012,1961146,128.5316724,37.64519559
2016,야간,금,1,8,2,5,0,경기,여주시,차대차,측면직각충돌,측면직각충돌,운전자법규위반,안전거리 미확보,단일로,교량위,화물차,대형,화물차,대형,1007727,1916155,127.587123,37.24423277
2016,야간,화,1,1,0,0,0,강원,원주시,차대사람,기타,기타,운전자법규위반,안전운전 의무 불이행,단일로,기타단일로,승용차,중형,보행자,보행자,1052181,1914178,128.0881041,37.22492617
2016,야간,월,2,4,2,0,0,경기,광주시,차대차,기타,기타,운전자법규위반,안전운전 의무 불이행,단일로,기타단일로,승용차,중형,승용차,중형,982136,1936215,127.298098,37.42491162
2016,주간,월,1,1,0,0,0,경북,경주시,차대차,추돌,진행중 추돌,운전자법규위반,안전운전 의무 불이행,단일로,기타단일로,특수차,대형,승용차,중형,1153419,1753174,129.1970986,35.76298804
2016,주간,월,1,2,0,1,0,경북,군위군,차대차,추돌,진행중 추돌,운전자법규위반,안전운전 의무 불이행,단일로,기타단일로,화물차,대형,화물차,중형,1095080,1805092,128.5581238,36.23837259
2016,야간,수,1,3,2,0,0,전남,장성군,차량단독,기타,기타,운전자법규위반,안전운전 의무 불이행,단일로,기타단일로,승용차,중형,,,937635,1705607,126.8136801,35.34412169
2016,주간,월,1,1,0,0,0,경남,창원시(통합),차량단독,공작물충돌,공작물충돌,운전자법규위반,안전운전 의무 불이행,단일로,기타단일로,자전거,자전거,,,1108458,1685611,128.6908516,35.15991177
2016,야간,토,1,1,0,0,0,부산,진구,차대사람,기타,기타,운전자법규위반,안전운전 의무 불이행,단일로,기타단일로,승용차,중형,보행자,보행자,1141885,1686005,129.057519,35.15954343
2016,야간,일,1,1,0,0,0,세종,세종,차대사람,보도통행중,보도통행중,운전자법규위반,안전운전 의무 불이행,단일로,기타단일로,승용차,소형,보행자,보행자,981862,1845128,127.2971949,36.60381617
2016,주간,화,1,1,0,0,0,대전,대덕구,차대사람,횡단중,횡단중,운전자법규위반,안전운전 의무 불이행,단일로,기타단일로,화물차,소형,보행자,보행자,993331,1827371,127.4255857,36.44388347
2016,주간,토,1,2,1,0,0,경남,함양군,차량단독,전도전복,전도전복,운전자법규위반,안전운전 의무 불이행,기타/불명,기타/불명,화물차,소형,,,1012572,1707911,127.6383932,35.36676581
2016,야간,목,1,2,0,1,0,부산,수영구,차대차,정면충돌,정면충돌,운전자법규위반,중앙선 침범,단일로,기타단일로,원동기장치자전거,원동기장치자전거,승용차,중형,1146576,1684285,129.1090717,35.14322678
2016,야간,화,1,4,3,0,0,경기,고양시,차대차,측면직각충돌,측면직각충돌,운전자법규위반,중앙선 침범,단일로,기타단일로,승용차,중형,승용차,경형,945185,1959322,126.8787613,37.6317263
2016,주간,목,1,1,0,0,0,전남,목포시,차대사람,횡단중,횡단중,운전자법규위반,안전운전 의무 불이행,단일로,기타단일로,승용차,경형,보행자,보행자,901078,1646973,126.4184264,34.81254152
2016,주간,월,1,1,0,0,0,전남,해남군,차대사람,횡단중,횡단중,운전자법규위반,보행자 보호의무 위반,단일로,기타단일로,승합차,중형,보행자,보행자,907872,1619349,126.4957116,34.56410699
2016,야간,토,1,1,0,0,0,서울,동대문구,차대차,추돌,진행중 추돌,운전자법규위반,안전운전 의무 불이행,단일로,기타단일로,이륜차,소형,화물차,중형,962071,1956485,127.0702778,37.60700819
2016,주간,토,1,1,0,0,0,경남,창원시(통합),차대차,정면충돌,정면충돌,운전자법규위반,안전운전 의무 불이행,교차로,교차로부근,승용차,경형,자전거,자전거,1108234,1692514,128.6892992,35.22216792
2016,주간,화,1,1,0,0,0,인천,서구,차대사람,횡단중,횡단중,운전자법규위반,보행자 보호의무 위반,교차로,교차로내,화물차,소형,보행자,보행자,926718,1949804,126.6704383,37.54465699
2016,야간,화,1,3,2,0,0,충남,당진시,차대차,정면충돌,정면충돌,운전자법규위반,중앙선 침범,단일로,기타단일로,화물차,소형,승용차,중형,927195,1883183,126.6823508,36.94423112
2016,주간,목,1,4,0,3,0,경북,구미시,차대차,추돌,진행중 추돌,운전자법규위반,안전운전 의무 불이행,단일로,기타단일로,화물차,소형,화물차,중형,1077207,1791651,128.3579196,36.11880034
2016,야간,토,1,1,0,0,0,경기,남양주시,차대사람,횡단중,횡단중,운전자법규위반,신호위반,단일로,기타단일로,승용차,중형,보행자,보행자,975213,1972983,127.2186088,37.75615751
2016,주간,화,1,1,0,0,0,전남,순천시,차대사람,기타,기타,운전자법규위반,안전운전 의무 불이행,단일로,기타단일로,화물차,중형,보행자,보행자,1001905,1658712,127.5208569,34.92320479
2016,야간,금,1,2,1,0,0,경북,경주시,차대차,기타,기타,운전자법규위반,과속,단일로,기타단일로,승용차,중형,승용차,경형,1157878,1777857,129.2512931,35.98472337
2016,야간,목,1,1,0,0,0,경기,가평군,차대사람,횡단중,횡단중,운전자법규위반,안전운전 의무 불이행,단일로,기타단일로,화물차,소형,보행자,보행자,987533,1979478,127.3583577,37.81494919
2016,주간,수,1,1,0,0,0,경기,수원시,차대차,추돌,진행중 추돌,운전자법규위반,안전운전 의무 불이행,단일로,기타단일로,화물차,소형,화물차,대형,951305,1921329,126.9506295,37.28962845
2016,야간,일,1,1,0,0,0,강원,철원군,차대사람,횡단중,횡단중,운전자법규위반,안전운전 의무 불이행,단일로,기타단일로,승합차,소형,보행자,보행자,981430,2020922,127.2879467,38.18837339
2016,주간,월,1,14,1,12,0,경기,용인시,차대차,측면직각충돌,측면직각충돌,운전자법규위반,안전운전 의무 불이행,단일로,기타단일로,승합차,소형,승합차,소형,964880,1918635,127.1039041,37.26595704
2016,야간,금,1,3,0,2,0,충북,충주시,차대차,추돌,진행중 추돌,운전자법규위반,안전거리 미확보,단일로,기타단일로,화물차,중형,화물차,중형,1030771,1890642,127.8458964,37.01378064
2016,주간,일,1,3,2,0,0,경북,경주시,차대차,기타,기타,운전자법규위반,안전운전 의무 불이행,단일로,기타단일로,승합차,소형,승용차,중형,1155124,1778152,129.2208141,35.98782386
2016,야간,일,1,2,1,0,0,경기,양주시,차대차,정면충돌,정면충돌,운전자법규위반,중앙선 침범,단일로,기타단일로,승용차,경형,화물차,소형,952853,1968200,126.9650878,37.71216936
2016,야간,일,1,1,0,0,0,충북,청주시,차대차,정면충돌,정면충돌,운전자법규위반,교차로 통행방법 위반,교차로,교차로내,화물차,소형,이륜차,소형,996908,1851353,127.4654025,36.66010201
2016,야간,일,1,2,1,0,0,세종,세종,차량단독,전도전복,전도전복,운전자법규위반,안전운전 의무 불이행,단일로,기타단일로,원동기장치자전거,원동기장치자전거,,,980153,1833845,127.2783769,36.50206542
2016,야간,토,1,2,1,0,0,부산,사하구,차대차,추돌,진행중 추돌,운전자법규위반,안전운전 의무 불이행,단일로,기타단일로,화물차,소형,화물차,대형,1135938,1675353,128.9908104,35.064103
2016,주간,금,1,2,1,0,0,대구,달성군,차대차,추돌,진행중 추돌,운전자법규위반,안전운전 의무 불이행,교차로,교차로부근,화물차,소형,건설기계,건설기계,1083027,1740968,128.4172982,35.66141535
2016,주간,목,1,1,0,0,0,경기,양주시,차량단독,도로이탈,도로이탈 추락,운전자법규위반,안전운전 의무 불이행,단일로,기타단일로,승용차,중형,,,952225,1979937,126.9571904,37.81792071
2016,야간,목,1,1,0,0,0,경기,성남시,차대사람,횡단중,횡단중,운전자법규위반,안전운전 의무 불이행,단일로,기타단일로,승용차,경형,보행자,보행자,968087,1937554,127.1392581,37.436603
2016,야간,목,1,1,0,0,0,서울,마포구,차량단독,기타,기타,운전자법규위반,안전운전 의무 불이행,교차로,교차로부근,원동기장치자전거,원동기장치자전거,,,948133,1951787,126.9127045,37.56398421
2016,야간,금,1,8,1,5,1,충남,서천군,차대차,측면직각충돌,측면직각충돌,운전자법규위반,안전운전 의무 불이행,단일로,기타단일로,승용차,중형,화물차,중형,919080,1797386,126.600236,36.17019659
2016,야간,토,1,1,0,0,0,충남,당진시,차량단독,공작물충돌,공작물충돌,운전자법규위반,안전운전 의무 불이행,단일로,기타단일로,승용차,중형,,,921905,1873309,126.6239646,36.85480771
2016,야간,토,1,1,0,0,0,전북,완주군,차대사람,횡단중,횡단중,운전자법규위반,안전운전 의무 불이행,단일로,기타단일로,승용차,중형,보행자,보행자,970470,1770580,127.1726371,35.93145194
2016,야간,금,1,1,0,0,0,경북,구미시,차대사람,기타,기타,운전자법규위반,안전운전 의무 불이행,단일로,기타단일로,승용차,경형,보행자,보행자,1077313,1791761,128.3583522,36.11985926
2016,야간,토,1,1,0,0,0,대구,달성군,차량단독,전도전복,전도전복,운전자법규위반,안전운전 의무 불이행,단일로,기타단일로,이륜차,소형,,,1090244,1757428,128.4989251,35.80907928
2016,야간,수,1,3,1,1,0,인천,연수구,차대차,측면직각충돌,측면직각충돌,운전자법규위반,중앙선 침범,교차로,교차로내,승용차,소형,승용차,대형,923811,1933987,126.6391706,37.40186758
2016,주간,수,1,1,0,0,0,충남,예산군,차대차,측면직각충돌,측면직각충돌,운전자법규위반,교차로 통행방법 위반,교차로,교차로내,이륜차,소형,승용차,경형,940656,1855313,126.8356914,36.69395287
2016,주간,화,1,1,0,0,0,전남,진도군,차대차,기타,기타,운전자법규위반,안전운전 의무 불이행,단일로,기타단일로,화물차,소형,이륜차,소형,892638,1605916,126.3313657,34.44151212
2016,야간,일,1,1,0,0,0,충남,천안시,차대차,측면직각충돌,측면직각충돌,운전자법규위반,안전운전 의무 불이행,단일로,기타단일로,승용차,대형,승용차,소형,976593,1865347,127.237663,36.78597158
2016,야간,금,1,1,0,0,0,광주,광산구,차대사람,횡단중,횡단중,운전자법규위반,안전운전 의무 불이행,단일로,기타단일로,화물차,소형,보행자,보행자,936575,1685050,126.8036027,35.15870482
2016,야간,목,1,1,0,0,0,경기,의정부시,차량단독,전도전복,전도전복,운전자법규위반,안전운전 의무 불이행,단일로,기타단일로,승용차,소형,,,959807,1967027,127.0440476,37.70192858
2016,야간,일,1,3,1,1,0,경북,예천군,차대차,추돌,진행중 추돌,운전자법규위반,안전운전 의무 불이행,단일로,기타단일로,승용차,중형,화물차,대형,1094246,1855403,128.5549707,36.69194348
2016,주간,월,1,1,0,0,0,경북,예천군,차량단독,전도전복,전도전복,운전자법규위반,안전운전 의무 불이행,단일로,기타단일로,승용차,중형,,,1096037,1859254,128.5754993,36.72647431
2016,주간,금,1,1,0,0,0,전북,남원시,차량단독,공작물충돌,공작물충돌,운전자법규위반,안전운전 의무 불이행,단일로,기타단일로,승용차,중형,,,988749,1702439,127.3762237,35.31744106
2016,주간,화,1,2,0,1,0,경북,상주시,차대차,추돌,진행중 추돌,운전자법규위반,안전운전 의무 불이행,단일로,기타단일로,화물차,중형,건설기계,건설기계,1062796,1831484,128.2010032,36.47892735
2016,주간,토,1,4,2,1,0,경남,김해시,차대차,기타,기타,운전자법규위반,과속,단일로,기타단일로,화물차,소형,승용차,중형,1134815,1697744,128.9821566,35.26609017
2016,야간,수,1,2,1,0,0,경북,군위군,차대차,추돌,진행중 추돌,운전자법규위반,안전운전 의무 불이행,단일로,기타단일로,화물차,중형,화물차,중형,1096529,1807946,128.5745991,36.26395479
2016,주간,토,1,1,0,0,0,경기,하남시,차량단독,전도전복,전도전복,운전자법규위반,안전운전 의무 불이행,단일로,기타단일로,승용차,중형,,,969573,1946039,127.1557048,37.51313298
2016,주간,화,1,1,0,0,0,경북,경산시,차량단독,공작물충돌,공작물충돌,운전자법규위반,안전운전 의무 불이행,단일로,기타단일로,화물차,중형,,,1116750,1773780,128.7945956,35.95376673
2016,야간,토,1,1,0,0,0,경기,광주시,차량단독,전도전복,전도전복,운전자법규위반,안전운전 의무 불이행,단일로,교량위,특수차,대형,,,977895,1940541,127.2500361,37.46381316
2016,야간,금,1,1,0,0,0,충남,서산시,차대사람,차도통행중,차도통행중,운전자법규위반,안전운전 의무 불이행,단일로,기타단일로,화물차,대형,보행자,보행자,912447,1869953,126.5182691,36.82372973
2016,주간,화,1,1,0,0,0,경기,양평군,차량단독,전도전복,전도전복,운전자법규위반,안전운전 의무 불이행,단일로,기타단일로,승용차,경형,,,990841,1943268,127.3963955,37.48861247
2016,주간,화,1,1,0,0,0,충북,청주시,차량단독,전도전복,전도전복,운전자법규위반,안전운전 의무 불이행,단일로,기타단일로,승용차,대형,,,1001229,1850870,127.5143533,36.65793627
2016,야간,토,1,2,0,1,0,충남,보령시,차대차,정면충돌,정면충돌,운전자법규위반,중앙선 침범,단일로,기타단일로,승용차,중형,화물차,소형,916813,1817563,126.5728847,36.35188745
2016,야간,금,1,1,0,0,0,강원,동해시,차량단독,전도전복,전도전복,운전자법규위반,안전운전 의무 불이행,단일로,기타단일로,승용차,경형,,,1139523,1956536,129.080243,37.59784262
2016,야간,토,1,6,5,0,0,서울,영등포구,차대차,측면직각충돌,측면직각충돌,운전자법규위반,과속,단일로,기타단일로,승용차,중형,화물차,소형,945946,1949390,126.8881188,37.5422541
2016,주간,목,1,1,0,0,0,대전,서구,차대차,추돌,진행중 추돌,운전자법규위반,안전운전 의무 불이행,교차로,교차로내,화물차,대형,원동기장치자전거,원동기장치자전거,988188,1818318,127.3683367,36.36221829
2016,야간,수,1,2,0,1,0,경남,진주시,차량단독,전도전복,전도전복,운전자법규위반,안전운전 의무 불이행,단일로,기타단일로,승용차,소형,,,1044897,1696473,127.9935937,35.26270217
2016,주간,일,2,13,4,7,0,경기,평택시,차대차,측면직각충돌,측면직각충돌,운전자법규위반,신호위반,교차로,교차로내,승합차,경형,화물차,소형,961200,1899418,127.0633989,37.09259091
2016,주간,금,1,1,0,0,0,서울,관악구,차대사람,기타,기타,운전자법규위반,안전운전 의무 불이행,교차로,교차로부근,화물차,소형,보행자,보행자,948386,1941977,126.9162584,37.47557926
2016,야간,금,1,1,0,0,0,서울,은평구,차대사람,기타,기타,운전자법규위반,보행자 보호의무 위반,교차로,교차로내,승합차,대형,보행자,보행자,947950,1957377,126.9102351,37.61435684
2016,주간,일,1,1,0,0,0,경북,김천시,차대사람,횡단중,횡단중,운전자법규위반,보행자 보호의무 위반,단일로,횡단보도상,승용차,경형,보행자,보행자,1055595,1792213,128.1179904,36.12557954
2016,야간,일,1,1,0,0,0,경북,봉화군,차량단독,공작물충돌,공작물충돌,운전자법규위반,안전운전 의무 불이행,단일로,기타단일로,화물차,소형,,,1122725,1880133,128.8776722,36.91156255
2016,야간,수,1,1,0,0,0,경남,김해시,차대사람,기타,기타,운전자법규위반,안전운전 의무 불이행,단일로,기타단일로,화물차,대형,보행자,보행자,1114370,1696460,128.7572579,35.25705965
2016,야간,목,1,2,1,0,0,경기,안성시,차대차,추돌,진행중 추돌,운전자법규위반,안전운전 의무 불이행,단일로,기타단일로,화물차,대형,화물차,대형,971042,1885141,127.189219,36.93452645
2016,야간,목,1,2,0,0,1,인천,남구,차대차,추돌,진행중 추돌,운전자법규위반,안전운전 의무 불이행,단일로,기타단일로,화물차,대형,건설기계,건설기계,923272,1938908,126.6321226,37.44642301
2016,야간,월,1,2,0,1,0,경남,산청군,차대차,기타,기타,운전자법규위반,안전운전 의무 불이행,단일로,기타단일로,승용차,중형,화물차,대형,1032699,1714126,127.8601985,35.42234763
2016,주간,금,2,4,2,0,0,충남,보령시,차대차,추돌,진행중 추돌,운전자법규위반,안전운전 의무 불이행,단일로,기타단일로,승용차,중형,화물차,대형,918229,1828659,126.5874953,36.45203032
2016,야간,목,2,3,0,1,0,경남,김해시,차대차,기타,기타,운전자법규위반,안전운전 의무 불이행,단일로,기타단일로,화물차,중형,화물차,대형,1118421,1692460,128.8012039,35.2205298
2016,주간,수,1,1,0,0,0,전남,무안군,차대차,추돌,진행중 추돌,운전자법규위반,안전운전 의무 불이행,단일로,터널안,화물차,소형,특수차,대형,908576,1657024,126.499298,34.90386511
2016,야간,토,2,2,0,0,0,대구,수성구,차량단독,전도전복,전도전복,운전자법규위반,안전운전 의무 불이행,교차로,교차로부근,원동기장치자전거,원동기장치자전거,,,1102366,1759753,128.633816,35.82846359
2016,주간,금,1,4,3,0,0,전남,진도군,차대차,정면충돌,정면충돌,운전자법규위반,중앙선 침범,단일로,기타단일로,승용차,중형,승용차,대형,887197,1608988,126.2717466,34.46862947
2016,주간,화,1,17,2,13,1,전북,전주시,차대차,추돌,진행중 추돌,운전자법규위반,안전운전 의무 불이행,지하도로내,지하도로내,승용차,경형,화물차,중형,960494,1764221,127.0623637,35.8737678
2016,야간,수,1,1,0,0,0,서울,중구,차대사람,횡단중,횡단중,운전자법규위반,안전운전 의무 불이행,단일로,기타단일로,승용차,중형,보행자,보행자,953362,1950773,126.9722753,37.55493928
2016,주간,화,1,1,0,0,0,인천,강화군,차대사람,보도통행중,보도통행중,운전자법규위반,안전운전 의무 불이행,단일로,기타단일로,승용차,대형,보행자,보행자,894020,1977546,126.2963245,37.7914718
2016,주간,금,1,1,0,0,0,경남,김해시,차량단독,전도전복,전도전복,운전자법규위반,안전운전 의무 불이행,단일로,기타단일로,원동기장치자전거,원동기장치자전거,,,1117519,1700307,128.7924176,35.29137474
2016,주간,금,1,1,0,0,0,서울,금천구,차대사람,횡단중,횡단중,운전자법규위반,안전운전 의무 불이행,교차로,교차로내,화물차,소형,보행자,보행자,946329,1942017,126.8929925,37.47582257
2016,주간,수,1,1,0,0,0,전북,전주시,차대사람,횡단중,횡단중,운전자법규위반,보행자 보호의무 위반,단일로,횡단보도상,승용차,경형,보행자,보행자,966201,1755705,127.1259435,35.79720123
2016,주간,수,1,1,0,0,0,경기,남양주시,차량단독,전도전복,전도전복,운전자법규위반,안전운전 의무 불이행,단일로,기타단일로,승용차,중형,,,978022,1961039,127.2508579,37.64857482
2016,야간,화,1,1,0,0,0,경기,고양시,차대사람,횡단중,횡단중,운전자법규위반,안전운전 의무 불이행,단일로,횡단보도부근,승용차,소형,보행자,보행자,938069,1959049,126.7981415,37.62881363
2016,야간,수,1,1,0,0,0,광주,광산구,차대사람,횡단중,횡단중,운전자법규위반,안전운전 의무 불이행,단일로,기타단일로,승용차,대형,보행자,보행자,936815,1685388,126.8059438,35.16164697
2016,주간,토,1,1,0,0,0,서울,은평구,차대사람,횡단중,횡단중,운전자법규위반,안전운전 의무 불이행,교차로,교차로부근,승용차,대형,보행자,보행자,949800,1956742,126.9312396,37.60873645
2016,야간,수,1,1,0,0,0,경기,수원시,차대차,추돌,진행중 추돌,운전자법규위반,안전운전 의무 불이행,단일로,기타단일로,화물차,대형,화물차,소형,954115,1924735,126.9821199,37.32047164
2016,주간,토,1,4,2,1,0,충북,옥천군,차대차,추돌,진행중 추돌,운전자법규위반,안전운전 의무 불이행,단일로,기타단일로,화물차,대형,승용차,중형,1001692,1816639,127.5188564,36.34715247
2016,야간,화,3,3,0,0,0,전북,전주시,차대차,측면직각충돌,측면직각충돌,운전자법규위반,기타(운전자법규위반),단일로,기타단일로,화물차,대형,승용차,중형,972189,1758572,127.1921125,35.82323829
2016,야간,목,1,2,0,1,0,경남,창녕군,차대차,추돌,진행중 추돌,운전자법규위반,안전운전 의무 불이행,단일로,기타단일로,화물차,대형,화물차,대형,1088080,1729429,128.4718587,35.55695046
2016,주간,목,1,3,1,1,0,경북,칠곡군,차대차,추돌,진행중 추돌,운전자법규위반,안전운전 의무 불이행,단일로,터널안,화물차,소형,승용차,중형,1092593,1782038,128.5321702,36.02631349
2016,주간,토,2,3,0,1,0,충북,충주시,차대차,추돌,진행중 추돌,운전자법규위반,안전거리 미확보,기타/불명,기타/불명,화물차,대형,화물차,소형,1019528,1898822,127.7197276,37.08781854
2016,야간,일,1,1,0,0,0,충남,천안시,차대차,기타,기타,운전자법규위반,안전운전 의무 불이행,단일로,기타단일로,승용차,대형,승용차,소형,973639,1863163,127.2046316,36.76620597
2016,야간,수,1,1,0,0,0,전북,정읍시,차량단독,공작물충돌,공작물충돌,운전자법규위반,안전운전 의무 불이행,단일로,교량위,승용차,경형,,,945153,1737229,126.8942748,35.62967373
2016,주간,월,1,2,1,0,0,경남,진주시,차량단독,전도전복,전도전복,운전자법규위반,안전운전 의무 불이행,단일로,기타단일로,승용차,중형,,,1068991,1690613,128.2579723,35.20849625
2016,야간,화,1,2,0,1,0,경남,창녕군,차대차,기타,기타,운전자법규위반,안전운전 의무 불이행,단일로,기타단일로,화물차,대형,화물차,대형,1086571,1735095,128.4558176,35.60816428
2016,야간,금,1,1,0,0,0,경북,영천시,차대사람,기타,기타,운전자법규위반,안전운전 의무 불이행,단일로,기타단일로,승용차,중형,화물차,소형,1118711,1779296,128.8171612,36.00324918
2016,야간,토,1,2,1,0,0,제주,제주시,차량단독,공작물충돌,공작물충돌,운전자법규위반,안전운전 의무 불이행,단일로,기타단일로,승용차,소형,,,890786,1497287,126.3247552,33.461803
2016,야간,목,1,1,0,0,0,전남,영광군,차대차,추돌,진행중 추돌,운전자법규위반,안전운전 의무 불이행,단일로,기타단일로,승용차,소형,원동기장치자전거,원동기장치자전거,909846,1698322,126.5087015,35.27631987
2016,주간,수,1,1,0,0,0,광주,서구,차량단독,전도전복,전도전복,운전자법규위반,안전운전 의무 불이행,단일로,기타단일로,이륜차,소형,,,941994,1681149,126.8631151,35.12371975
2016,야간,화,1,6,2,3,0,경남,창원시(통합),차대차,추돌,진행중 추돌,운전자법규위반,안전운전 의무 불이행,단일로,기타단일로,승용차,중형,이륜차,소형,1098931,1691308,128.586948,35.21225629
2016,야간,화,1,4,3,0,0,전남,광양시,차대차,추돌,진행중 추돌,운전자법규위반,안전운전 의무 불이행,단일로,기타단일로,원동기장치자전거,원동기장치자전거,승합차,경형,1007543,1664673,127.5826383,34.97693187
2016,야간,일,1,1,0,0,0,전북,완주군,차량단독,전도전복,전도전복,운전자법규위반,안전운전 의무 불이행,단일로,기타단일로,원동기장치자전거,원동기장치자전거,,,959155,1759930,127.0340119,35.83265788
2016,야간,일,2,2,0,0,0,제주,서귀포시,차대차,추돌,진행중 추돌,운전자법규위반,안전운전 의무 불이행,단일로,기타단일로,승용차,중형,원동기장치자전거,원동기장치자전거,938831,1483093,126.7825481,33.40288768
2016,야간,일,1,2,0,1,0,경북,경주시,차대차,기타,기타,운전자법규위반,안전운전 의무 불이행,단일로,기타단일로,승용차,중형,자전거,자전거,1159732,1777931,129.2718651,35.98508831
2016,야간,일,1,1,0,0,0,경북,포항시,차대사람,길가장자리구역통행중,길가장자리구역통행중,운전자법규위반,안전운전 의무 불이행,단일로,기타단일로,승용차,중형,보행자,보행자,1166573,1778816,129.3479018,35.99191876
2016,주간,금,1,1,0,0,0,강원,고성군,차량단독,전도전복,전도전복,운전자법규위반,안전운전 의무 불이행,단일로,기타단일로,승용차,경형,,,1089354,2032313,128.5217092,38.28677755
2016,야간,월,1,2,1,0,0,충남,서천군,차대차,측면직각충돌,측면직각충돌,운전자법규위반,안전운전 의무 불이행,단일로,기타단일로,승용차,중형,건설기계,건설기계,920534,1795472,126.6165952,36.15306299
2016,주간,토,1,1,0,0,0,충남,천안시,차대사람,횡단중,횡단중,운전자법규위반,안전운전 의무 불이행,교차로,교차로내,화물차,소형,보행자,보행자,967503,1877722,127.1352578,36.89725757
2016,주간,화,1,1,0,0,0,전남,무안군,차량단독,도로이탈,도로이탈 추락,운전자법규위반,안전운전 의무 불이행,단일로,기타단일로,승용차,중형,,,890938,1678077,126.3035117,35.09192528
2016,주간,목,1,1,0,0,0,인천,남동구,차대사람,횡단중,횡단중,운전자법규위반,신호위반,교차로,교차로내,화물차,소형,보행자,보행자,931422,1939478,126.7246464,37.45195248
2016,야간,목,1,1,0,0,0,대구,수성구,차대사람,횡단중,횡단중,운전자법규위반,안전운전 의무 불이행,단일로,기타단일로,승용차,경형,보행자,보행자,1100854,1762243,128.6168571,35.8513977
2016,야간,수,1,1,0,0,0,경기,파주시,차량단독,공작물충돌,공작물충돌,운전자법규위반,안전운전 의무 불이행,단일로,기타단일로,원동기장치자전거,원동기장치자전거,,,932573,1970854,126.7347685,37.73482026
2016,야간,토,1,1,0,0,0,충북,제천시,차대차,측면직각충돌,측면직각충돌,운전자법규위반,신호위반,교차로,교차로내,화물차,대형,화물차,소형,1059939,1906814,128.1750494,37.15814135
2016,야간,토,1,1,0,0,0,인천,연수구,차대사람,횡단중,횡단중,운전자법규위반,안전운전 의무 불이행,단일로,기타단일로,승용차,경형,보행자,보행자,927794,1934548,126.6841138,37.40724288
2016,야간,금,2,3,1,0,0,경기,고양시,차대차,기타,기타,운전자법규위반,중앙선 침범,단일로,기타단일로,승용차,중형,승용차,중형,942054,1956886,126.8434718,37.60957873
2016,야간,금,1,1,0,0,0,경북,성주군,차량단독,공작물충돌,공작물충돌,운전자법규위반,안전운전 의무 불이행,단일로,기타단일로,승용차,중형,,,1069282,1775266,128.2684282,35.97168683
2016,주간,토,1,1,0,0,0,인천,남구,차대사람,횡단중,횡단중,운전자법규위반,안전운전 의무 불이행,교차로,교차로부근,승용차,경형,보행자,보행자,924764,1941385,126.6471827,37.46817129
2016,야간,수,1,2,0,1,0,전북,군산시,차대차,정면충돌,정면충돌,운전자법규위반,중앙선 침범,단일로,기타단일로,승용차,경형,화물차,소형,932667,1780014,126.7527835,36.01462741
2016,주간,수,1,5,0,4,0,충북,청주시,차대차,추돌,진행중 추돌,운전자법규위반,안전운전 의무 불이행,교차로,교차로부근,화물차,대형,화물차,대형,1001111,1851594,127.5116876,36.66223129
2016,야간,수,2,3,0,1,0,경북,포항시,차대차,추돌,진행중 추돌,운전자법규위반,안전운전 의무 불이행,단일로,기타단일로,승용차,중형,화물차,중형,1169482,1779546,129.3803139,35.9979955
2016,주간,화,1,1,0,0,0,경기,포천시,차대사람,횡단중,횡단중,운전자법규위반,안전운전 의무 불이행,단일로,기타단일로,건설기계,건설기계,보행자,보행자,972682,1983138,127.1894934,37.84761315
2016,주간,화,1,1,0,0,0,경남,진주시,차대차,측면직각충돌,측면직각충돌,운전자법규위반,신호위반,교차로,교차로내,승용차,경형,원동기장치자전거,원동기장치자전거,1052823,1687743,128.0801672,35.18360004
2016,야간,월,1,1,0,0,0,경남,김해시,차대차,측면직각충돌,측면직각충돌,운전자법규위반,안전운전 의무 불이행,교차로,교차로내,화물차,대형,승용차,중형,1111500,1701946,128.7264604,35.30683933
2016,야간,화,1,1,0,0,0,경기,군포시,차대차,추돌,진행중 추돌,운전자법규위반,안전운전 의무 불이행,교차로,교차로부근,이륜차,소형,특수차,대형,949947,1926493,126.9349612,37.33610213
2016,주간,화,1,1,0,0,0,경기,평택시,차대사람,횡단중,횡단중,운전자법규위반,보행자 보호의무 위반,단일로,횡단보도상,승합차,대형,보행자,보행자,963322,1888088,127.0878288,36.9905463
2016,야간,금,1,1,0,0,0,대전,유성구,차대차,기타,기타,운전자법규위반,중앙선 침범,단일로,기타단일로,승용차,중형,화물차,중형,990182,1826584,127.3904584,36.43676139
2016,주간,월,1,2,1,0,0,경남,창원시(통합),차대사람,횡단중,횡단중,운전자법규위반,안전운전 의무 불이행,단일로,기타단일로,화물차,소형,보행자,보행자,1091303,1693586,128.5034044,35.23351746
2016,주간,목,1,1,0,0,0,전남,강진군,차량단독,기타,기타,운전자법규위반,안전운전 의무 불이행,단일로,기타단일로,원동기장치자전거,원동기장치자전거,,,937385,1628253,126.8167508,34.64662052
2016,야간,수,1,1,0,0,0,서울,동대문구,차대사람,길가장자리구역통행중,길가장자리구역통행중,운전자법규위반,안전운전 의무 불이행,단일로,기타단일로,승용차,중형,보행자,보행자,959277,1953133,127.0388101,37.57667633
2016,야간,월,1,3,2,0,0,경기,양주시,차대차,추돌,진행중 추돌,운전자법규위반,안전운전 의무 불이행,단일로,기타단일로,화물차,소형,화물차,중형,952206,1967053,126.9578228,37.70179798
2016,야간,화,1,1,0,0,0,경남,사천시,차대차,추돌,진행중 추돌,운전자법규위반,안전운전 의무 불이행,단일로,기타단일로,화물차,대형,화물차,대형,1041346,1673156,127.9533874,35.05260754
2016,주간,수,1,1,0,0,0,경기,성남시,차대차,기타,기타,운전자법규위반,안전운전 의무 불이행,단일로,기타단일로,화물차,대형,화물차,대형,964473,1934269,127.0985647,37.4068617
2016,주간,월,1,1,0,0,0,경북,김천시,차대차,추돌,진행중 추돌,운전자법규위반,안전운전 의무 불이행,단일로,기타단일로,화물차,대형,화물차,대형,1045164,1799915,128.0023514,36.19532402
2016,야간,토,1,1,0,0,0,충남,천안시,차량단독,공작물충돌,공작물충돌,운전자법규위반,기타(운전자법규위반),단일로,기타단일로,이륜차,소형,,,970849,1862795,127.1733848,36.76280686
2016,주간,일,4,43,13,26,0,강원,평창군,차대차,추돌,진행중 추돌,운전자법규위반,안전운전 의무 불이행,단일로,터널안,승합차,대형,승용차,중형,1078903,1953071,128.3935369,37.57363662
2016,주간,목,2,11,2,3,4,인천,중구,차대차,추돌,진행중 추돌,운전자법규위반,안전운전 의무 불이행,단일로,기타단일로,승합차,대형,승용차,중형,914617,1946682,126.533833,37.51547874
2016,주간,금,1,6,1,4,0,충남,천안시,차대차,측면직각충돌,측면직각충돌,운전자법규위반,안전운전 의무 불이행,단일로,기타단일로,화물차,소형,승용차,경형,965784,1853710,127.1170431,36.68073945
2016,야간,월,1,1,0,0,0,경남,창원시(통합),차량단독,공작물충돌,공작물충돌,운전자법규위반,안전운전 의무 불이행,단일로,기타단일로,화물차,중형,,,1109432,1699658,128.7034122,35.28644154
2016,주간,토,1,3,2,0,0,경북,성주군,차량단독,전도전복,전도전복,운전자법규위반,안전운전 의무 불이행,단일로,기타단일로,승용차,중형,,,1071364,1767274,128.2908003,35.89948742
2016,야간,금,1,1,0,0,0,경기,평택시,차대차,기타,기타,운전자법규위반,안전운전 의무 불이행,단일로,기타단일로,원동기장치자전거,원동기장치자전거,승용차,중형,954600,1890821,126.9896534,37.01480098
2016,야간,일,1,1,0,0,0,대구,서구,차대사람,횡단중,횡단중,운전자법규위반,안전운전 의무 불이행,단일로,횡단보도상,승용차,중형,보행자,보행자,1094853,1762590,128.550449,35.85521977
2016,야간,일,1,1,0,0,0,대구,달성군,차대사람,횡단중,횡단중,운전자법규위반,과속,단일로,기타단일로,승용차,중형,보행자,보행자,1089523,1756364,128.4850433,35.79608574
2016,야간,일,1,1,0,0,0,전북,전주시,차대차,측면직각충돌,측면직각충돌,운전자법규위반,안전운전 의무 불이행,교차로,교차로내,승용차,소형,자전거,자전거,964820,1761656,127.1103981,35.85080693
2016,야간,토,1,1,0,0,0,경기,광주시,차대사람,횡단중,횡단중,운전자법규위반,안전운전 의무 불이행,단일로,기타단일로,승용차,대형,보행자,보행자,969164,1929035,127.1517876,37.3598522
2016,주간,금,1,2,0,1,0,충남,당진시,차대차,정면충돌,정면충돌,운전자법규위반,중앙선 침범,단일로,기타단일로,승용차,경형,화물차,소형,923892,1879493,126.6456308,36.91071
2016,야간,수,1,1,0,0,0,충남,천안시,차대차,추돌,진행중 추돌,운전자법규위반,안전운전 의무 불이행,단일로,기타단일로,화물차,경형,화물차,소형,969066,1873305,127.1529806,36.8574933
2016,야간,목,1,4,1,2,0,전북,전주시,차대차,측면직각충돌,측면직각충돌,운전자법규위반,안전운전 의무 불이행,교차로,교차로내,승용차,경형,승용차,중형,964410,1757527,127.1060417,35.81356513
2016,야간,수,1,1,0,0,0,충남,천안시,차대사람,보도통행중,보도통행중,운전자법규위반,과속,교차로,교차로내,승용차,중형,보행자,보행자,968971,1870351,127.1520356,36.83086135
2016,주간,월,1,1,0,0,0,충북,충주시,차대사람,기타,기타,운전자법규위반,안전운전 의무 불이행,단일로,기타단일로,화물차,소형,보행자,보행자,1025926,1903997,127.8080823,37.11151689
2016,주간,일,1,1,0,0,0,인천,서구,차량단독,공작물충돌,공작물충돌,운전자법규위반,안전운전 의무 불이행,교차로,교차로부근,승용차,중형,,,925889,1945224,126.6615169,37.5033127
2016,주간,일,1,1,0,0,0,경북,문경시,차대차,측면직각충돌,측면직각충돌,운전자법규위반,안전운전 의무 불이행,단일로,기타단일로,원동기장치자전거,원동기장치자전거,승용차,중형,1051552,1862478,128.0775712,36.75899565
2016,주간,일,1,1,0,0,0,경북,영천시,차대사람,기타,기타,운전자법규위반,안전운전 의무 불이행,단일로,기타단일로,승합차,경형,보행자,보행자,1145167,1774717,129.1097713,35.95839953
2016,야간,일,1,5,4,0,0,전남,광양시,차대차,정면충돌,정면충돌,운전자법규위반,중앙선 침범,교차로,교차로부근,승합차,경형,승용차,경형,1018666,1659431,127.70438,34.92951831
2016,야간,토,1,1,0,0,0,충남,천안시,차대사람,횡단중,횡단중,운전자법규위반,안전운전 의무 불이행,단일로,기타단일로,화물차,소형,보행자,보행자,967318,1883227,127.1329437,36.94687525
2016,야간,목,1,1,0,0,0,충북,괴산군,차량단독,공작물충돌,공작물충돌,운전자법규위반,안전운전 의무 불이행,단일로,기타단일로,승용차,경형,,,1019126,1852150,127.7140271,36.66709964
2016,야간,수,1,1,0,0,0,경기,고양시,차대차,정면충돌,정면충돌,운전자법규위반,중앙선 침범,교차로,교차로부근,승용차,중형,원동기장치자전거,원동기장치자전거,946872,1967553,126.8972801,37.70601066
2016,야간,목,1,1,0,0,0,인천,서구,차량단독,공작물충돌,공작물충돌,운전자법규위반,안전운전 의무 불이행,단일로,기타단일로,승용차,소형,,,925496,1950713,126.6565141,37.55275147
2016,야간,일,1,1,0,0,0,대구,동구,차대사람,횡단중,횡단중,운전자법규위반,보행자 보호의무 위반,단일로,횡단보도상,승용차,대형,보행자,보행자,1107396,1764822,128.7236515,35.87185045
2016,야간,금,2,3,0,1,0,경기,평택시,차대사람,기타,기타,운전자법규위반,안전운전 의무 불이행,교차로,교차로내,승용차,경형,보행자,보행자,960078,1883096,127.0516391,36.94541523
2016,주간,월,1,2,1,0,0,전남,순천시,차대차,추돌,진행중 추돌,운전자법규위반,안전운전 의무 불이행,단일로,기타단일로,화물차,소형,원동기장치자전거,원동기장치자전거,992067,1652275,127.4132068,34.86512932
2016,야간,화,1,1,0,0,0,경북,봉화군,차대사람,기타,기타,운전자법규위반,안전운전 의무 불이행,단일로,기타단일로,화물차,소형,보행자,보행자,1110429,1883574,128.7401745,36.9440947
2016,야간,토,1,1,0,0,0,경기,용인시,차대차,정면충돌,정면충돌,운전자법규위반,신호위반,교차로,교차로내,승용차,중형,이륜차,소형,974532,1918214,127.2127758,37.26247633
2016,야간,화,1,1,0,0,0,전남,구례군,차대차,정면충돌,정면충돌,운전자법규위반,중앙선 침범,단일로,기타단일로,원동기장치자전거,원동기장치자전거,승용차,경형,997928,1690600,127.477235,35.21074944
2016,주간,월,1,1,0,0,0,인천,부평구,차대사람,기타,기타,운전자법규위반,안전운전 의무 불이행,단일로,횡단보도상,승용차,중형,보행자,보행자,931636,1946583,126.7264057,37.51600475
2016,주간,월,1,1,0,0,0,경남,밀양시,차량단독,도로이탈,도로이탈 추락,운전자법규위반,안전운전 의무 불이행,단일로,기타단일로,화물차,중형,,,1117764,1722686,128.7983413,35.49308233
2016,주간,금,1,1,0,0,0,경북,영덕군,차대사람,길가장자리구역통행중,길가장자리구역통행중,운전자법규위반,안전운전 의무 불이행,단일로,기타단일로,화물차,중형,보행자,보행자,1157740,1816289,129.2574776,36.33107458
2016,야간,목,2,2,0,0,0,경기,시흥시,차대차,측면직각충돌,측면직각충돌,운전자법규위반,신호위반,교차로,교차로내,이륜차,중형,승용차,경형,932859,1927407,126.7419886,37.34326165
2016,야간,일,1,1,0,0,0,경기,부천시,차대차,측면직각충돌,측면직각충돌,운전자법규위반,신호위반,교차로,교차로내,이륜차,소형,승용차,경형,934812,1947117,126.7622946,37.52104755
2016,야간,목,1,1,0,0,0,경북,칠곡군,차대사람,횡단중,횡단중,운전자법규위반,안전운전 의무 불이행,단일로,기타단일로,승용차,소형,보행자,보행자,1092742,1783517,128.5295641,36.04411704
2016,야간,목,1,1,0,0,0,경기,포천시,차대사람,횡단중,횡단중,운전자법규위반,보행자 보호의무 위반,단일로,횡단보도상,화물차,중형,보행자,보행자,976522,1985742,127.2330552,37.87119004
2016,주간,화,1,1,0,0,0,전남,나주시,차대차,정면충돌,정면충돌,운전자법규위반,중앙선 침범,단일로,기타단일로,화물차,소형,이륜차,사발이,916687,1664068,126.5873651,34.96807508
2016,야간,화,1,1,0,0,0,경기,광주시,차대사람,횡단중,횡단중,운전자법규위반,안전운전 의무 불이행,교차로,교차로내,승용차,소형,보행자,보행자,978360,1928238,127.2556548,37.35292831
2016,야간,토,1,1,0,0,0,전북,전주시,차량단독,전도전복,전도전복,운전자법규위반,안전운전 의무 불이행,단일로,기타단일로,승용차,소형,,,963412,1759499,127.0949044,35.83130794
2016,야간,수,1,1,0,0,0,충북,청주시,차량단독,전도전복,전도전복,운전자법규위반,안전운전 의무 불이행,교차로,교차로내,승용차,대형,,,999568,1846464,127.4960233,36.61607781
2016,주간,화,1,1,0,0,0,충남,금산군,차량단독,기타,기타,운전자법규위반,안전운전 의무 불이행,단일로,기타단일로,원동기장치자전거,원동기장치자전거,,,999206,1789303,127.491179,36.10070302
2016,주간,토,1,1,0,0,0,충북,청주시,차량단독,전도전복,전도전복,운전자법규위반,안전운전 의무 불이행,단일로,기타단일로,농기계,농기계,,,1006607,1850605,127.5739217,36.65334092
2016,야간,목,1,2,0,1,0,전북,군산시,차대차,기타,기타,운전자법규위반,신호위반,교차로,교차로내,이륜차,소형,승합차,소형,929280,1774425,126.7156989,35.9640019
2016,야간,금,1,1,0,0,0,경남,창녕군,차대사람,횡단중,횡단중,운전자법규위반,안전운전 의무 불이행,교차로,교차로내,승용차,소형,보행자,보행자,1093070,1718656,128.5256739,35.45937302
2016,주간,토,1,1,0,0,0,서울,강서구,차대사람,횡단중,횡단중,운전자법규위반,안전운전 의무 불이행,교차로,교차로부근,화물차,소형,보행자,보행자,944906,1950158,126.8762892,37.54911454
2016,주간,수,3,14,6,5,0,충남,보령시,차대차,정면충돌,정면충돌,운전자법규위반,신호위반,교차로,교차로내,승용차,대형,승합차,대형,918054,1816271,126.58685,36.34034751
2016,주간,금,1,3,2,0,0,전북,정읍시,차대차,추돌,진행중 추돌,운전자법규위반,안전운전 의무 불이행,교차로,교차로부근,화물차,중형,건설기계,건설기계,938156,1732459,126.8175958,35.58637491
2016,야간,수,1,1,0,0,0,경기,시흥시,차량단독,공작물충돌,공작물충돌,운전자법규위반,안전운전 의무 불이행,교차로,교차로부근,이륜차,소형,,,932039,1928066,126.7326713,37.3491416
2016,주간,화,1,3,1,1,0,전북,남원시,차대차,정면충돌,정면충돌,운전자법규위반,중앙선 침범,단일로,기타단일로,승용차,경형,화물차,소형,987003,1712126,127.3568613,35.40476634
2016,야간,화,1,1,0,0,0,경북,영덕군,차대사람,횡단중,횡단중,운전자법규위반,안전운전 의무 불이행,단일로,기타단일로,승용차,대형,보행자,보행자,1168115,1826960,129.3753254,36.4254707
2016,야간,토,1,1,0,0,0,경기,양평군,차대차,기타,기타,운전자법규위반,중앙선 침범,단일로,기타단일로,승용차,소형,원동기장치자전거,원동기장치자전거,1009329,1943092,127.6055253,37.48702436
2016,주간,화,1,1,0,0,0,경북,구미시,차대사람,횡단중,횡단중,운전자법규위반,안전운전 의무 불이행,교차로,교차로부근,건설기계,건설기계,보행자,보행자,1084603,1797739,128.4407491,36.17306396
2016,주간,목,1,1,0,0,0,충남,예산군,차대차,추돌,진행중 추돌,운전자법규위반,안전운전 의무 불이행,단일로,기타단일로,이륜차,소형,승용차,소형,927816,1859234,126.6915995,36.72840799
2016,야간,금,1,1,0,0,0,광주,광산구,차대차,기타,기타,운전자법규위반,안전운전 의무 불이행,단일로,기타단일로,승합차,대형,승용차,중형,940010,1690181,126.8409428,35.20517977
2016,주간,화,1,1,0,0,0,충남,공주시,차대사람,횡단중,횡단중,운전자법규위반,안전운전 의무 불이행,교차로,교차로내,승용차,경형,보행자,보행자,966154,1828423,127.1222957,36.45279315
2016,야간,화,1,1,0,0,0,강원,양양군,차량단독,공작물충돌,공작물충돌,운전자법규위반,안전운전 의무 불이행,기타/불명,기타/불명,승합차,소형,,,1095488,2008581,128.5886495,38.07229704
2016,주간,금,1,1,0,0,0,부산,사하구,차대차,기타,기타,운전자법규위반,안전운전 의무 불이행,단일로,기타단일로,승용차,소형,자전거,자전거,1132704,1675302,128.956818,35.05842647
2016,야간,금,1,1,0,0,0,서울,송파구,차대사람,횡단중,횡단중,운전자법규위반,안전운전 의무 불이행,단일로,횡단보도상,승용차,중형,보행자,보행자,966136,1943977,127.1169093,37.49442746
2016,야간,월,1,1,0,0,0,전북,익산시,차대사람,길가장자리구역통행중,길가장자리구역통행중,운전자법규위반,안전운전 의무 불이행,단일로,기타단일로,승용차,대형,보행자,보행자,951597,1784533,126.9625693,36.0564932
2016,야간,금,1,2,0,1,0,경기,용인시,차대차,추돌,진행중 추돌,운전자법규위반,안전운전 의무 불이행,단일로,기타단일로,승용차,중형,건설기계,건설기계,968088,1925554,127.1397871,37.32843903
2016,주간,토,1,1,0,0,0,경기,남양주시,차대사람,횡단중,횡단중,운전자법규위반,안전운전 의무 불이행,교차로,교차로부근,승합차,대형,보행자,보행자,974594,1954050,127.2122415,37.58549188
2016,야간,토,1,1,0,0,0,인천,옹진군,차대사람,횡단중,횡단중,운전자법규위반,안전운전 의무 불이행,단일로,횡단보도부근,승용차,대형,보행자,보행자,912918,1917695,126.5180233,37.25407426
2016,주간,월,1,1,0,0,0,경북,구미시,차대사람,횡단중,횡단중,운전자법규위반,보행자 보호의무 위반,단일로,횡단보도상,승용차,경형,보행자,보행자,1075847,1791689,128.3428125,36.11925017
2016,야간,토,1,3,1,1,0,부산,기장군,차대차,측면직각충돌,측면직각충돌,운전자법규위반,신호위반,교차로,교차로내,승용차,경형,승용차,경형,1153133,1703670,129.1845298,35.31686114
2016,주간,목,1,2,0,1,0,경기,화성시,차대차,측면직각충돌,측면직각충돌,운전자법규위반,신호위반,교차로,교차로내,승용차,중형,이륜차,중형,965160,1912337,127.1073566,37.2091983
2016,주간,화,1,1,0,0,0,울산,중구,차대사람,횡단중,횡단중,운전자법규위반,안전운전 의무 불이행,단일로,기타단일로,승용차,중형,보행자,보행자,1165791,1731613,129.329456,35.56667551
2016,야간,목,1,3,1,1,0,경북,경산시,차대사람,횡단중,횡단중,운전자법규위반,안전거리 미확보,단일로,기타단일로,이륜차,소형,보행자,보행자,1111484,1759150,128.7341671,35.82250736
2016,주간,토,1,1,0,0,0,대전,대덕구,차대차,기타,기타,운전자법규위반,신호위반,교차로,교차로내,자전거,자전거,승용차,경형,993355,1820800,127.4259098,36.38464403
2016,야간,목,1,1,0,0,0,경기,이천시,차대사람,기타,기타,운전자법규위반,안전운전 의무 불이행,단일로,기타단일로,승용차,소형,보행자,보행자,997235,1924277,127.468794,37.31747242
2016,야간,토,1,1,0,0,0,충남,아산시,차대사람,차도통행중,차도통행중,운전자법규위반,안전운전 의무 불이행,단일로,기타단일로,승용차,중형,보행자,보행자,945033,1870776,126.8835712,36.83360376
2016,주간,화,1,1,0,0,0,부산,진구,차량단독,기타,기타,운전자법규위반,안전운전 의무 불이행,단일로,기타단일로,이륜차,소형,,,1141306,1686855,129.0516265,35.1670438
2016,야간,수,1,1,0,0,0,전북,전주시,차대사람,횡단중,횡단중,운전자법규위반,안전운전 의무 불이행,교차로,교차로내,승용차,중형,보행자,보행자,967721,1766557,127.1423262,35.89509402
2016,야간,수,1,1,0,0,0,경북,영주시,차대사람,기타,기타,운전자법규위반,안전운전 의무 불이행,교차로,교차로부근,승용차,중형,보행자,보행자,1098997,1869097,128.6082049,36.8154167
2016,야간,수,1,2,0,1,0,충남,예산군,차대차,기타,기타,운전자법규위반,안전운전 의무 불이행,단일로,기타단일로,화물차,소형,승용차,중형,944663,1845507,126.8812517,36.60579914
2016,주간,토,1,1,0,0,0,경남,김해시,차대사람,횡단중,횡단중,운전자법규위반,안전운전 의무 불이행,단일로,횡단보도상,건설기계,건설기계,보행자,보행자,1123260,1694089,128.8546057,35.23463143
2016,주간,화,1,1,0,0,0,경기,파주시,차대차,기타,기타,운전자법규위반,안전운전 의무 불이행,단일로,기타단일로,원동기장치자전거,원동기장치자전거,화물차,소형,945226,1971208,126.8783325,37.7388555
2016,주간,일,1,2,1,0,0,경남,거제시,차량단독,전도전복,전도전복,운전자법규위반,안전운전 의무 불이행,단일로,기타단일로,승용차,경형,,,1104401,1642863,128.640958,34.77493878
2016,야간,목,1,1,0,0,0,충남,아산시,차량단독,전도전복,전도전복,운전자법규위반,과속,기타/불명,기타/불명,승용차,대형,,,947287,1866124,126.9091698,36.79179791
2016,야간,목,1,1,0,0,0,경기,시흥시,차대사람,횡단중,횡단중,운전자법규위반,안전운전 의무 불이행,단일로,횡단보도상,승용차,소형,보행자,보행자,935724,1927745,126.7743023,37.34651092
2016,야간,월,1,1,0,0,0,충남,보령시,차대사람,횡단중,횡단중,운전자법규위반,안전운전 의무 불이행,단일로,기타단일로,승용차,경형,보행자,보행자,919435,1816920,126.60217,36.34631439
2016,야간,수,1,2,0,1,0,서울,관악구,차대사람,기타,기타,운전자법규위반,안전운전 의무 불이행,단일로,기타단일로,승용차,중형,보행자,보행자,951405,1942618,126.9503587,37.48152052
2016,야간,월,1,1,0,0,0,대전,유성구,차대사람,기타,기타,운전자법규위반,안전운전 의무 불이행,교차로,교차로부근,승용차,경형,보행자,보행자,985878,1817749,127.3425985,36.3570574
2016,야간,목,1,1,0,0,0,경남,김해시,차량단독,전도전복,전도전복,운전자법규위반,안전운전 의무 불이행,단일로,기타단일로,이륜차,소형,,,1126729,1693347,128.8926052,35.2275101
2016,야간,화,1,1,0,0,0,전북,김제시,차대사람,차도통행중,차도통행중,운전자법규위반,안전운전 의무 불이행,단일로,기타단일로,승용차,중형,보행자,보행자,939778,1766185,126.8328211,35.89035642
2016,야간,금,1,3,1,1,0,부산,해운대구,차대차,추돌,진행중 추돌,운전자법규위반,신호위반,교차로,교차로내,승용차,중형,승용차,중형,1147532,1692095,129.1209059,35.21337993
2016,주간,목,1,1,0,0,0,부산,사하구,차대사람,횡단중,횡단중,운전자법규위반,안전운전 의무 불이행,교차로,교차로부근,건설기계,건설기계,보행자,보행자,1134277,1677931,128.9728623,35.08545744
2016,주간,수,1,1,0,0,0,충남,서천군,차대차,측면직각충돌,측면직각충돌,운전자법규위반,직진 및 우회전차의 통행방해,교차로,교차로내,자전거,자전거,승용차,중형,927000,1779581,126.6899403,36.01031564
2016,주간,일,1,1,0,0,0,경북,영주시,차대차,측면직각충돌,측면직각충돌,운전자법규위반,중앙선 침범,단일로,기타단일로,승용차,경형,이륜차,소형,1091345,1876421,128.5250227,36.88166853
2016,주간,일,1,3,0,2,0,경기,성남시,차량단독,전도전복,전도전복,운전자법규위반,안전운전 의무 불이행,단일로,기타단일로,승용차,중형,,,968215,1940484,127.1057761,37.41114767
2016,주간,목,1,1,0,0,0,경남,창원시(통합),차대사람,횡단중,횡단중,운전자법규위반,안전운전 의무 불이행,교차로,교차로내,승용차,소형,보행자,보행자,1103804,1695291,128.6409808,35.2476718
2016,주간,화,1,1,0,0,0,경북,의성군,차대사람,횡단중,횡단중,운전자법규위반,안전운전 의무 불이행,교차로,교차로내,건설기계,건설기계,보행자,보행자,1106366,1818663,128.6855501,36.359519
2016,야간,일,1,1,0,0,0,경북,고령군,차대사람,횡단중,횡단중,운전자법규위반,안전운전 의무 불이행,단일로,기타단일로,승용차,대형,보행자,보행자,1070583,1747497,128.2804001,35.72124675
2016,주간,수,1,1,0,0,0,부산,서구,차대사람,차도통행중,차도통행중,운전자법규위반,안전운전 의무 불이행,단일로,횡단보도부근,승용차,중형,보행자,보행자,1138984,1681058,129.0251627,35.11513319
2016,주간,월,1,1,0,0,0,울산,중구,차량단독,전도전복,전도전복,운전자법규위반,안전운전 의무 불이행,교차로,교차로내,이륜차,소형,,,1163445,1730103,129.3032752,35.55345721
2016,야간,월,1,1,0,0,0,경기,여주시,차량단독,전도전복,전도전복,운전자법규위반,안전운전 의무 불이행,교차로,교차로부근,승용차,소형,,,1010525,1934709,127.6189341,37.41144945
2016,주간,토,1,2,0,1,0,경기,김포시,차대차,정면충돌,정면충돌,운전자법규위반,안전운전 의무 불이행,단일로,교량위,화물차,소형,건설기계,건설기계,931697,1959527,126.7258892,37.63267004
2016,주간,목,1,4,0,3,0,광주,북구,차대차,추돌,진행중 추돌,운전자법규위반,안전운전 의무 불이행,단일로,기타단일로,승용차,소형,화물차,중형,944057,1686568,126.8856465,35.17283648
2016,주간,금,1,1,0,0,0,전북,고창군,차대차,측면직각충돌,측면직각충돌,운전자법규위반,안전운전 의무 불이행,교차로,교차로부근,건설기계,건설기계,자전거,자전거,924897,1724450,126.6717742,35.5131304
2016,주간,일,1,1,0,0,0,서울,강동구,차대사람,기타,기타,운전자법규위반,안전운전 의무 불이행,단일로,기타단일로,화물차,소형,보행자,보행자,968694,1946999,127.1457177,37.52175649
2016,주간,화,1,1,0,0,0,전남,영광군,차량단독,전도전복,전도전복,운전자법규위반,안전운전 의무 불이행,단일로,기타단일로,이륜차,사발이,,,912561,1690938,126.5393363,35.20998808
2016,야간,일,1,1,0,0,0,인천,서구,차대사람,횡단중,횡단중,운전자법규위반,신호위반,단일로,횡단보도상,화물차,소형,보행자,보행자,927381,1951995,126.6777258,37.5644562
2016,주간,금,1,1,0,0,0,경남,통영시,차대사람,횡단중,횡단중,운전자법규위반,신호위반,교차로,교차로내,승용차,중형,보행자,보행자,1084090,1650091,128.4197391,34.84198838
2016,주간,목,1,1,0,0,0,경남,거제시,차량단독,전도전복,전도전복,운전자법규위반,안전운전 의무 불이행,단일로,기타단일로,건설기계,건설기계,,,1100276,1650085,128.5967473,34.84046697
2016,주간,월,1,1,0,0,0,충남,천안시,차대사람,횡단중,횡단중,운전자법규위반,안전운전 의무 불이행,단일로,기타단일로,승용차,경형,보행자,보행자,976536,1879302,127.2365929,36.91176842
2016,야간,월,1,2,0,1,0,광주,동구,차대차,측면직각충돌,측면직각충돌,운전자법규위반,신호위반,교차로,교차로내,승합차,대형,원동기장치자전거,원동기장치자전거,948020,1683854,126.9293363,35.14935518
2016,야간,화,1,1,0,0,0,경기,평택시,차대사람,기타,기타,운전자법규위반,안전운전 의무 불이행,단일로,기타단일로,승용차,소형,보행자,보행자,956592,1903448,127.0113151,37.12871483
2016,야간,화,1,1,0,0,0,경남,합천군,차대사람,기타,기타,운전자법규위반,안전운전 의무 불이행,단일로,기타단일로,승용차,경형,보행자,보행자,1066898,1731639,128.2383432,35.57853281
2016,주간,토,1,2,1,0,0,전남,신안군,차대차,측면직각충돌,측면직각충돌,운전자법규위반,중앙선 침범,단일로,기타단일로,승용차,소형,승용차,중형,892595,1652410,126.3249969,34.86070067
2016,주간,토,1,1,0,0,0,서울,동대문구,차량단독,전도전복,전도전복,운전자법규위반,안전운전 의무 불이행,단일로,기타단일로,이륜차,소형,,,961632,1954729,127.0653963,37.5911627
2016,야간,월,1,1,0,0,0,충남,서천군,차대사람,차도통행중,차도통행중,운전자법규위반,안전운전 의무 불이행,교차로,교차로내,승용차,경형,보행자,보행자,928275,1787734,126.7033472,36.08390965
2016,야간,화,1,1,0,0,0,경기,김포시,차량단독,기타,기타,운전자법규위반,안전운전 의무 불이행,단일로,기타단일로,화물차,중형,,,930833,1957451,126.7162944,37.61389517
2016,야간,월,1,1,0,0,0,전북,전주시,차대차,기타,기타,운전자법규위반,신호위반,교차로,교차로내,승합차,대형,자전거,자전거,967144,1755669,127.1363811,35.79690867
2016,주간,금,1,1,0,0,0,서울,용산구,차대사람,횡단중,횡단중,운전자법규위반,안전운전 의무 불이행,교차로,교차로내,승용차,중형,보행자,보행자,952399,1949038,126.9611852,37.53943736
2016,주간,수,2,7,3,2,0,경기,용인시,차대사람,보도통행중,보도통행중,운전자법규위반,기타(운전자법규위반),단일로,기타단일로,화물차,소형,보행자,보행자,972794,1915217,127.1932846,37.23541244
2016,야간,목,1,2,0,1,0,서울,구로구,차대차,정면충돌,정면충돌,운전자법규위반,중앙선 침범,단일로,기타단일로,이륜차,소형,승용차,경형,940713,1944426,126.8292864,37.49719169
2016,야간,일,1,2,1,0,0,강원,동해시,차량단독,공작물충돌,공작물충돌,운전자법규위반,안전운전 의무 불이행,단일로,기타단일로,승용차,소형,,,1143676,1946865,129.1256342,37.50989168
2016,야간,일,2,4,2,0,0,경기,안산시,차대사람,횡단중,횡단중,운전자법규위반,과속,교차로,교차로내,승용차,중형,보행자,보행자,939296,1923741,126.8149564,37.31066225
2016,주간,일,1,3,2,0,0,서울,중구,차대차,측면직각충돌,측면직각충돌,운전자법규위반,안전거리 미확보,교차로,교차로부근,승용차,대형,승용차,중형,953127,1951258,126.9692836,37.55948398
2016,야간,목,1,1,0,0,0,경북,청도군,차량단독,공작물충돌,공작물충돌,운전자법규위반,안전운전 의무 불이행,단일로,기타단일로,승용차,소형,,,1098143,1740224,128.5841873,35.65332051
2016,야간,수,1,1,0,0,0,경기,오산시,차대사람,횡단중,횡단중,운전자법규위반,안전운전 의무 불이행,단일로,횡단보도상,승용차,경형,보행자,보행자,962111,1904821,127.0733766,37.14133086
2016,야간,화,2,2,0,0,0,전북,완주군,차대차,추돌,진행중 추돌,운전자법규위반,안전운전 의무 불이행,교차로,교차로내,승용차,중형,화물차,대형,962066,1769279,127.0795364,35.91943218
2016,야간,목,1,1,0,0,0,충남,아산시,차대차,추돌,진행중 추돌,운전자법규위반,안전운전 의무 불이행,단일로,기타단일로,승용차,중형,자전거,자전거,956685,1862200,127.0147259,36.7569018
2016,주간,일,1,1,0,0,0,경기,여주시,차량단독,전도전복,전도전복,운전자법규위반,안전운전 의무 불이행,단일로,기타단일로,이륜차,소형,,,1013962,1921156,127.6575172,37.28923914
2016,야간,금,1,1,0,0,0,대구,서구,차량단독,공작물충돌,공작물충돌,운전자법규위반,안전운전 의무 불이행,단일로,기타단일로,이륜차,소형,,,1092771,1763708,128.5275704,35.86554496
2016,야간,일,1,1,0,0,0,경남,창원시(통합),차량단독,전도전복,전도전복,운전자법규위반,안전운전 의무 불이행,단일로,기타단일로,승용차,경형,,,1106223,1698060,128.6679229,35.27238125
2016,야간,일,1,1,0,0,0,충남,보령시,차대사람,기타,기타,운전자법규위반,안전운전 의무 불이행,단일로,기타단일로,승용차,중형,보행자,보행자,913064,1805108,126.532495,36.23928403
2016,야간,화,1,1,0,0,0,부산,중구,차량단독,공작물충돌,공작물충돌,운전자법규위반,안전운전 의무 불이행,단일로,기타단일로,이륜차,중형,,,1139630,1680807,129.0322067,35.11276144
2016,야간,토,1,1,0,0,0,경기,용인시,차량단독,공작물충돌,공작물충돌,운전자법규위반,안전운전 의무 불이행,교차로,교차로부근,화물차,중형,,,977943,1927588,127.2509657,37.34705952
2016,주간,월,1,1,0,0,0,충남,서산시,차량단독,전도전복,전도전복,운전자법규위반,안전운전 의무 불이행,단일로,기타단일로,이륜차,소형,,,901252,1868763,126.3929142,36.81190165
2016,주간,화,1,1,0,0,0,충북,괴산군,차대차,측면직각충돌,측면직각충돌,운전자법규위반,안전운전 의무 불이행,단일로,기타단일로,이륜차,중형,화물차,소형,1013156,1868414,127.6475011,36.81381757
2016,야간,목,1,1,0,0,0,대전,동구,차대사람,횡단중,횡단중,운전자법규위반,안전운전 의무 불이행,단일로,기타단일로,화물차,소형,보행자,보행자,993901,1815028,127.4320428,36.33261078
2016,주간,월,1,1,0,0,0,충남,천안시,차대사람,차도통행중,차도통행중,운전자법규위반,안전운전 의무 불이행,단일로,기타단일로,승합차,소형,보행자,보행자,966344,1879364,127.1221766,36.91201854
2016,야간,금,1,2,1,0,0,전남,무안군,차량단독,전도전복,전도전복,운전자법규위반,안전운전 의무 불이행,단일로,기타단일로,화물차,소형,,,893643,1677616,126.3332412,35.08805835
2016,주간,토,1,5,3,1,0,경기,양평군,차대차,기타,기타,운전자법규위반,안전운전 의무 불이행,단일로,기타단일로,승용차,대형,승용차,중형,995037,1945802,127.4438426,37.51148518
2016,주간,목,1,1,0,0,0,경기,평택시,차대차,추돌,진행중 추돌,운전자법규위반,안전운전 의무 불이행,단일로,기타단일로,승용차,중형,승용차,경형,961362,1897504,127.0653203,37.07534473
2016,야간,토,1,1,0,0,0,경북,경주시,차대사람,기타,기타,운전자법규위반,안전운전 의무 불이행,교차로,교차로내,승용차,중형,승용차,중형,1160887,1762685,129.2815873,35.84750619
2016,야간,토,1,1,0,0,0,세종,세종,차대사람,기타,기타,운전자법규위반,안전운전 의무 불이행,기타/불명,기타/불명,승용차,소형,보행자,보행자,981241,1844097,127.2902766,36.59450971
2016,야간,수,1,1,0,0,0,경기,고양시,차대차,측면직각충돌,측면직각충돌,운전자법규위반,신호위반,교차로,교차로내,승용차,중형,이륜차,소형,944897,1953629,126.8759264,37.58039824
2016,주간,일,1,1,0,0,0,울산,중구,차대사람,횡단중,횡단중,운전자법규위반,안전운전 의무 불이행,단일로,기타단일로,화물차,경형,보행자,보행자,1161178,1730245,129.2783026,35.55510837
2016,주간,월,1,1,0,0,0,강원,동해시,차대사람,횡단중,횡단중,운전자법규위반,안전운전 의무 불이행,단일로,횡단보도상,승용차,중형,보행자,보행자,1142686,1948341,129.1147234,37.52334413
2016,야간,일,1,1,0,0,0,전남,나주시,차대사람,차도통행중,차도통행중,운전자법규위반,안전운전 의무 불이행,단일로,기타단일로,화물차,소형,보행자,보행자,940049,1671796,126.8427043,35.03941075
2016,주간,화,1,1,0,0,0,인천,중구,차대사람,횡단중,횡단중,운전자법규위반,안전운전 의무 불이행,교차로,교차로내,승합차,대형,보행자,보행자,920700,1939490,126.6034332,37.4512032
2016,야간,월,1,1,0,0,0,경남,함양군,차대사람,차도통행중,차도통행중,운전자법규위반,안전운전 의무 불이행,단일로,기타단일로,승용차,경형,보행자,보행자,1022757,1720558,127.7508627,35.48061991
2016,주간,화,1,1,0,0,0,부산,강서구,차대사람,횡단중,횡단중,운전자법규위반,신호위반,단일로,횡단보도상,승합차,대형,보행자,보행자,1129004,1679547,128.9196946,35.09575722
2016,야간,화,1,2,1,0,0,충북,음성군,차대차,측면직각충돌,측면직각충돌,운전자법규위반,안전운전 의무 불이행,교차로,교차로내,이륜차,소형,화물차,중형,996898,1886783,127.4651461,36.97949288
2016,주간,목,1,1,0,0,0,경남,창녕군,차대사람,횡단중,횡단중,운전자법규위반,안전운전 의무 불이행,교차로,교차로내,화물차,소형,보행자,보행자,1089079,1710773,128.4808352,35.38866966
2016,주간,월,1,1,0,0,0,부산,금정구,차대사람,보도통행중,보도통행중,운전자법규위반,기타(운전자법규위반),단일로,기타단일로,승용차,경형,보행자,보행자,1144508,1697692,129.0885799,35.26430845
2016,야간,금,1,3,1,1,0,전북,정읍시,차대차,추돌,진행중 추돌,운전자법규위반,안전운전 의무 불이행,단일로,기타단일로,화물차,소형,농기계,농기계,943024,1743299,126.8694485,35.68488739
2016,야간,목,1,1,0,0,0,경북,울릉군,차량단독,전도전복,전도전복,운전자법규위반,안전운전 의무 불이행,교차로,교차로부근,이륜차,사발이,,,1296967,1953740,130.8608095,37.53518822
2016,야간,수,1,1,0,0,0,대구,수성구,차량단독,전도전복,전도전복,운전자법규위반,안전운전 의무 불이행,교차로,교차로내,승용차,소형,,,1103671,1763892,128.6270641,35.86674161
2016,야간,화,1,1,0,0,0,경북,영주시,차대사람,횡단중,횡단중,운전자법규위반,안전운전 의무 불이행,단일로,기타단일로,승용차,경형,보행자,보행자,1099154,1870422,128.6118531,36.82681177
2016,야간,수,1,1,0,0,0,제주,제주시,차량단독,공작물충돌,공작물충돌,운전자법규위반,안전운전 의무 불이행,단일로,기타단일로,이륜차,소형,,,903134,1500427,126.4572257,33.49128376
2016,야간,월,1,1,0,0,0,경북,영천시,차대사람,횡단중,횡단중,운전자법규위반,보행자 보호의무 위반,교차로,교차로부근,원동기장치자전거,원동기장치자전거,보행자,보행자,1130429,1793740,128.9495298,36.13193434
2016,야간,화,1,1,0,0,0,광주,광산구,차대사람,횡단중,횡단중,운전자법규위반,안전운전 의무 불이행,교차로,교차로부근,승용차,중형,보행자,보행자,936985,1685274,126.808087,35.16075032
2016,주간,화,1,1,0,0,0,전북,진안군,차대사람,횡단중,횡단중,운전자법규위반,안전운전 의무 불이행,단일로,기타단일로,화물차,중형,보행자,보행자,988335,1748494,127.3710064,35.73269742
2016,주간,수,1,1,0,0,0,전남,여수시,차량단독,전도전복,전도전복,운전자법규위반,안전운전 의무 불이행,단일로,기타단일로,농기계,농기계,,,1005080,1646090,127.5555417,34.80937324
2016,주간,금,1,1,0,0,0,경남,창원시(통합),차량단독,전도전복,전도전복,운전자법규위반,안전운전 의무 불이행,단일로,기타단일로,승용차,중형,,,1112526,1681511,128.7349501,35.1225025
2016,주간,수,1,2,1,0,0,충북,청주시,차대차,측면직각충돌,측면직각충돌,운전자법규위반,중앙선 침범,단일로,기타단일로,화물차,소형,승용차,대형,999421,1852024,127.4935209,36.66615589
2016,야간,금,1,1,0,0,0,경북,영천시,차대사람,횡단중,횡단중,운전자법규위반,보행자 보호의무 위반,단일로,횡단보도상,승용차,중형,보행자,보행자,1138728,1779368,129.0392062,36.00125408
2016,야간,금,1,4,0,3,0,경기,김포시,차대차,기타,기타,운전자법규위반,안전운전 의무 불이행,단일로,기타단일로,승용차,소형,원동기장치자전거,원동기장치자전거,937356,1954570,126.7904453,37.58839693
2016,야간,목,1,1,0,0,0,강원,원주시,차대사람,횡단중,횡단중,운전자법규위반,안전운전 의무 불이행,단일로,기타단일로,승용차,경형,보행자,보행자,1031676,1907028,127.856761,37.16145595
2016,주간,토,1,2,0,1,0,경기,광명시,차대차,측면직각충돌,측면직각충돌,운전자법규위반,신호위반,교차로,교차로내,승용차,중형,원동기장치자전거,원동기장치자전거,946008,1939223,126.889567,37.45062095
2016,주간,수,1,2,1,0,0,충북,진천군,차대차,정면충돌,정면충돌,운전자법규위반,중앙선 침범,교차로,교차로부근,원동기장치자전거,원동기장치자전거,화물차,경형,999439,1877990,127.4937032,36.90023314
2016,주간,목,1,1,0,0,0,강원,속초시,차대차,측면직각충돌,측면직각충돌,운전자법규위반,안전운전 의무 불이행,교차로,교차로내,자전거,자전거,승용차,중형,1095094,2023657,128.5861706,38.20818936
2016,야간,목,1,4,0,3,0,전남,장흥군,차대차,추돌,진행중 추돌,운전자법규위반,안전운전 의무 불이행,단일로,기타단일로,화물차,소형,화물차,소형,948714,1620215,126.9408522,34.57476711
2016,야간,일,1,3,2,0,0,경기,김포시,차대차,측면직각충돌,측면직각충돌,운전자법규위반,신호위반,교차로,교차로내,이륜차,소형,승용차,소형,931317,1955432,126.7221388,37.59549445
2016,야간,일,1,1,0,0,0,경남,창녕군,차량단독,기타,기타,운전자법규위반,안전운전 의무 불이행,단일로,기타단일로,이륜차,소형,,,1092037,1715006,128.5138786,35.42656313
2016,야간,화,1,1,0,0,0,전남,완도군,차량단독,전도전복,전도전복,운전자법규위반,안전운전 의무 불이행,단일로,기타단일로,농기계,농기계,,,944415,1576910,126.8967912,34.18402507
2016,야간,화,1,1,0,0,0,경기,부천시,차대차,정면충돌,정면충돌,운전자법규위반,신호위반,교차로,교차로내,승용차,중형,이륜차,대형,937402,1945250,126.7917615,37.50439979
2016,주간,수,1,2,1,0,0,제주,제주시,차대차,측면직각충돌,측면직각충돌,운전자법규위반,직진 및 우회전차의 통행방해,교차로,교차로내,승용차,소형,화물차,소형,906340,1499552,126.4917865,33.48373669
2016,주간,수,1,4,2,1,0,충남,당진시,차대차,추돌,진행중 추돌,운전자법규위반,안전운전 의무 불이행,단일로,기타단일로,승용차,경형,화물차,대형,936131,1885025,126.7825447,36.96148304
2016,주간,목,1,1,0,0,0,전북,전주시,차대차,측면직각충돌,측면직각충돌,운전자법규위반,안전운전 의무 불이행,단일로,횡단보도상,승합차,중형,자전거,자전거,966977,1760043,127.1343521,35.8363392
2016,야간,목,1,1,0,0,0,경남,고성군,차대사람,횡단중,횡단중,운전자법규위반,과속,단일로,기타단일로,승용차,중형,보행자,보행자,1074296,1664452,128.3139037,34.97223954
2016,주간,금,1,1,0,0,0,제주,제주시,차대사람,횡단중,횡단중,운전자법규위반,안전운전 의무 불이행,단일로,기타단일로,승합차,경형,보행자,보행자,908662,1502577,126.5164391,33.51122038
2016,주간,화,1,1,0,0,0,경북,안동시,차량단독,전도전복,전도전복,운전자법규위반,안전운전 의무 불이행,단일로,기타단일로,이륜차,사발이,,,1111500,1849662,128.7472349,36.63833331
2016,주간,토,1,1,0,0,0,경기,수원시,차대차,기타,기타,운전자법규위반,신호위반,단일로,기타단일로,승합차,중형,자전거,자전거,957144,1919845,127.0165876,37.27653956
2016,주간,일,1,2,0,1,0,강원,원주시,차대차,추돌,진행중 추돌,운전자법규위반,안전운전 의무 불이행,단일로,기타단일로,화물차,소형,이륜차,소형,1039625,1931812,127.9476212,37.3847618
2016,야간,일,1,1,0,0,0,인천,서구,차대사람,기타,기타,운전자법규위반,안전운전 의무 불이행,단일로,기타단일로,승용차,소형,보행자,보행자,924756,1946638,126.6492896,37.5227023
2016,야간,금,1,1,0,0,0,경남,고성군,차대사람,횡단중,횡단중,운전자법규위반,안전운전 의무 불이행,단일로,횡단보도부근,승용차,대형,보행자,보행자,1078681,1673129,128.3627574,35.05014341
2016,주간,금,1,1,0,0,0,경남,김해시,차대차,추돌,진행중 추돌,운전자법규위반,안전운전 의무 불이행,단일로,기타단일로,건설기계,건설기계,이륜차,소형,1111606,1701944,128.7276258,35.30680947
2016,야간,목,1,1,0,0,0,경기,부천시,차대사람,횡단중,횡단중,운전자법규위반,안전운전 의무 불이행,교차로,교차로부근,승용차,대형,보행자,보행자,936782,1944047,126.7848507,37.49351493
2016,주간,토,1,1,0,0,0,전북,부안군,차량단독,전도전복,전도전복,운전자법규위반,안전운전 의무 불이행,단일로,기타단일로,자전거,자전거,,,908202,1738390,126.4861048,35.63739746
2016,주간,화,1,1,0,0,0,전남,나주시,차대차,측면직각충돌,측면직각충돌,운전자법규위반,안전운전 의무 불이행,교차로,교차로부근,원동기장치자전거,원동기장치자전거,승합차,대형,928192,1667666,126.7130724,35.00139853
2016,야간,금,1,3,0,2,0,광주,동구,차대사람,횡단중,횡단중,운전자법규위반,안전운전 의무 불이행,단일로,기타단일로,승용차,중형,보행자,보행자,946824,1683984,126.9161982,35.14968754
2016,야간,금,1,1,0,0,0,부산,영도구,차대사람,횡단중,횡단중,운전자법규위반,안전운전 의무 불이행,단일로,기타단일로,승용차,중형,보행자,보행자,1140758,1678634,129.0442111,35.09301694
2016,주간,월,1,1,0,0,0,서울,중구,차대사람,횡단중,횡단중,운전자법규위반,안전운전 의무 불이행,단일로,기타단일로,건설기계,건설기계,보행자,보행자,953770,1951742,126.9765331,37.56387887
2016,주간,금,1,1,0,0,0,경북,포항시,차량단독,전도전복,전도전복,운전자법규위반,안전운전 의무 불이행,단일로,기타단일로,화물차,소형,,,1164963,1780706,129.330443,36.00922392
2016,야간,토,2,2,0,0,0,경남,함양군,차량단독,전도전복,전도전복,운전자법규위반,안전운전 의무 불이행,단일로,기타단일로,이륜차,소형,,,1021187,1723904,127.7336432,35.51082427
2016,주간,월,1,1,0,0,0,경북,고령군,차대차,측면직각충돌,측면직각충돌,운전자법규위반,안전운전 의무 불이행,단일로,기타단일로,승용차,대형,자전거,자전거,1084069,1746153,128.4293511,35.70807108
2016,주간,월,1,1,0,0,0,경기,수원시,차대사람,횡단중,횡단중,운전자법규위반,보행자 보호의무 위반,교차로,교차로내,화물차,소형,보행자,보행자,957296,1920581,127.0182598,37.28318062
2016,주간,월,1,1,0,0,0,충남,부여군,차대차,측면직각충돌,측면직각충돌,운전자법규위반,과속,단일로,기타단일로,승용차,중형,자전거,자전거,946127,1808927,126.900164,36.27612233
2016,주간,월,1,3,2,0,0,광주,동구,차대차,기타,기타,운전자법규위반,과속,교차로,교차로부근,화물차,중형,승용차,중형,948908,1678726,126.9394017,35.10238517
2016,주간,일,1,1,0,0,0,전남,광양시,차대차,측면직각충돌,측면직각충돌,운전자법규위반,신호위반,교차로,교차로내,원동기장치자전거,원동기장치자전거,화물차,경형,1020082,1669294,127.7201219,35.01842999
2016,야간,목,1,1,0,0,0,부산,중구,차대사람,기타,기타,운전자법규위반,안전운전 의무 불이행,단일로,횡단보도상,승용차,경형,보행자,보행자,1139604,1679595,129.031717,35.10184002
2016,야간,금,1,1,0,0,0,부산,동구,차대사람,횡단중,횡단중,운전자법규위반,신호위반,교차로,교차로부근,건설기계,건설기계,보행자,보행자,1140548,1681846,129.0424807,35.12204308
2016,주간,금,2,2,0,0,0,전남,여수시,차대차,측면직각충돌,측면직각충돌,운전자법규위반,신호위반,교차로,교차로내,이륜차,중형,화물차,중형,1013587,1642779,127.6484985,34.77943759
2016,주간,수,2,2,0,0,0,충남,논산시,차대차,측면직각충돌,측면직각충돌,운전자법규위반,교차로 통행방법 위반,교차로,교차로내,화물차,경형,이륜차,소형,963862,1792733,127.0983712,36.13095411
2016,주간,화,1,1,0,0,0,서울,광진구,차대사람,횡단중,횡단중,운전자법규위반,안전운전 의무 불이행,단일로,기타단일로,화물차,소형,보행자,보행자,963430,1948728,127.0860616,37.53714693
2016,야간,금,1,1,0,0,0,충북,충주시,차대사람,횡단중,횡단중,운전자법규위반,안전운전 의무 불이행,단일로,기타단일로,승용차,경형,보행자,보행자,1039731,1886129,127.9463754,36.97276344
2016,야간,목,1,1,0,0,0,전남,해남군,차대사람,횡단중,횡단중,운전자법규위반,안전운전 의무 불이행,단일로,기타단일로,승용차,대형,보행자,보행자,909937,1596938,126.5205823,34.36221205
2016,주간,금,1,2,1,0,0,경북,고령군,차량단독,기타,기타,운전자법규위반,안전운전 의무 불이행,단일로,기타단일로,화물차,소형,,,1067526,1744020,128.2463108,35.69011388
2016,주간,금,1,1,0,0,0,서울,금천구,차대차,측면직각충돌,측면직각충돌,운전자법규위반,안전거리 미확보,단일로,기타단일로,이륜차,소형,승합차,대형,946756,1941211,126.8979596,37.46878224
2016,야간,금,1,1,0,0,0,전북,전주시,차대차,기타,기타,운전자법규위반,안전운전 의무 불이행,교차로,교차로내,승용차,중형,승용차,중형,970298,1759101,127.1711585,35.82795234
2016,주간,수,1,1,0,0,0,서울,광진구,차대사람,횡단중,횡단중,운전자법규위반,보행자 보호의무 위반,교차로,교차로내,화물차,중형,보행자,보행자,962319,1948626,127.0734916,37.53618281
2016,야간,금,1,1,0,0,0,경기,광주시,차량단독,전도전복,전도전복,운전자법규위반,안전운전 의무 불이행,교차로,교차로내,원동기장치자전거,원동기장치자전거,,,981224,1932301,127.2878899,37.38961376
2016,주간,월,1,1,0,0,0,경기,고양시,차대차,기타,기타,운전자법규위반,안전운전 의무 불이행,교차로,교차로내,건설기계,건설기계,자전거,자전거,933253,1963964,126.7431169,37.67277353
2016,야간,화,1,1,0,0,0,울산,중구,차대차,측면직각충돌,측면직각충돌,운전자법규위반,신호위반,교차로,교차로내,승용차,중형,자전거,자전거,1165121,1730048,129.3217468,35.55268362
2016,주간,목,1,1,0,0,0,경기,수원시,차대사람,횡단중,횡단중,운전자법규위반,보행자 보호의무 위반,교차로,교차로내,승합차,대형,보행자,보행자,959636,1918475,127.0447707,37.2643022
2016,야간,목,1,1,0,0,0,인천,서구,차대차,정면충돌,정면충돌,운전자법규위반,중앙선 침범,단일로,기타단일로,화물차,소형,승용차,소형,927536,1946973,126.6799767,37.51920675
2016,야간,목,1,1,0,0,0,전북,군산시,차대차,측면직각충돌,측면직각충돌,운전자법규위반,안전운전 의무 불이행,단일로,기타단일로,승용차,경형,자전거,자전거,939051,1779035,126.8236996,36.00622187
2016,주간,수,1,1,0,0,0,충남,논산시,차량단독,공작물충돌,공작물충돌,운전자법규위반,안전운전 의무 불이행,단일로,기타단일로,화물차,소형,,,964085,1787053,127.1011085,36.07975397
2016,주간,목,1,1,0,0,0,전남,담양군,차량단독,전도전복,전도전복,운전자법규위반,안전운전 의무 불이행,기타/불명,기타/불명,승용차,중형,,,943610,1699502,126.8798511,35.28943177
2016,주간,목,1,4,0,3,0,광주,광산구,차대차,측면직각충돌,측면직각충돌,운전자법규위반,안전운전 의무 불이행,단일로,교량위,화물차,소형,화물차,소형,933854,1678320,126.7760995,35.07113797
2016,주간,월,1,1,0,0,0,전북,전주시,차대차,측면직각충돌,측면직각충돌,운전자법규위반,안전거리 미확보,단일로,기타단일로,이륜차,소형,승용차,경형,960104,1758859,127.0624794,35.82509848
2016,주간,화,1,1,0,0,0,충북,청주시,차대사람,기타,기타,운전자법규위반,부당한 회전,단일로,기타단일로,화물차,소형,보행자,보행자,994142,1847743,127.4344803,36.62754498
2016,주간,수,1,2,0,0,1,경기,가평군,차대차,추돌,진행중 추돌,운전자법규위반,안전운전 의무 불이행,교차로,교차로부근,화물차,소형,화물차,중형,993067,1971149,127.4213111,37.73993679
2016,주간,일,3,6,1,2,0,충남,아산시,차대차,정면충돌,정면충돌,운전자법규위반,중앙선 침범,단일로,기타단일로,승용차,중형,승합차,대형,949466,1869598,126.9333612,36.82323232
2016,야간,월,1,1,0,0,0,광주,광산구,차대사람,횡단중,횡단중,운전자법규위반,안전운전 의무 불이행,단일로,기타단일로,승용차,경형,보행자,보행자,937167,1685346,126.8100798,35.1614109
2016,주간,월,1,1,0,0,0,대구,남구,차대사람,횡단중,횡단중,운전자법규위반,안전운전 의무 불이행,단일로,기타단일로,화물차,중형,보행자,보행자,1098482,1761654,128.5906493,35.84888869
2016,주간,금,1,1,0,0,0,대구,북구,차대사람,횡단중,횡단중,운전자법규위반,안전운전 의무 불이행,교차로,교차로내,승용차,중형,보행자,보행자,1098889,1765324,128.5955257,35.87951369
2016,야간,월,1,1,0,0,0,경북,구미시,차대사람,횡단중,횡단중,운전자법규위반,안전운전 의무 불이행,교차로,교차로부근,승용차,중형,보행자,보행자,1076361,1794850,128.3488303,36.14770548
2016,야간,화,1,1,0,0,0,충북,충주시,차대사람,차도통행중,차도통행중,운전자법규위반,안전운전 의무 불이행,단일로,기타단일로,승용차,중형,보행자,보행자,1025000,1886938,127.7756826,36.97254239
2016,주간,월,1,1,0,0,0,충북,제천시,차대사람,횡단중,횡단중,운전자법규위반,안전운전 의무 불이행,기타/불명,기타/불명,화물차,소형,보행자,보행자,1064074,1906147,128.2215585,37.15185496
2016,야간,금,1,1,0,0,0,대전,서구,차대차,측면직각충돌,측면직각충돌,운전자법규위반,신호위반,교차로,교차로내,승용차,중형,이륜차,소형,990589,1816842,127.3951174,36.34893806
2016,주간,금,1,1,0,0,0,경남,진주시,차대사람,횡단중,횡단중,운전자법규위반,보행자 보호의무 위반,교차로,교차로내,승용차,대형,보행자,보행자,1053036,1688819,128.0825758,35.19329077
2016,야간,목,1,1,0,0,0,서울,중구,차대사람,횡단중,횡단중,운전자법규위반,안전운전 의무 불이행,교차로,교차로부근,승용차,중형,보행자,보행자,956561,1951079,127.0081741,37.55803898
2016,야간,목,1,1,0,0,0,충북,충주시,차대차,측면직각충돌,측면직각충돌,운전자법규위반,안전운전 의무 불이행,교차로,교차로부근,화물차,소형,자전거,자전거,1039660,1887749,127.9456629,36.98736941
2016,주간,목,1,2,0,1,0,전남,신안군,차대차,측면직각충돌,측면직각충돌,운전자법규위반,안전운전 의무 불이행,교차로,교차로내,농기계,농기계,화물차,대형,876511,1644893,126.1501859,34.79110627
2016,야간,수,1,1,0,0,0,경남,남해군,차대사람,횡단중,횡단중,운전자법규위반,안전운전 의무 불이행,단일로,기타단일로,승용차,경형,보행자,보행자,1046813,1652203,128.012158,34.86343251
2016,야간,일,1,2,1,0,0,경북,성주군,차량단독,공작물충돌,공작물충돌,운전자법규위반,안전운전 의무 불이행,단일로,기타단일로,승용차,소형,,,1072831,1771751,128.3074652,35.93974019
2016,야간,금,1,2,1,0,0,경기,안성시,차대차,기타,기타,운전자법규위반,중앙선 침범,단일로,기타단일로,승용차,소형,승용차,중형,976671,1889280,127.2378003,37.00171746
2016,야간,금,1,1,0,0,0,서울,중랑구,차대사람,횡단중,횡단중,운전자법규위반,보행자 보호의무 위반,교차로,교차로부근,승용차,중형,보행자,보행자,962884,1955045,127.0795616,37.59406226
2016,주간,월,1,2,0,1,0,경기,파주시,차대차,정면충돌,정면충돌,운전자법규위반,중앙선 침범,단일로,기타단일로,원동기장치자전거,원동기장치자전거,화물차,중형,940188,1985492,126.819977,37.86727559
2016,야간,금,1,1,0,0,0,경기,하남시,차대사람,횡단중,횡단중,운전자법규위반,안전운전 의무 불이행,단일로,기타단일로,승용차,중형,보행자,보행자,972365,1951989,127.187073,37.56685099
2016,야간,일,1,1,0,0,0,전북,전주시,차대사람,기타,기타,운전자법규위반,안전운전 의무 불이행,단일로,기타단일로,승용차,대형,보행자,보행자,965653,1757371,127.1196713,35.81241348
2016,주간,일,1,1,0,0,0,충북,괴산군,차량단독,전도전복,전도전복,운전자법규위반,안전운전 의무 불이행,교차로,교차로부근,이륜차,대형,,,1044628,1862314,127.9999903,36.75786854
2016,주간,수,1,1,0,0,0,서울,노원구,차대사람,횡단중,횡단중,운전자법규위반,안전운전 의무 불이행,교차로,교차로부근,화물차,중형,보행자,보행자,960635,1964394,127.0535825,37.67823303
2016,야간,월,1,1,0,0,0,서울,동대문구,차대사람,횡단중,횡단중,운전자법규위반,안전운전 의무 불이행,단일로,기타단일로,승용차,경형,보행자,보행자,960648,1953780,127.0543016,37.58256755
2016,주간,금,1,1,0,0,0,경기,광명시,차대차,측면직각충돌,측면직각충돌,운전자법규위반,중앙선 침범,단일로,기타단일로,화물차,소형,이륜차,소형,944744,1933807,126.8756825,37.40173055
2016,주간,수,1,1,0,0,0,전남,광양시,차량단독,전도전복,전도전복,운전자법규위반,안전운전 의무 불이행,교차로,교차로부근,원동기장치자전거,원동기장치자전거,,,1023417,1660913,127.7564413,34.94278352
2016,주간,목,1,1,0,0,0,경기,평택시,차대사람,기타,기타,운전자법규위반,안전운전 의무 불이행,단일로,기타단일로,건설기계,건설기계,보행자,보행자,942647,1884775,126.855755,36.95964924
2016,주간,목,1,1,0,0,0,전남,영광군,차대차,측면직각충돌,측면직각충돌,운전자법규위반,안전운전 의무 불이행,교차로,교차로내,자전거,자전거,화물차,소형,904581,1694538,126.4512576,35.24171688
2016,야간,월,1,1,0,0,0,대전,대덕구,차대사람,횡단중,횡단중,운전자법규위반,안전운전 의무 불이행,단일로,기타단일로,승용차,경형,보행자,보행자,994737,1816843,127.4413455,36.34897871
2016,주간,화,1,3,0,2,0,경북,경산시,차대차,기타,기타,운전자법규위반,교차로 통행방법 위반,교차로,교차로내,승용차,경형,승용차,경형,1120395,1765421,128.8337383,35.87797915
2016,야간,수,1,1,0,0,0,충북,청주시,차대사람,기타,기타,운전자법규위반,과속,단일로,기타단일로,승용차,중형,보행자,보행자,995430,1849547,127.4488754,36.64381505
2016,주간,월,1,1,0,0,0,경기,광주시,차대차,측면직각충돌,측면직각충돌,운전자법규위반,교차로 통행방법 위반,교차로,교차로내,승합차,중형,이륜차,소형,978409,1933910,127.2560425,37.40405556
2016,주간,월,1,1,0,0,0,경기,부천시,차대차,기타,기타,운전자법규위반,안전운전 의무 불이행,단일로,기타단일로,자전거,자전거,승용차,중형,938316,1947154,126.801942,37.52162204
2016,야간,금,1,3,2,0,0,경북,안동시,차대차,기타,기타,운전자법규위반,직진 및 우회전차의 통행방해,교차로,교차로내,승용차,대형,농기계,농기계,1127288,1825026,128.9197288,36.41432506
2016,주간,월,1,2,1,0,0,전북,군산시,차대사람,횡단중,횡단중,운전자법규위반,안전운전 의무 불이행,교차로,교차로내,승용차,경형,보행자,보행자,929650,1776169,126.7195585,35.97997498
2016,주간,일,1,1,0,0,0,울산,남구,차량단독,전도전복,전도전복,운전자법규위반,안전운전 의무 불이행,단일로,기타단일로,자전거,자전거,,,1162666,1729140,129.2944908,35.54490669
2016,주간,목,1,1,0,0,0,서울,서초구,차대사람,기타,기타,운전자법규위반,안전운전 의무 불이행,단일로,기타단일로,승합차,대형,보행자,보행자,957592,1943543,127.020282,37.4901627
2016,주간,월,1,1,0,0,0,경기,남양주시,차량단독,전도전복,전도전복,운전자법규위반,안전운전 의무 불이행,단일로,기타단일로,자전거,자전거,,,971870,1972300,127.1806848,37.74990482
2016,야간,화,1,1,0,0,0,전남,여수시,차대차,추돌,진행중 추돌,운전자법규위반,안전운전 의무 불이행,단일로,기타단일로,승합차,대형,자전거,자전거,1011130,1636927,127.6215675,34.72669529
2016,주간,수,1,1,0,0,0,경북,문경시,차량단독,전도전복,전도전복,운전자법규위반,안전운전 의무 불이행,단일로,기타단일로,승용차,경형,,,1044451,1842600,127.9968636,36.58016319
2016,야간,목,1,3,0,2,0,경남,창녕군,차대차,추돌,진행중 추돌,운전자법규위반,안전운전 의무 불이행,단일로,교량위,승용차,중형,승용차,경형,1091858,1721461,128.512636,35.48477375
2016,야간,월,1,1,0,0,0,인천,남구,차대사람,횡단중,횡단중,운전자법규위반,기타(운전자법규위반),교차로,교차로부근,화물차,소형,보행자,보행자,924596,1937749,126.6476549,37.43583794
2016,야간,월,1,1,0,0,0,경기,화성시,차대사람,횡단중,횡단중,운전자법규위반,안전운전 의무 불이행,단일로,기타단일로,승용차,중형,보행자,보행자,959006,1911742,127.0380362,37.20358489
2016,주간,화,1,4,1,2,0,인천,강화군,차대차,정면충돌,정면충돌,운전자법규위반,중앙선 침범,단일로,기타단일로,승용차,경형,승용차,경형,913654,1961305,126.5212135,37.64717488
2016,야간,수,1,1,0,0,0,경기,안양시,차대사람,횡단중,횡단중,운전자법규위반,안전운전 의무 불이행,교차로,교차로부근,화물차,소형,보행자,보행자,947403,1936406,126.9055389,37.42531096
2016,주간,토,1,1,0,0,0,충남,천안시,차량단독,전도전복,전도전복,운전자법규위반,안전운전 의무 불이행,단일로,기타단일로,이륜차,소형,,,965610,1873573,127.1141996,36.85978967
2016,주간,일,1,1,0,0,0,대구,달성군,차량단독,전도전복,전도전복,운전자법규위반,안전운전 의무 불이행,단일로,기타단일로,화물차,소형,,,1085327,1741858,128.4426286,35.66910787
2016,야간,일,1,1,0,0,0,경기,의정부시,차대사람,기타,기타,운전자법규위반,안전운전 의무 불이행,단일로,횡단보도부근,승합차,대형,보행자,보행자,959835,1972863,127.0440428,37.75452986
2016,야간,화,1,1,0,0,0,경북,영천시,차대사람,횡단중,횡단중,운전자법규위반,보행자 보호의무 위반,단일로,횡단보도상,화물차,소형,보행자,보행자,1128897,1775305,128.9295008,35.96598357
2016,야간,월,1,1,0,0,0,전북,진안군,차대차,추돌,진행중 추돌,운전자법규위반,안전운전 의무 불이행,단일로,기타단일로,승용차,중형,농기계,농기계,990926,1744405,127.3997043,35.69585683
2016,야간,목,1,1,0,0,0,충북,제천시,차대사람,기타,기타,운전자법규위반,안전운전 의무 불이행,단일로,기타단일로,승용차,중형,보행자,보행자,1063559,1903678,128.2155497,37.12963577
2016,주간,목,1,1,0,0,0,대구,북구,차대차,측면직각충돌,측면직각충돌,운전자법규위반,안전운전 의무 불이행,교차로,교차로내,승용차,중형,자전거,자전거,1099202,1769945,128.599565,35.92095021
2016,야간,화,1,1,0,0,0,경기,수원시,차대사람,차도통행중,차도통행중,운전자법규위반,안전운전 의무 불이행,단일로,기타단일로,승용차,중형,보행자,보행자,957615,1921417,127.0218106,37.29073065
2016,야간,월,1,1,0,0,0,경기,시흥시,차대사람,횡단중,횡단중,운전자법규위반,신호위반,교차로,교차로내,화물차,소형,보행자,보행자,940996,1939623,126.8328727,37.45391995
2016,야간,수,1,4,2,1,0,대구,북구,차대차,정면충돌,정면충돌,운전자법규위반,중앙선 침범,단일로,기타단일로,승용차,소형,승용차,중형,1094559,1768432,128.547933,35.90795893
2016,야간,목,1,1,0,0,0,강원,양양군,차대사람,횡단중,횡단중,운전자법규위반,안전운전 의무 불이행,교차로,교차로내,승용차,중형,보행자,보행자,1105885,2004139,128.7065044,38.03111339
2016,주간,수,1,1,0,0,0,경기,고양시,차량단독,공작물충돌,공작물충돌,운전자법규위반,안전운전 의무 불이행,교차로,교차로부근,이륜차,소형,,,944530,1956974,126.8715166,37.6105246
2016,주간,목,1,1,0,0,0,경기,안양시,차대사람,횡단중,횡단중,운전자법규위반,안전운전 의무 불이행,단일로,기타단일로,승합차,소형,보행자,보행자,947893,1934462,126.9112139,37.4078168
2016,야간,금,1,1,0,0,0,부산,진구,차대사람,횡단중,횡단중,운전자법규위반,안전운전 의무 불이행,단일로,기타단일로,승용차,중형,보행자,보행자,1142578,1686773,129.0658268,35.16597386
2016,야간,목,1,1,0,0,0,경남,창원시(통합),차대차,측면직각충돌,측면직각충돌,운전자법규위반,신호위반,교차로,교차로내,승용차,중형,이륜차,소형,1091399,1693691,128.504471,35.23445536
2016,야간,수,1,1,0,0,0,경남,하동군,차대사람,횡단중,횡단중,운전자법규위반,안전운전 의무 불이행,단일로,횡단보도부근,승용차,경형,보행자,보행자,1027061,1677267,127.7968791,35.09016159
2016,주간,화,1,1,0,0,0,전남,장성군,차대차,측면직각충돌,측면직각충돌,운전자법규위반,신호위반,교차로,교차로내,화물차,대형,승용차,소형,933875,1701094,126.7726691,35.30318944
2016,야간,목,1,1,0,0,0,경기,의정부시,차대사람,횡단중,횡단중,운전자법규위반,신호위반,교차로,교차로내,승용차,중형,보행자,보행자,959137,1972744,127.036126,37.75342639
2016,야간,토,1,1,0,0,0,대구,동구,차대사람,횡단중,횡단중,운전자법규위반,신호위반,단일로,횡단보도부근,화물차,소형,보행자,보행자,1107781,1764794,128.6935309,35.87379074
2016,주간,화,1,2,1,0,0,경북,상주시,차대차,추돌,진행중 추돌,운전자법규위반,안전운전 의무 불이행,단일로,기타단일로,승용차,중형,농기계,농기계,1056974,1824476,128.1354995,36.41611634
2016,주간,화,1,1,0,0,0,서울,금천구,차대사람,기타,기타,운전자법규위반,안전운전 의무 불이행,교차로,교차로부근,승용차,중형,보행자,보행자,947157,1940990,126.9024302,37.46661373
2016,야간,목,1,2,0,0,1,서울,동대문구,차대차,추돌,진행중 추돌,운전자법규위반,안전거리 미확보,단일로,기타단일로,자전거,자전거,자전거,자전거,958300,1953007,127.0277531,37.57549691
2016,주간,월,1,2,1,0,0,충북,영동군,차대차,정면충돌,정면충돌,운전자법규위반,중앙선 침범,단일로,기타단일로,화물차,소형,건설기계,건설기계,1031154,1798599,127.8464714,36.18401219
2016,야간,토,1,1,0,0,0,대구,서구,차대사람,횡단중,횡단중,운전자법규위반,안전운전 의무 불이행,단일로,횡단보도상,승용차,중형,보행자,보행자,1097258,1764413,128.5777033,35.87140309
2016,주간,토,1,1,0,0,0,전남,나주시,차량단독,전도전복,전도전복,운전자법규위반,안전운전 의무 불이행,단일로,기타단일로,농기계,농기계,,,942057,1664611,126.8652192,34.97474176
2016,주간,수,1,1,0,0,0,전남,영암군,차대사람,횡단중,횡단중,운전자법규위반,과속,교차로,교차로부근,승용차,대형,보행자,보행자,926698,1647113,126.6985045,34.81597125
2016,야간,수,1,1,0,0,0,강원,원주시,차대사람,횡단중,횡단중,운전자법규위반,안전운전 의무 불이행,단일로,횡단보도부근,승용차,경형,보행자,보행자,1035415,1928442,127.8998908,37.35434358
2016,주간,금,1,4,2,1,0,경기,파주시,차대차,정면충돌,정면충돌,운전자법규위반,중앙선 침범,단일로,기타단일로,승용차,중형,화물차,경형,947022,1978727,126.8981664,37.80672811
2016,야간,일,1,1,0,0,0,부산,중구,차대사람,기타,기타,운전자법규위반,중앙선 침범,단일로,기타단일로,승용차,중형,보행자,보행자,1138834,1679729,129.0224199,35.10323564
2016,야간,목,1,1,0,0,0,충남,천안시,차대사람,횡단중,횡단중,운전자법규위반,안전운전 의무 불이행,단일로,기타단일로,승용차,중형,보행자,보행자,965293,1872756,127.1106808,36.85241327
2016,야간,목,1,1,0,0,0,서울,서대문구,차대사람,차도통행중,차도통행중,운전자법규위반,안전운전 의무 불이행,교차로,교차로내,승용차,소형,보행자,보행자,948036,1953683,126.9114718,37.58106754
2016,주간,월,1,1,0,0,0,강원,횡성군,차대차,측면직각충돌,측면직각충돌,운전자법규위반,안전운전 의무 불이행,교차로,교차로내,특수차,대형,자전거,자전거,1062356,1944664,128.205451,37.49913456
2016,주간,화,1,1,0,0,0,서울,용산구,차대사람,횡단중,횡단중,운전자법규위반,안전운전 의무 불이행,교차로,교차로내,승용차,중형,보행자,보행자,955952,1948373,127.0014415,37.53362019
2016,야간,일,1,1,0,0,0,대구,동구,차대사람,횡단중,횡단중,운전자법규위반,보행자 보호의무 위반,교차로,교차로내,승용차,중형,보행자,보행자,1108766,1764690,128.7048621,35.87265796
2016,야간,토,1,1,0,0,0,경북,성주군,차대사람,기타,기타,운전자법규위반,안전운전 의무 불이행,단일로,기타단일로,특수차,대형,보행자,보행자,1074295,1768685,128.3234082,35.91198955
2016,야간,일,1,1,0,0,0,서울,성동구,차대사람,횡단중,횡단중,운전자법규위반,과속,단일로,기타단일로,승용차,중형,보행자,보행자,958155,1951900,127.0252117,37.56498241
2016,야간,목,1,1,0,0,0,전북,김제시,차대사람,횡단중,횡단중,운전자법규위반,안전운전 의무 불이행,단일로,기타단일로,승합차,소형,보행자,보행자,946154,1755469,126.9039452,35.79425898
2016,주간,토,1,1,0,0,0,경북,포항시,차대사람,횡단중,횡단중,운전자법규위반,안전운전 의무 불이행,단일로,기타단일로,화물차,소형,보행자,보행자,1168329,1781292,129.3678993,36.01392873
2016,야간,토,1,1,0,0,0,경북,구미시,차대사람,횡단중,횡단중,운전자법규위반,보행자 보호의무 위반,단일로,횡단보도상,승용차,경형,보행자,보행자,1074793,1793546,128.331278,36.13607248
2016,주간,일,1,1,0,0,0,광주,북구,차대차,기타,기타,운전자법규위반,안전운전 의무 불이행,단일로,기타단일로,승용차,중형,승용차,중형,948733,1685316,126.9370728,35.16179704
2016,야간,월,1,1,0,0,0,경북,상주시,차대차,추돌,진행중 추돌,운전자법규위반,안전운전 의무 불이행,단일로,기타단일로,화물차,소형,농기계,농기계,1063079,1829735,128.2040196,36.46314231
2016,주간,화,1,1,0,0,0,전북,익산시,차대차,측면직각충돌,측면직각충돌,운전자법규위반,직진 및 우회전차의 통행방해,교차로,교차로내,승용차,중형,승용차,대형,950543,1771827,126.9516605,35.94188883
2016,야간,목,1,1,0,0,0,경기,김포시,차량단독,전도전복,전도전복,운전자법규위반,안전거리 미확보,단일로,기타단일로,이륜차,소형,,,922352,1958011,126.6201497,37.61826486
2016,야간,금,1,2,0,1,0,경북,울진군,차대차,추돌,진행중 추돌,운전자법규위반,안전운전 의무 불이행,단일로,기타단일로,승용차,소형,승용차,중형,1169108,1886856,129.3996323,36.96495677
2016,야간,화,1,1,0,0,0,전북,전주시,차대사람,횡단중,횡단중,운전자법규위반,안전운전 의무 불이행,단일로,기타단일로,승합차,대형,보행자,보행자,966035,1756665,127.1240657,35.80585091
2016,야간,수,1,2,1,0,0,경북,안동시,차대사람,횡단중,횡단중,운전자법규위반,보행자 보호의무 위반,교차로,교차로내,승용차,경형,보행자,보행자,1107801,1842116,128.7048082,36.57074696
2016,주간,목,2,2,0,0,0,경기,부천시,차대차,정면충돌,정면충돌,운전자법규위반,안전운전 의무 불이행,교차로,교차로내,승용차,중형,이륜차,중형,939183,1942296,126.8121547,37.47789439
2016,주간,화,1,2,0,1,0,경북,문경시,차대사람,횡단중,횡단중,운전자법규위반,안전운전 의무 불이행,단일로,기타단일로,이륜차,소형,보행자,보행자,1062354,1843318,128.1970261,36.5856335
2016,주간,일,1,1,0,0,0,충북,단양군,차량단독,전도전복,전도전복,운전자법규위반,안전운전 의무 불이행,기타/불명,기타/불명,농기계,농기계,,,1079356,1901452,128.3931394,37.10836571
2016,주간,수,1,1,0,0,0,충남,아산시,차대사람,횡단중,횡단중,운전자법규위반,안전운전 의무 불이행,단일로,기타단일로,승용차,중형,보행자,보행자,953077,1861422,126.9743534,36.74971686
2016,주간,목,1,2,1,0,0,전남,장흥군,차대차,정면충돌,정면충돌,운전자법규위반,중앙선 침범,단일로,기타단일로,건설기계,건설기계,승용차,대형,944342,1627597,126.8927041,34.64110677
2016,주간,목,1,2,1,0,0,경북,의성군,차대차,기타,기타,운전자법규위반,안전운전 의무 불이행,고가도로위,고가도로위,화물차,소형,농기계,농기계,1104535,1826448,128.6661936,36.42988966
2016,주간,일,1,1,0,0,0,전남,고흥군,차대차,정면충돌,정면충돌,운전자법규위반,안전운전 의무 불이행,단일로,기타단일로,농기계,농기계,이륜차,소형,983980,1623092,127.3252837,34.60186766
2016,주간,화,1,1,0,0,0,경남,창원시(통합),차대차,측면직각충돌,측면직각충돌,운전자법규위반,안전운전 의무 불이행,교차로,교차로부근,이륜차,소형,화물차,중형,1090864,1682289,128.4973354,35.13170589
2016,야간,화,1,1,0,0,0,인천,남동구,차량단독,공작물충돌,공작물충돌,운전자법규위반,안전운전 의무 불이행,단일로,교량위,이륜차,소형,,,932631,1936006,126.7386315,37.42074835
2016,주간,목,1,1,0,0,0,인천,남동구,차대차,정면충돌,정면충돌,운전자법규위반,중앙선 침범,단일로,기타단일로,자전거,자전거,승용차,중형,931182,1939142,126.7219645,37.44890631
2016,주간,월,1,1,0,0,0,전남,신안군,차대차,기타,기타,운전자법규위반,안전운전 의무 불이행,교차로,교차로내,화물차,소형,승용차,경형,884656,1651279,126.2383185,34.84963406
2016,주간,토,1,1,0,0,0,경북,칠곡군,차대사람,기타,기타,운전자법규위반,중앙선 침범,단일로,기타단일로,화물차,소형,보행자,보행자,1083715,1779729,128.4289634,36.01078792
2016,주간,금,1,3,2,0,0,세종,세종,차대차,측면직각충돌,측면직각충돌,운전자법규위반,부당한 회전,단일로,기타단일로,원동기장치자전거,원동기장치자전거,원동기장치자전거,원동기장치자전거,981146,1845570,127.2891783,36.6077869
2016,주간,일,1,1,0,0,0,경남,함양군,차대차,측면직각충돌,측면직각충돌,운전자법규위반,교차로 통행방법 위반,단일로,기타단일로,이륜차,소형,승용차,경형,1025917,1725013,127.785839,35.52071134
2016,야간,수,1,1,0,0,0,전남,순천시,차대차,기타,기타,운전자법규위반,중앙선 침범,단일로,기타단일로,원동기장치자전거,원동기장치자전거,승용차,경형,987154,1669540,127.3591889,35.0207662
2016,주간,금,1,1,0,0,0,경남,양산시,차대차,추돌,진행중 추돌,운전자법규위반,안전운전 의무 불이행,교차로,교차로부근,화물차,소형,화물차,소형,1140948,1711912,129.0520009,35.39295075
2016,주간,토,1,1,0,0,0,서울,서대문구,차대사람,횡단중,횡단중,운전자법규위반,안전운전 의무 불이행,단일로,기타단일로,승합차,대형,보행자,보행자,949128,1952038,126.9239531,37.56630201
2016,주간,일,1,1,0,0,0,제주,서귀포시,차대차,측면직각충돌,측면직각충돌,운전자법규위반,직진 및 우회전차의 통행방해,교차로,교차로내,화물차,소형,이륜차,소형,893231,1477278,126.3533672,33.28165069
2016,야간,월,1,1,0,0,0,인천,남구,차대차,측면직각충돌,측면직각충돌,운전자법규위반,부당한 회전,교차로,교차로부근,자전거,자전거,승용차,경형,924133,1940390,126.64215,37.45960272
2016,주간,월,1,1,0,0,0,서울,강서구,차대사람,횡단중,횡단중,운전자법규위반,안전운전 의무 불이행,단일로,기타단일로,승용차,경형,보행자,보행자,944363,1950610,126.870108,37.55315581
2016,야간,화,1,1,0,0,0,제주,서귀포시,차대사람,횡단중,횡단중,운전자법규위반,보행자 보호의무 위반,교차로,교차로내,승용차,경형,보행자,보행자,943955,1490831,126.8982257,33.40955478
2016,야간,목,1,1,0,0,0,제주,서귀포시,차대사람,횡단중,횡단중,운전자법규위반,안전운전 의무 불이행,단일로,기타단일로,승용차,경형,보행자,보행자,927640,1477234,126.7229087,33.28407025
2016,주간,월,1,1,0,0,0,전남,장흥군,차량단독,기타,기타,운전자법규위반,안전운전 의무 불이행,교차로,교차로부근,농기계,농기계,,,957415,1627586,127.0353421,34.64163445
2016,야간,금,1,1,0,0,0,충남,서천군,차대사람,기타,기타,운전자법규위반,안전운전 의무 불이행,단일로,기타단일로,승용차,경형,보행자,보행자,936489,1791413,126.7942773,36.11764795
2016,주간,월,1,1,0,0,0,전북,고창군,차량단독,전도전복,전도전복,운전자법규위반,안전운전 의무 불이행,단일로,기타단일로,농기계,농기계,,,928952,1724190,126.7165111,35.511085
2016,주간,수,1,1,0,0,0,경북,예천군,차량단독,도로이탈,도로이탈 기타,운전자법규위반,안전운전 의무 불이행,단일로,기타단일로,화물차,중형,,,1085763,1871400,128.4618256,36.83693615
2016,주간,금,1,1,0,0,0,경기,포천시,차량단독,전도전복,전도전복,운전자법규위반,안전운전 의무 불이행,단일로,기타단일로,이륜차,사발이,,,980055,1990869,127.2730833,37.91748388
2016,야간,금,1,1,0,0,0,경기,화성시,차대사람,횡단중,횡단중,운전자법규위반,안전운전 의무 불이행,교차로,교차로부근,승용차,소형,보행자,보행자,953163,1907090,126.9724851,37.16137777
2016,주간,화,1,1,0,0,0,전북,익산시,차대사람,횡단중,횡단중,운전자법규위반,안전운전 의무 불이행,단일로,기타단일로,화물차,대형,보행자,보행자,951291,1770828,126.9600147,35.93291981
2016,주간,토,1,1,0,0,0,경기,고양시,차대사람,차도통행중,차도통행중,운전자법규위반,안전운전 의무 불이행,교차로,교차로내,건설기계,건설기계,보행자,보행자,940928,1968296,126.8297911,37.71234316
2016,주간,목,1,1,0,0,0,서울,금천구,차대사람,횡단중,횡단중,운전자법규위반,안전운전 의무 불이행,단일로,기타단일로,승합차,경형,보행자,보행자,946752,1942258,126.8977376,37.47798757
2016,주간,목,1,2,0,1,0,제주,제주시,차대차,추돌,진행중 추돌,운전자법규위반,안전운전 의무 불이행,단일로,기타단일로,화물차,중형,승용차,경형,905984,1495364,126.4883052,33.44617603
2016,주간,수,1,1,0,0,0,전남,해남군,차대차,측면직각충돌,측면직각충돌,운전자법규위반,중앙선 침범,교차로,교차로부근,승용차,경형,이륜차,소형,921900,1620507,126.6485083,34.57571097
2016,주간,일,1,1,0,0,0,전남,함평군,차량단독,전도전복,전도전복,운전자법규위반,안전운전 의무 불이행,단일로,기타단일로,이륜차,소형,,,919092,1689861,126.6111881,35.20082583
2016,주간,일,1,2,0,1,0,충남,홍성군,차대차,측면직각충돌,측면직각충돌,운전자법규위반,안전거리 미확보,단일로,기타단일로,이륜차,소형,승용차,경형,927284,1845439,126.6869512,36.6040189
2016,야간,수,1,1,0,0,0,제주,제주시,차대사람,기타,기타,운전자법규위반,안전운전 의무 불이행,단일로,기타단일로,화물차,소형,보행자,보행자,907456,1497397,126.498706,33.46467671
2016,야간,화,1,1,0,0,0,경기,수원시,차대차,추돌,진행중 추돌,운전자법규위반,안전운전 의무 불이행,단일로,기타단일로,승용차,중형,화물차,대형,952129,1918732,126.9600926,37.2662629
2016,주간,토,1,1,0,0,0,경기,평택시,차대차,측면직각충돌,측면직각충돌,운전자법규위반,신호위반,교차로,교차로내,화물차,소형,승용차,경형,964387,1894059,127.0995142,37.04441093
2016,야간,목,1,4,1,2,0,경북,구미시,차량단독,전도전복,전도전복,운전자법규위반,안전운전 의무 불이행,단일로,기타단일로,승용차,경형,,,1076591,1786821,128.3506059,36.07530767
2016,야간,월,1,1,0,0,0,경북,포항시,차대차,기타,기타,운전자법규위반,안전운전 의무 불이행,단일로,기타단일로,승용차,중형,원동기장치자전거,원동기장치자전거,1168615,1790475,129.3730319,36.09662761
2016,주간,토,1,1,0,0,0,대전,대덕구,차대사람,횡단중,횡단중,운전자법규위반,안전운전 의무 불이행,교차로,교차로내,건설기계,건설기계,보행자,보행자,993112,1822482,127.4231855,36.39980613
2016,야간,금,1,4,0,2,1,서울,서대문구,차대사람,횡단중,횡단중,운전자법규위반,과속,단일로,기타단일로,승용차,중형,보행자,보행자,949655,1951783,126.9299378,37.56403263
2016,야간,수,1,1,0,0,0,경북,포항시,차대사람,횡단중,횡단중,운전자법규위반,안전운전 의무 불이행,교차로,교차로부근,화물차,소형,보행자,보행자,1167445,1783256,129.3585102,36.03177899
2016,주간,일,1,1,0,0,0,전북,남원시,차대차,측면직각충돌,측면직각충돌,운전자법규위반,직진 및 우회전차의 통행방해,교차로,교차로내,승용차,소형,이륜차,소형,990214,1713288,127.3925361,35.41492022
2016,주간,일,1,1,0,0,0,충남,아산시,차량단독,도로이탈,도로이탈 기타,운전자법규위반,안전운전 의무 불이행,단일로,기타단일로,이륜차,중형,,,949820,1863622,126.9377243,36.76938169
2016,주간,토,1,1,0,0,0,경기,평택시,차량단독,전도전복,전도전복,운전자법규위반,안전운전 의무 불이행,단일로,기타단일로,승용차,경형,,,967095,1888379,127.1302146,36.99330909
2016,야간,목,1,1,0,0,0,경기,수원시,차대사람,횡단중,횡단중,운전자법규위반,안전운전 의무 불이행,단일로,횡단보도상,원동기장치자전거,원동기장치자전거,보행자,보행자,957550,1919709,127.0211749,37.27533231
2016,야간,목,1,1,0,0,0,충북,청주시,차대사람,길가장자리구역통행중,길가장자리구역통행중,운전자법규위반,안전운전 의무 불이행,단일로,기타단일로,승용차,경형,보행자,보행자,1000583,1854022,127.5065254,36.6841677
2016,주간,목,1,1,0,0,0,대구,달성군,차대차,추돌,진행중 추돌,운전자법규위반,안전운전 의무 불이행,단일로,기타단일로,화물차,소형,특수차,대형,1085654,1743240,128.4466169,35.68170805
2016,야간,목,1,1,0,0,0,부산,진구,차대사람,횡단중,횡단중,운전자법규위반,안전운전 의무 불이행,단일로,기타단일로,승용차,중형,보행자,보행자,1139612,1685100,129.0327344,35.15146108
2016,주간,화,1,1,0,0,0,충남,보령시,차대사람,횡단중,횡단중,운전자법규위반,보행자 보호의무 위반,교차로,교차로부근,화물차,소형,보행자,보행자,918902,1817219,126.5961997,36.3489649
2016,야간,수,1,1,0,0,0,충남,당진시,차대사람,차도통행중,차도통행중,운전자법규위반,안전운전 의무 불이행,단일로,기타단일로,화물차,소형,보행자,보행자,931214,1877736,126.7279782,36.89543549
2016,야간,수,1,1,0,0,0,경북,상주시,차대차,정면충돌,정면충돌,운전자법규위반,중앙선 침범,교차로,교차로내,화물차,소형,이륜차,사발이,1039850,1827398,127.9446515,36.44332197
2016,주간,목,1,1,0,0,0,전남,고흥군,차대사람,기타,기타,운전자법규위반,안전운전 의무 불이행,단일로,기타단일로,화물차,소형,보행자,보행자,976878,1614713,127.2480568,34.52617034
2016,야간,수,1,1,0,0,0,대구,남구,차대차,추돌,진행중 추돌,운전자법규위반,안전운전 의무 불이행,교차로,교차로부근,화물차,소형,자전거,자전거,1095964,1759702,128.5624502,35.82912471
2016,야간,화,1,1,0,0,0,울산,울주군,차대사람,차도통행중,차도통행중,운전자법규위반,안전운전 의무 불이행,단일로,기타단일로,승용차,중형,보행자,보행자,1154781,1719069,129.2056204,35.4554029
2016,야간,월,1,1,0,0,0,서울,도봉구,차대차,측면직각충돌,측면직각충돌,운전자법규위반,신호위반,교차로,교차로내,원동기장치자전거,원동기장치자전거,승용차,중형,960734,1960792,127.054899,37.64577192
2016,야간,토,1,2,1,0,0,전북,전주시,차대사람,횡단중,횡단중,운전자법규위반,안전운전 의무 불이행,단일로,기타단일로,승용차,소형,보행자,보행자,965802,1758806,127.1214591,35.82521214
2016,야간,수,1,1,0,0,0,전북,군산시,차대사람,횡단중,횡단중,운전자법규위반,보행자 보호의무 위반,단일로,횡단보도상,화물차,소형,보행자,보행자,929020,1777273,126.7125606,35.9896581
2016,주간,목,1,1,0,0,0,전남,담양군,차대차,정면충돌,정면충돌,운전자법규위반,중앙선 침범,단일로,기타단일로,원동기장치자전거,원동기장치자전거,화물차,소형,953942,1692538,126.9938634,35.22716863
2016,야간,월,1,1,0,0,0,대구,동구,차대사람,기타,기타,운전자법규위반,과속,단일로,기타단일로,승용차,경형,보행자,보행자,1102321,1769390,128.6340627,35.9158132
2016,주간,목,1,1,0,0,0,서울,동작구,차대사람,횡단중,횡단중,운전자법규위반,보행자 보호의무 위반,교차로,교차로부근,화물차,소형,보행자,보행자,950482,1945357,126.9373967,37.50476318
2016,주간,금,1,1,0,0,0,제주,서귀포시,차량단독,전도전복,전도전복,운전자법규위반,안전운전 의무 불이행,단일로,기타단일로,승용차,경형,,,917656,1484501,126.6150366,33.34889367
2016,야간,화,1,1,0,0,0,인천,남동구,차대사람,횡단중,횡단중,운전자법규위반,안전운전 의무 불이행,단일로,기타단일로,승용차,중형,보행자,보행자,931299,1940426,126.7231675,37.46048758
2016,야간,일,1,1,0,0,0,경기,여주시,차대사람,차도통행중,차도통행중,운전자법규위반,안전운전 의무 불이행,단일로,기타단일로,화물차,소형,보행자,보행자,1003763,1912102,127.5424079,37.20772314
2016,야간,월,1,1,0,0,0,서울,금천구,차대차,측면직각충돌,측면직각충돌,운전자법규위반,신호위반,교차로,교차로내,화물차,중형,자전거,자전거,946025,1940008,126.8897017,37.45769733
2016,야간,금,1,1,0,0,0,경남,김해시,차량단독,전도전복,전도전복,운전자법규위반,안전운전 의무 불이행,단일로,기타단일로,이륜차,소형,,,1128368,1695339,128.910922,35.24525816
2016,야간,목,1,1,0,0,0,전남,여수시,차대사람,횡단중,횡단중,운전자법규위반,안전운전 의무 불이행,단일로,기타단일로,승용차,중형,보행자,보행자,1020469,1637921,127.7235965,34.73551445
2016,주간,월,1,1,0,0,0,제주,제주시,차대차,정면충돌,정면충돌,운전자법규위반,신호위반,교차로,교차로내,승용차,중형,이륜차,소형,914677,1503642,126.5812767,33.52129297
2016,주간,월,1,1,0,0,0,전북,장수군,차량단독,공작물충돌,공작물충돌,운전자법규위반,안전운전 의무 불이행,단일로,기타단일로,이륜차,사발이,,,1002532,1739084,127.5279642,35.64789095
2016,야간,화,1,1,0,0,0,서울,강남구,차대차,기타,기타,운전자법규위반,신호위반,교차로,교차로내,승용차,중형,이륜차,중형,958811,1947010,127.0338766,37.5214672
2016,주간,금,1,1,0,0,0,경기,평택시,차대차,측면직각충돌,측면직각충돌,운전자법규위반,중앙선 침범,단일로,기타단일로,원동기장치자전거,원동기장치자전거,승용차,경형,963542,1899672,127.0897395,37.09497458
2016,야간,금,1,1,0,0,0,경남,창원시(통합),차대사람,횡단중,횡단중,운전자법규위반,보행자 보호의무 위반,단일로,기타단일로,승용차,경형,보행자,보행자,1097527,1691326,128.5715269,35.21255606
2016,주간,토,1,1,0,0,0,경남,거제시,차량단독,전도전복,전도전복,운전자법규위반,안전운전 의무 불이행,기타/불명,기타/불명,승용차,경형,,,1112051,1653414,128.7259543,34.86925062
2016,야간,월,1,1,0,0,0,경남,김해시,차대사람,횡단중,횡단중,운전자법규위반,안전운전 의무 불이행,교차로,교차로부근,화물차,소형,보행자,보행자,1121341,1693785,128.8334765,35.23212514
2016,주간,월,1,1,0,0,0,광주,광산구,차대사람,횡단중,횡단중,운전자법규위반,보행자 보호의무 위반,교차로,교차로부근,승합차,중형,보행자,보행자,939361,1688218,126.8339577,35.18744129
2016,야간,월,1,1,0,0,0,충남,홍성군,차대사람,횡단중,횡단중,운전자법규위반,보행자 보호의무 위반,단일로,기타단일로,승용차,경형,보행자,보행자,924449,1842942,126.655501,36.58129031
2016,주간,수,1,1,0,0,0,광주,광산구,차량단독,공작물충돌,공작물충돌,운전자법규위반,안전운전 의무 불이행,단일로,기타단일로,화물차,중형,,,936368,1685445,126.8010896,35.16214655
2016,야간,금,1,1,0,0,0,경기,김포시,차대차,측면직각충돌,측면직각충돌,운전자법규위반,안전운전 의무 불이행,단일로,기타단일로,화물차,소형,이륜차,소형,917769,1967519,126.5671529,37.70355447
2016,야간,화,1,1,0,0,0,부산,사하구,차량단독,공작물충돌,공작물충돌,운전자법규위반,안전운전 의무 불이행,기타/불명,기타/불명,원동기장치자전거,원동기장치자전거,,,1132853,1677476,128.9586,35.1137535
2016,야간,화,1,1,0,0,0,충남,홍성군,차대사람,횡단중,횡단중,운전자법규위반,안전운전 의무 불이행,단일로,기타단일로,승용차,경형,보행자,보행자,926709,1841731,126.6808759,36.57055046
2016,야간,금,1,1,0,0,0,광주,서구,차대차,기타,기타,운전자법규위반,안전운전 의무 불이행,단일로,기타단일로,승용차,중형,이륜차,소형,941456,1683464,126.8573047,35.14470061
2016,주간,토,1,1,0,0,0,대구,서구,차대사람,횡단중,횡단중,운전자법규위반,안전운전 의무 불이행,교차로,교차로내,승용차,경형,보행자,보행자,1095608,1765024,128.5591473,35.8771353
2016,야간,화,2,2,0,0,0,부산,사상구,차대차,추돌,진행중 추돌,운전자법규위반,안전운전 의무 불이행,단일로,기타단일로,화물차,소형,화물차,대형,1134489,1688785,128.9771038,35.18539031
2016,주간,월,1,1,0,0,0,전남,구례군,차대차,측면직각충돌,측면직각충돌,운전자법규위반,신호위반,교차로,교차로내,자전거,자전거,화물차,소형,996975,1689909,127.466767,35.20451618
2016,주간,월,1,1,0,0,0,인천,강화군,차대차,측면직각충돌,측면직각충돌,운전자법규위반,안전운전 의무 불이행,단일로,기타단일로,이륜차,소형,승합차,경형,908877,1974194,126.4654577,37.76286736
2016,주간,금,1,1,0,0,0,충남,서산시,차량단독,전도전복,전도전복,운전자법규위반,안전운전 의무 불이행,단일로,기타단일로,이륜차,소형,,,911712,1865588,126.510535,36.784318
2016,주간,토,1,1,0,0,0,대구,달성군,차량단독,전도전복,전도전복,운전자법규위반,안전운전 의무 불이행,교차로,교차로부근,농기계,농기계,,,1089057,1755817,128.4854294,35.79464185
2016,야간,화,1,1,0,0,0,경기,구리시,차대차,측면직각충돌,측면직각충돌,운전자법규위반,안전운전 의무 불이행,교차로,교차로내,승합차,대형,원동기장치자전거,원동기장치자전거,968692,1954716,127.1453656,37.59131289
2016,야간,금,1,2,1,0,0,부산,사하구,차대차,기타,기타,운전자법규위반,안전운전 의무 불이행,단일로,기타단일로,이륜차,소형,화물차,중형,1133871,1676742,129.0092222,35.0836885
2016,야간,수,1,2,1,0,0,전남,곡성군,차량단독,공작물충돌,공작물충돌,운전자법규위반,안전운전 의무 불이행,교차로,교차로부근,승용차,대형,,,967782,1697812,127.1457427,35.27526408
2016,야간,일,1,1,0,0,0,충남,공주시,차대사람,횡단중,횡단중,운전자법규위반,안전운전 의무 불이행,기타/불명,기타/불명,승용차,경형,보행자,보행자,966744,1828769,127.1288648,36.45593302
2016,주간,수,1,1,0,0,0,광주,광산구,차대사람,횡단중,횡단중,운전자법규위반,안전운전 의무 불이행,교차로,교차로부근,승용차,경형,보행자,보행자,940491,1691573,126.8461262,35.21775943
2016,야간,금,1,1,0,0,0,인천,남구,차대사람,횡단중,횡단중,운전자법규위반,과속,단일로,기타단일로,승용차,중형,보행자,보행자,925233,1941114,126.6553715,37.46622821
2016,주간,금,2,3,0,1,0,전북,전주시,차대사람,횡단중,횡단중,운전자법규위반,보행자 보호의무 위반,교차로,교차로내,특수차,대형,보행자,보행자,960869,1764272,127.0665153,35.87424267
2016,주간,일,1,1,0,0,0,제주,제주시,차대차,정면충돌,정면충돌,운전자법규위반,안전운전 의무 불이행,단일로,기타단일로,이륜차,소형,화물차,소형,940414,1502652,126.8582859,33.51406903
2016,야간,화,1,1,0,0,0,경남,합천군,차대사람,횡단중,횡단중,운전자법규위반,안전운전 의무 불이행,단일로,기타단일로,승용차,중형,보행자,보행자,1047142,1725027,128.0199239,35.52005573
2016,야간,일,1,1,0,0,0,충북,제천시,차대사람,횡단중,횡단중,운전자법규위반,과속,단일로,기타단일로,승용차,중형,보행자,보행자,1066832,1905611,128.252567,37.14683062
2016,주간,일,3,5,2,0,0,충남,부여군,차대차,측면직각충돌,측면직각충돌,운전자법규위반,중앙선 침범,단일로,기타단일로,화물차,소형,승용차,중형,927213,1810860,126.689407,36.29230596
2016,주간,화,1,1,0,0,0,충북,진천군,차대차,기타,기타,운전자법규위반,안전운전 의무 불이행,단일로,기타단일로,농기계,농기계,승용차,중형,995208,1873494,127.4462414,36.85969145
2016,주간,금,1,5,2,0,2,전남,담양군,차대차,측면직각충돌,측면직각충돌,운전자법규위반,중앙선 침범,교차로,교차로부근,승용차,대형,승용차,소형,949200,1701036,126.9412293,35.30356274
2016,야간,목,2,2,0,0,0,충남,태안군,차대차,정면충돌,정면충돌,운전자법규위반,중앙선 침범,기타/불명,기타/불명,승용차,중형,승용차,중형,888740,1863569,126.2534265,36.76370167
2016,주간,월,1,1,0,0,0,강원,동해시,차량단독,기타,기타,운전자법규위반,안전운전 의무 불이행,단일로,기타단일로,자전거,자전거,,,1142723,1948066,129.1150886,37.52086064
2016,주간,수,1,2,0,1,0,전남,고흥군,차대차,측면직각충돌,측면직각충돌,운전자법규위반,교차로 통행방법 위반,교차로,교차로내,화물차,소형,화물차,소형,971339,1619674,127.187536,34.57076912
2016,야간,목,1,2,0,1,0,서울,은평구,차대차,기타,기타,운전자법규위반,부당한 회전,교차로,교차로내,자전거,자전거,승용차,중형,948422,1955664,126.9157037,37.59894412
2016,야간,일,1,1,0,0,0,경기,안산시,차대사람,차도통행중,차도통행중,운전자법규위반,안전운전 의무 불이행,단일로,기타단일로,승합차,대형,보행자,보행자,937306,1925861,126.7923217,37.32963822
2016,야간,화,1,1,0,0,0,서울,용산구,차대사람,횡단중,횡단중,운전자법규위반,안전운전 의무 불이행,단일로,횡단보도상,승용차,중형,보행자,보행자,953094,1950618,126.9689509,37.55371386
2016,주간,목,1,2,1,0,0,경기,고양시,차량단독,전도전복,전도전복,운전자법규위반,안전운전 의무 불이행,단일로,기타단일로,이륜차,소형,,,942956,1961071,126.8533641,37.64735411
2016,야간,수,1,1,0,0,0,서울,강동구,차대사람,횡단중,횡단중,운전자법규위반,안전운전 의무 불이행,단일로,기타단일로,승용차,중형,보행자,보행자,967912,1947789,127.1368337,37.52885024
2016,야간,토,1,1,0,0,0,경기,안양시,차대차,측면직각충돌,측면직각충돌,운전자법규위반,부당한 회전,단일로,기타단일로,자전거,자전거,승용차,대형,951685,1931295,126.954267,37.37947691
2016,주간,금,1,1,0,0,0,대전,중구,차대차,측면직각충돌,측면직각충돌,운전자법규위반,중앙선 침범,교차로,교차로부근,원동기장치자전거,원동기장치자전거,승용차,중형,991441,1814576,127.4046376,36.32851708
2016,야간,일,1,1,0,0,0,경북,포항시,차대사람,횡단중,횡단중,운전자법규위반,안전운전 의무 불이행,교차로,교차로내,승용차,중형,보행자,보행자,1164936,1780685,129.3301391,36.00903925
2016,주간,일,1,1,0,0,0,충남,태안군,차량단독,도로이탈,도로이탈 추락,운전자법규위반,안전운전 의무 불이행,단일로,기타단일로,이륜차,사발이,,,898125,1831772,126.3627756,36.47816357
2016,주간,목,1,1,0,0,0,경북,성주군,차대사람,기타,기타,운전자법규위반,안전운전 의무 불이행,기타/불명,기타/불명,화물차,소형,보행자,보행자,1073996,1769036,128.3201274,35.91517655
2016,주간,수,1,2,0,1,0,경북,경산시,차대차,측면직각충돌,측면직각충돌,운전자법규위반,안전운전 의무 불이행,교차로,교차로내,화물차,소형,원동기장치자전거,원동기장치자전거,1119543,1763725,128.8240477,35.86279629
2016,주간,토,1,2,1,0,0,충남,공주시,차대차,추돌,진행중 추돌,운전자법규위반,안전운전 의무 불이행,단일로,기타단일로,건설기계,건설기계,화물차,대형,968224,1823579,127.145594,36.40919477
2016,주간,일,1,1,0,0,0,경남,밀양시,차량단독,전도전복,전도전복,운전자법규위반,안전운전 의무 불이행,단일로,기타단일로,자전거,자전거,,,1114903,1719871,128.7664077,35.46804172
2016,야간,화,1,1,0,0,0,경기,평택시,차대사람,횡단중,횡단중,운전자법규위반,안전운전 의무 불이행,단일로,기타단일로,승합차,중형,보행자,보행자,949721,1886765,126.9350808,36.9779917
2016,주간,토,1,1,0,0,0,경북,예천군,차대차,측면직각충돌,측면직각충돌,운전자법규위반,안전운전 의무 불이행,교차로,교차로내,승용차,경형,원동기장치자전거,원동기장치자전거,1075334,1837254,128.3415175,36.53003511
2016,주간,일,1,3,1,1,0,전남,화순군,차량단독,전도전복,전도전복,운전자법규위반,과속,단일로,기타단일로,승용차,경형,,,951710,1675824,126.9703142,35.07635632
2016,주간,목,1,3,1,1,0,전북,장수군,차대차,추돌,진행중 추돌,운전자법규위반,과속,단일로,기타단일로,승용차,소형,농기계,농기계,1002697,1748088,127.5298226,35.72910223
2016,야간,금,1,1,0,0,0,인천,서구,차량단독,공작물충돌,공작물충돌,운전자법규위반,안전운전 의무 불이행,교차로,교차로내,승용차,중형,,,922651,1951384,126.6242375,37.5585644
2016,야간,목,1,1,0,0,0,인천,서구,차대사람,횡단중,횡단중,운전자법규위반,안전운전 의무 불이행,단일로,기타단일로,승용차,대형,보행자,보행자,926965,1946424,126.6735702,37.51421374
2016,야간,월,1,1,0,0,0,충남,서산시,차대사람,횡단중,횡단중,운전자법규위반,과속,단일로,기타단일로,승용차,경형,보행자,보행자,905250,1867055,126.4379422,36.79691596
2016,야간,일,1,1,0,0,0,충남,천안시,차대차,기타,기타,운전자법규위반,안전운전 의무 불이행,기타/불명,기타/불명,화물차,소형,승합차,대형,968611,1874950,127.1478084,36.87230708
2016,야간,월,1,1,0,0,0,대구,남구,차대사람,기타,기타,운전자법규위반,안전운전 의무 불이행,단일로,기타단일로,승용차,중형,보행자,보행자,1096761,1760208,128.5712234,35.83361509
2016,야간,수,1,1,0,0,0,강원,원주시,차대사람,기타,기타,운전자법규위반,안전운전 의무 불이행,단일로,횡단보도상,승용차,중형,보행자,보행자,1029324,1924502,127.8309532,37.31896885
2016,야간,월,1,1,0,0,0,전북,전주시,차대차,정면충돌,정면충돌,운전자법규위반,부당한 회전,교차로,교차로내,승용차,경형,이륜차,소형,965318,1759046,127.1158466,35.8274069
2016,야간,일,1,1,0,0,0,충남,공주시,차량단독,공작물충돌,공작물충돌,운전자법규위반,안전운전 의무 불이행,단일로,기타단일로,화물차,소형,,,977863,1821314,127.2531638,36.38904586
2016,야간,화,1,1,0,0,0,서울,서초구,차대사람,횡단중,횡단중,운전자법규위반,안전운전 의무 불이행,단일로,기타단일로,승용차,중형,보행자,보행자,957354,1943006,127.017621,37.48531156
2016,야간,수,1,1,0,0,0,경기,남양주시,차량단독,전도전복,전도전복,운전자법규위반,안전운전 의무 불이행,단일로,기타단일로,승용차,소형,,,976400,1958395,127.2325565,37.62470323
2016,주간,금,1,1,0,0,0,충북,충주시,차량단독,전도전복,전도전복,운전자법규위반,안전운전 의무 불이행,교차로,교차로내,원동기장치자전거,원동기장치자전거,,,1041091,1899081,127.9623617,37.08945548
2016,주간,일,1,1,0,0,0,경북,안동시,차대차,정면충돌,정면충돌,운전자법규위반,신호위반,교차로,교차로내,승용차,중형,화물차,중형,1110610,1840297,128.7359344,36.55403095
2016,야간,토,1,1,0,0,0,인천,옹진군,차대사람,길가장자리구역통행중,길가장자리구역통행중,운전자법규위반,안전운전 의무 불이행,단일로,기타단일로,승용차,중형,보행자,보행자,756184,2000094,124.7244367,37.9680867
2016,야간,화,1,1,0,0,0,경남,함안군,차대사람,기타,기타,운전자법규위반,안전운전 의무 불이행,교차로,교차로부근,화물차,소형,보행자,보행자,1077846,1694714,128.355637,35.24482319
2016,야간,수,1,4,3,0,0,경기,광주시,차대차,추돌,진행중 추돌,운전자법규위반,안전운전 의무 불이행,단일로,기타단일로,승용차,소형,화물차,소형,976603,1932815,127.2356713,37.39414167
2016,주간,화,1,1,0,0,0,전남,강진군,차대차,측면직각충돌,측면직각충돌,운전자법규위반,과속,교차로,교차로내,화물차,소형,원동기장치자전거,원동기장치자전거,936191,1617722,126.8045149,34.55158491
2016,야간,수,1,2,1,0,0,충남,당진시,차대차,정면충돌,정면충돌,운전자법규위반,중앙선 침범,단일로,기타단일로,승용차,경형,승용차,대형,938751,1876109,126.8126955,36.88128929
2016,주간,월,1,1,0,0,0,충남,부여군,차대차,추돌,진행중 추돌,운전자법규위반,안전운전 의무 불이행,단일로,기타단일로,화물차,중형,화물차,소형,956482,1805082,127.0156692,36.24198147
2016,야간,수,1,1,0,0,0,서울,구로구,차대사람,횡단중,횡단중,운전자법규위반,안전운전 의무 불이행,교차로,교차로부근,승용차,중형,보행자,보행자,943065,1943791,126.8559421,37.49161644
2016,주간,일,1,2,1,0,0,전북,전주시,차대차,측면직각충돌,측면직각충돌,운전자법규위반,부당한 회전,단일로,기타단일로,승용차,중형,승용차,중형,964788,1763783,127.1099498,35.86998269
2016,주간,일,1,1,0,0,0,강원,고성군,차량단독,전도전복,전도전복,운전자법규위반,안전운전 의무 불이행,단일로,기타단일로,승용차,경형,,,1082317,2049484,128.443867,38.44262176
2016,야간,일,1,1,0,0,0,인천,남구,차대사람,차도통행중,차도통행중,운전자법규위반,안전운전 의무 불이행,단일로,기타단일로,화물차,소형,보행자,보행자,925355,1938578,126.6561496,37.44337109
2016,야간,목,1,3,1,1,0,경기,양주시,차대차,측면직각충돌,측면직각충돌,운전자법규위반,중앙선 침범,단일로,기타단일로,승용차,소형,승용차,중형,954284,1980939,126.9805202,37.82705701
2016,야간,월,1,2,1,0,0,세종,세종,차대차,추돌,진행중 추돌,운전자법규위반,안전운전 의무 불이행,단일로,기타단일로,승용차,경형,자전거,자전거,980140,1844137,127.2779666,36.59484802
2016,야간,월,1,3,2,0,0,경북,칠곡군,차대차,추돌,진행중 추돌,운전자법규위반,안전운전 의무 불이행,단일로,기타단일로,승용차,경형,건설기계,건설기계,1089129,1772501,128.4882207,35.94514984
2016,주간,토,1,2,0,0,1,전남,나주시,차량단독,도로이탈,도로이탈 기타,운전자법규위반,안전운전 의무 불이행,단일로,기타단일로,원동기장치자전거,원동기장치자전거,,,920454,1665757,126.6284642,34.98360691
2016,야간,금,1,1,0,0,0,전북,전주시,차대사람,횡단중,횡단중,운전자법규위반,과속,단일로,기타단일로,승용차,경형,보행자,보행자,965927,1758518,127.1227913,35.82255386
2016,주간,월,1,1,0,0,0,경남,남해군,차대사람,횡단중,횡단중,운전자법규위반,안전운전 의무 불이행,단일로,기타단일로,승용차,경형,보행자,보행자,1049994,1638942,128.0461691,34.74370225
2016,야간,수,1,1,0,0,0,경북,성주군,차량단독,전도전복,전도전복,운전자법규위반,안전운전 의무 불이행,단일로,기타단일로,자전거,자전거,,,1071046,1769766,128.2874994,35.92197651
2016,주간,월,1,1,0,0,0,전남,영암군,차대차,측면직각충돌,측면직각충돌,운전자법규위반,부당한 회전,교차로,교차로내,이륜차,사발이,화물차,소형,926693,1647238,126.6984389,34.817098
2016,야간,일,1,1,0,0,0,전북,남원시,차대차,측면직각충돌,측면직각충돌,운전자법규위반,과속,교차로,교차로내,승용차,중형,농기계,농기계,988303,1704708,127.3712847,35.33789535
2016,야간,금,2,2,0,0,0,충남,부여군,차량단독,전도전복,전도전복,운전자법규위반,안전운전 의무 불이행,단일로,기타단일로,승용차,중형,,,954985,1806634,126.9989196,36.25590449
2016,야간,금,1,2,1,0,0,경북,청송군,차대차,정면충돌,정면충돌,운전자법규위반,중앙선 침범,단일로,기타단일로,승용차,경형,화물차,소형,1128587,1811986,128.9320586,36.2966279
2016,야간,토,1,1,0,0,0,서울,강동구,차대차,기타,기타,운전자법규위반,신호위반,교차로,교차로내,승용차,중형,원동기장치자전거,원동기장치자전거,968585,1950653,127.1443278,37.55468788
2016,야간,목,1,2,0,1,0,경남,창원시(통합),차대사람,횡단중,횡단중,운전자법규위반,안전운전 의무 불이행,교차로,교차로부근,승합차,경형,보행자,보행자,1097798,1692029,128.5745874,35.2188676
2016,주간,화,1,1,0,0,0,전북,김제시,차대사람,횡단중,횡단중,운전자법규위반,안전운전 의무 불이행,단일로,기타단일로,화물차,중형,보행자,보행자,941316,1762874,126.8518276,35.86041936
2016,야간,토,1,2,1,0,0,전남,순천시,차대사람,횡단중,횡단중,운전자법규위반,보행자 보호의무 위반,단일로,횡단보도상,승용차,소형,보행자,보행자,1001667,1662342,127.5182584,34.95593885
2016,야간,토,1,8,4,3,0,충북,청주시,차량단독,도로이탈,도로이탈 추락,운전자법규위반,안전운전 의무 불이행,단일로,기타단일로,화물차,소형,,,1001040,1850930,127.5116364,36.65629315
2016,주간,수,1,1,0,0,0,부산,강서구,차량단독,공작물충돌,공작물충돌,운전자법규위반,안전운전 의무 불이행,단일로,기타단일로,승합차,소형,,,1128952,1678167,128.9182929,35.09064422
2016,주간,토,1,1,0,0,0,충북,충주시,차대사람,횡단중,횡단중,운전자법규위반,안전운전 의무 불이행,교차로,교차로부근,승용차,경형,보행자,보행자,1038884,1887750,127.9369432,36.98741084
2016,야간,월,1,1,0,0,0,서울,관악구,차대사람,길가장자리구역통행중,길가장자리구역통행중,운전자법규위반,안전운전 의무 불이행,단일로,기타단일로,승용차,중형,보행자,보행자,951161,1942640,126.9478069,37.4816907
2016,주간,일,1,1,0,0,0,광주,동구,차대차,기타,기타,운전자법규위반,신호위반,교차로,교차로내,원동기장치자전거,원동기장치자전거,승용차,중형,949175,1677559,126.9424028,35.09187599
2016,야간,일,1,1,0,0,0,서울,영등포구,차대사람,기타,기타,운전자법규위반,안전운전 의무 불이행,단일로,기타단일로,승합차,중형,보행자,보행자,947380,1946361,126.9045677,37.51503631
2016,야간,월,1,1,0,0,0,서울,은평구,차대차,측면직각충돌,측면직각충돌,운전자법규위반,안전운전 의무 불이행,교차로,교차로내,자전거,자전거,화물차,소형,948463,1956799,126.9160882,37.60917622
2016,야간,수,1,2,0,1,0,경남,거제시,차대차,측면직각충돌,측면직각충돌,운전자법규위반,신호위반,교차로,교차로내,승용차,중형,이륜차,소형,1104353,1656320,128.642108,34.89627055
2016,야간,목,1,1,0,0,0,인천,남구,차대사람,횡단중,횡단중,운전자법규위반,안전운전 의무 불이행,단일로,횡단보도상,승용차,중형,보행자,보행자,925596,1939861,126.6587443,37.45495389
2016,야간,금,1,1,0,0,0,인천,남동구,차대차,추돌,진행중 추돌,운전자법규위반,안전운전 의무 불이행,단일로,기타단일로,승용차,경형,승용차,중형,930536,1937091,126.7148549,37.43037253
2016,야간,토,1,1,0,0,0,대전,중구,차대차,측면직각충돌,측면직각충돌,운전자법규위반,안전운전 의무 불이행,교차로,교차로부근,승용차,중형,자전거,자전거,991897,1816665,127.4096965,36.34735424
2016,야간,화,1,1,0,0,0,경북,경산시,차량단독,전도전복,전도전복,운전자법규위반,안전운전 의무 불이행,단일로,기타단일로,이륜차,소형,,,1123587,1752788,128.8671362,35.76371209
2016,주간,금,1,3,0,2,0,부산,동래구,차량단독,전도전복,전도전복,운전자법규위반,안전운전 의무 불이행,단일로,기타단일로,이륜차,중형,,,1144079,1691871,129.0829424,35.21186728
2016,야간,화,1,1,0,0,0,충남,부여군,차대사람,횡단중,횡단중,운전자법규위반,안전운전 의무 불이행,교차로,교차로내,승용차,중형,보행자,보행자,946977,1808914,126.9096286,36.27605222
2016,야간,토,1,1,0,0,0,울산,남구,차대사람,횡단중,횡단중,운전자법규위반,안전운전 의무 불이행,교차로,교차로부근,승용차,경형,보행자,보행자,1160523,1729978,129.2710261,35.55280844
2016,주간,월,1,1,0,0,0,전남,광양시,차대사람,횡단중,횡단중,운전자법규위반,안전운전 의무 불이행,교차로,교차로부근,승합차,중형,보행자,보행자,1020337,1663130,127.7227663,34.96284171
2016,주간,월,1,2,1,0,0,제주,서귀포시,차대차,정면충돌,정면충돌,운전자법규위반,중앙선 침범,단일로,기타단일로,승용차,경형,화물차,소형,900189,1478580,126.4091373,33.29528749
2016,주간,목,1,1,0,0,0,충남,청양군,차대차,측면직각충돌,측면직각충돌,운전자법규위반,직진 및 우회전차의 통행방해,교차로,교차로내,화물차,대형,자전거,자전거,950917,1817212,126.9529733,36.3510677
2016,주간,금,1,1,0,0,0,경기,성남시,차대차,정면충돌,정면충돌,운전자법규위반,안전운전 의무 불이행,단일로,기타단일로,승용차,경형,승용차,경형,968521,1930695,127.1444561,37.37479334
2016,야간,금,1,1,0,0,0,경북,예천군,차량단독,공작물충돌,공작물충돌,운전자법규위반,안전운전 의무 불이행,단일로,기타단일로,승합차,경형,,,1070578,1844929,128.2890988,36.59958235
2016,주간,화,1,1,0,0,0,충남,천안시,차대차,측면직각충돌,측면직각충돌,운전자법규위반,안전운전 의무 불이행,교차로,교차로부근,화물차,소형,자전거,자전거,966436,1875595,127.1233764,36.87804657
2016,야간,화,1,1,0,0,0,경기,오산시,차대사람,횡단중,횡단중,운전자법규위반,안전운전 의무 불이행,단일로,기타단일로,화물차,소형,보행자,보행자,961963,1905655,127.0716678,37.14884249
2016,야간,월,1,1,0,0,0,강원,원주시,차대사람,기타,기타,운전자법규위반,안전운전 의무 불이행,기타/불명,기타/불명,승용차,경형,보행자,보행자,1039226,1925989,127.942792,37.33207983
2016,야간,토,2,2,0,0,0,강원,강릉시,차대사람,기타,기타,운전자법규위반,과속,단일로,기타단일로,승용차,중형,보행자,보행자,1125324,1975678,128.9229962,37.77219125
2016,주간,토,1,1,0,0,0,강원,평창군,차량단독,전도전복,전도전복,운전자법규위반,안전운전 의무 불이행,단일로,기타단일로,이륜차,대형,,,1078797,1924102,128.3892412,37.31255791
2016,야간,금,1,1,0,0,0,서울,동작구,차대차,기타,기타,운전자법규위반,부당한 회전,교차로,교차로내,자전거,자전거,승용차,중형,949230,1946077,126.9255204,37.51258024
2016,주간,월,1,2,0,0,1,서울,송파구,차대차,정면충돌,정면충돌,운전자법규위반,신호위반,교차로,교차로내,화물차,소형,이륜차,중형,967120,1944810,127.1280034,37.50197126
2016,야간,금,1,3,1,1,0,경남,창원시(통합),차대차,측면직각충돌,측면직각충돌,운전자법규위반,안전운전 의무 불이행,단일로,기타단일로,이륜차,소형,이륜차,소형,1107240,1694843,128.6786827,35.24327108
2016,주간,화,2,3,0,1,0,경기,여주시,차대차,정면충돌,정면충돌,운전자법규위반,안전운전 의무 불이행,교차로,교차로내,승용차,소형,승용차,소형,1006535,1915029,127.5736732,37.23409206
2016,야간,월,1,2,0,1,0,제주,제주시,차대차,측면직각충돌,측면직각충돌,운전자법규위반,직진 및 우회전차의 통행방해,교차로,교차로내,승용차,경형,승용차,중형,903058,1500612,126.4564336,33.49296997
2016,주간,수,1,1,0,0,0,경북,구미시,차량단독,전도전복,전도전복,운전자법규위반,안전운전 의무 불이행,단일로,기타단일로,이륜차,소형,,,1076972,1789680,128.3551159,36.1010509
2016,주간,토,1,1,0,0,0,경기,부천시,차대차,측면직각충돌,측면직각충돌,운전자법규위반,안전운전 의무 불이행,교차로,교차로내,승용차,중형,이륜차,소형,936585,1947721,126.7823053,37.52661497
2016,야간,화,1,1,0,0,0,충남,천안시,차대차,추돌,진행중 추돌,운전자법규위반,안전운전 의무 불이행,단일로,기타단일로,승용차,중형,화물차,대형,976204,1880647,127.2328237,36.92388454
2016,야간,토,1,2,0,1,0,강원,춘천시,차량단독,공작물충돌,공작물충돌,운전자법규위반,안전운전 의무 불이행,단일로,기타단일로,승용차,대형,,,1020397,1985676,127.7319123,37.8706694
2016,주간,금,1,1,0,0,0,강원,영월군,차대사람,횡단중,횡단중,운전자법규위반,안전운전 의무 불이행,단일로,기타단일로,승합차,대형,보행자,보행자,1085892,1909858,128.4676567,37.18355142
2016,야간,목,1,1,0,0,0,경기,의정부시,차대차,측면직각충돌,측면직각충돌,운전자법규위반,안전운전 의무 불이행,교차로,교차로부근,이륜차,소형,승용차,경형,959609,1970470,127.0416103,37.73295178
2016,야간,수,1,2,0,1,0,충남,천안시,차량단독,공작물충돌,공작물충돌,운전자법규위반,안전운전 의무 불이행,단일로,교량위,승용차,중형,,,978952,1862069,127.2641921,36.75647676
2016,야간,목,1,2,1,0,0,충북,청주시,차대차,측면직각충돌,측면직각충돌,운전자법규위반,과속,교차로,교차로내,승용차,경형,화물차,소형,986907,1849696,127.3535261,36.6450792
2016,야간,일,1,1,0,0,0,경남,진주시,차대사람,기타,기타,운전자법규위반,안전운전 의무 불이행,교차로,교차로내,화물차,소형,보행자,보행자,1053945,1689091,128.0925781,35.19569486
2016,야간,토,1,1,0,0,0,경기,양주시,차량단독,전도전복,전도전복,운전자법규위반,안전운전 의무 불이행,단일로,기타단일로,이륜차,소형,,,960966,1975644,127.0567321,37.77964394
2016,야간,월,1,1,0,0,0,전남,강진군,차대사람,횡단중,횡단중,운전자법규위반,안전운전 의무 불이행,단일로,기타단일로,승용차,중형,보행자,보행자,937711,1634540,126.8198446,34.70333209
2016,주간,화,1,2,1,0,0,경남,사천시,차량단독,전도전복,전도전복,운전자법규위반,안전운전 의무 불이행,단일로,기타단일로,승용차,대형,,,1053016,1675682,128.0815133,35.07483845
2016,주간,화,1,1,0,0,0,경기,평택시,차대사람,기타,기타,운전자법규위반,안전운전 의무 불이행,단일로,기타단일로,승합차,소형,보행자,보행자,962095,1895051,127.0736901,37.05326313
2016,야간,토,1,1,0,0,0,서울,영등포구,차대사람,횡단중,횡단중,운전자법규위반,안전운전 의무 불이행,단일로,기타단일로,승용차,중형,보행자,보행자,947533,1944637,126.9060141,37.49957638
2016,주간,목,1,1,0,0,0,대전,중구,차대사람,횡단중,횡단중,운전자법규위반,안전운전 의무 불이행,단일로,기타단일로,승용차,경형,보행자,보행자,991734,1814274,127.4079053,36.32579697
2016,주간,수,1,1,0,0,0,광주,광산구,차대사람,횡단중,횡단중,운전자법규위반,안전운전 의무 불이행,교차로,교차로부근,승용차,중형,보행자,보행자,935398,1682410,126.7908868,35.13482621
2016,주간,화,1,1,0,0,0,서울,성동구,차대사람,횡단중,횡단중,운전자법규위반,안전운전 의무 불이행,단일로,기타단일로,승용차,경형,보행자,보행자,957560,1950040,127.0195447,37.54872077
2016,주간,목,1,1,0,0,0,경북,구미시,차대차,측면직각충돌,측면직각충돌,운전자법규위반,신호위반,교차로,교차로부근,승용차,중형,자전거,자전거,1082115,1793724,128.4126672,36.13708466
2016,야간,목,1,1,0,0,0,경기,용인시,차량단독,공작물충돌,공작물충돌,운전자법규위반,안전운전 의무 불이행,단일로,기타단일로,승용차,소형,,,960884,1925502,127.0584753,37.32769482
2016,야간,금,1,1,0,0,0,경기,안양시,차대사람,차도통행중,차도통행중,운전자법규위반,안전운전 의무 불이행,단일로,기타단일로,승용차,대형,보행자,보행자,947532,1936259,126.9070073,37.42399333
2016,야간,화,1,1,0,0,0,경기,용인시,차대차,기타,기타,운전자법규위반,안전운전 의무 불이행,단일로,기타단일로,승용차,중형,승용차,중형,965100,1914627,127.1065732,37.22983785
2016,야간,토,2,3,1,0,0,경북,포항시,차대차,추돌,진행중 추돌,운전자법규위반,안전운전 의무 불이행,단일로,기타단일로,승용차,대형,승용차,대형,1147385,1785802,129.1364218,36.05796792
2016,야간,토,1,1,0,0,0,경남,거제시,차대차,정면충돌,정면충돌,운전자법규위반,중앙선 침범,단일로,기타단일로,화물차,소형,승합차,대형,1101402,1655346,128.6096976,34.88778822
2016,주간,토,1,1,0,0,0,서울,강서구,차대차,측면직각충돌,측면직각충돌,운전자법규위반,신호위반,교차로,교차로내,이륜차,소형,승합차,대형,942086,1951145,126.8445032,37.55799275
2016,야간,토,1,1,0,0,0,충남,당진시,차대사람,기타,기타,운전자법규위반,안전운전 의무 불이행,교차로,교차로내,승용차,중형,보행자,보행자,922726,1878365,126.6326581,36.90044789
2016,야간,토,1,1,0,0,0,강원,원주시,차량단독,공작물충돌,공작물충돌,운전자법규위반,안전운전 의무 불이행,단일로,기타단일로,승합차,중형,,,1042246,1923474,127.9767382,37.30927807
2016,야간,목,1,1,0,0,0,서울,양천구,차대차,측면직각충돌,측면직각충돌,운전자법규위반,신호위반,교차로,교차로부근,자전거,자전거,자전거,자전거,944324,1947670,126.8698895,37.52665506
2016,주간,목,2,6,2,2,0,인천,부평구,차대차,추돌,진행중 추돌,운전자법규위반,안전운전 의무 불이행,단일로,기타단일로,승합차,대형,화물차,중형,931437,1947456,126.7240726,37.52385817
2016,야간,토,1,3,1,1,0,경북,김천시,차대차,추돌,진행중 추돌,운전자법규위반,안전운전 의무 불이행,단일로,기타단일로,화물차,소형,화물차,중형,1052705,1793183,128.0857732,36.13425215
2016,주간,일,1,2,0,0,1,서울,서초구,차대차,추돌,진행중 추돌,운전자법규위반,안전운전 의무 불이행,단일로,기타단일로,승용차,중형,화물차,소형,960482,1939017,127.0467514,37.45652739
2016,야간,금,1,1,0,0,0,부산,사상구,차대사람,횡단중,횡단중,운전자법규위반,안전운전 의무 불이행,교차로,교차로부근,화물차,소형,보행자,보행자,1135098,1685538,128.9832641,35.15603051
2016,야간,토,5,5,0,0,0,대구,달성군,차량단독,전도전복,전도전복,운전자법규위반,과속,단일로,기타단일로,승용차,경형,,,1084722,1747358,128.436696,35.7188784
2016,주간,월,1,1,0,0,0,인천,남구,차대사람,횡단중,횡단중,운전자법규위반,보행자 보호의무 위반,교차로,교차로부근,건설기계,건설기계,보행자,보행자,924827,1940043,126.6500319,37.456532
2016,야간,금,1,1,0,0,0,서울,성북구,차대사람,기타,기타,운전자법규위반,안전운전 의무 불이행,단일로,기타단일로,승용차,중형,보행자,보행자,958648,1956355,127.0315049,37.6056889
2016,야간,수,1,1,0,0,0,경기,고양시,차대사람,기타,기타,운전자법규위반,안전운전 의무 불이행,교차로,교차로부근,건설기계,건설기계,보행자,보행자,944597,1960608,126.8720001,37.64328163
2016,야간,목,1,1,0,0,0,경북,경산시,차량단독,전도전복,전도전복,운전자법규위반,안전운전 의무 불이행,단일로,기타단일로,승용차,경형,,,1119544,1774900,128.8257385,35.96352379
2016,주간,월,1,3,1,1,0,인천,중구,차대차,추돌,진행중 추돌,운전자법규위반,안전운전 의무 불이행,교차로,교차로부근,화물차,소형,승용차,중형,923104,1941430,126.6304075,37.46889087
2016,주간,월,1,1,0,0,0,경기,여주시,차대차,측면직각충돌,측면직각충돌,운전자법규위반,안전운전 의무 불이행,단일로,기타단일로,승용차,중형,농기계,농기계,1011388,1926150,127.6285544,37.33428979
2016,야간,일,1,1,0,0,0,경기,포천시,차대사람,횡단중,횡단중,운전자법규위반,안전운전 의무 불이행,단일로,기타단일로,승용차,경형,보행자,보행자,981151,1983872,127.2857353,37.85444321
2016,주간,목,2,5,3,0,0,경기,안성시,차대차,추돌,진행중 추돌,운전자법규위반,안전운전 의무 불이행,단일로,기타단일로,승용차,중형,화물차,소형,973433,1894809,127.2012129,37.05147137
2016,야간,금,1,1,0,0,0,울산,남구,차대사람,기타,기타,운전자법규위반,안전운전 의무 불이행,단일로,기타단일로,승용차,경형,보행자,보행자,1166766,1726358,129.339128,35.51915388
2016,야간,월,1,1,0,0,0,서울,도봉구,차대사람,차도통행중,차도통행중,운전자법규위반,안전운전 의무 불이행,교차로,교차로부근,승합차,소형,보행자,보행자,959882,1961546,127.0452,37.65253101
2016,야간,일,1,1,0,0,0,광주,북구,차대사람,횡단중,횡단중,운전자법규위반,안전운전 의무 불이행,교차로,교차로내,승용차,중형,보행자,보행자,945231,1684971,126.8986445,35.15850151
2016,야간,월,1,1,0,0,0,서울,영등포구,차대사람,차도통행중,차도통행중,운전자법규위반,안전운전 의무 불이행,단일로,기타단일로,화물차,경형,보행자,보행자,945862,1949597,126.8869864,37.54465302
2016,야간,목,1,1,0,0,0,충남,공주시,차량단독,공작물충돌,공작물충돌,운전자법규위반,안전운전 의무 불이행,단일로,기타단일로,화물차,대형,,,965872,1838390,127.1187086,36.54263558
2016,주간,토,1,1,0,0,0,부산,영도구,차대사람,기타,기타,운전자법규위반,신호위반,단일로,기타단일로,건설기계,건설기계,보행자,보행자,1140327,1678856,129.0399187,35.09470979
2016,주간,토,1,1,0,0,0,부산,사하구,차대차,측면직각충돌,측면직각충돌,운전자법규위반,안전운전 의무 불이행,기타/불명,기타/불명,승용차,경형,이륜차,중형,1133137,1679527,128.960772,35.10210265
2016,주간,화,1,1,0,0,0,부산,북구,차대사람,횡단중,횡단중,운전자법규위반,안전운전 의무 불이행,단일로,횡단보도상,승합차,중형,보행자,보행자,1136835,1691516,129.0033212,35.2096771
2016,주간,금,1,1,0,0,0,부산,진구,차대차,측면직각충돌,측면직각충돌,운전자법규위반,안전운전 의무 불이행,단일로,기타단일로,화물차,대형,자전거,자전거,1142985,1687745,129.0701847,35.17476939
2016,주간,금,1,2,0,0,1,경북,경주시,차대차,정면충돌,정면충돌,운전자법규위반,중앙선 침범,단일로,기타단일로,승용차,경형,화물차,소형,1145782,1778049,129.1172012,35.98833713
2016,주간,금,1,1,0,0,0,경기,부천시,차대차,측면직각충돌,측면직각충돌,운전자법규위반,중앙선 침범,단일로,기타단일로,자전거,자전거,승합차,대형,935957,1943802,126.7755399,37.49124989
2016,주간,금,1,1,0,0,0,충남,홍성군,차대사람,횡단중,횡단중,운전자법규위반,안전운전 의무 불이행,단일로,기타단일로,화물차,소형,보행자,보행자,925473,1845181,126.6667291,36.60155341
2016,야간,금,1,1,0,0,0,광주,서구,차대사람,횡단중,횡단중,운전자법규위반,신호위반,단일로,횡단보도상,승용차,중형,보행자,보행자,943251,1684876,126.8769121,35.15753507
2016,주간,토,1,1,0,0,0,경북,칠곡군,차량단독,기타,기타,운전자법규위반,안전운전 의무 불이행,단일로,기타단일로,자전거,자전거,,,1089839,1767815,128.4955621,35.90284192
2016,야간,토,1,1,0,0,0,경남,창원시(통합),차대차,정면충돌,정면충돌,운전자법규위반,중앙선 침범,단일로,기타단일로,승용차,중형,원동기장치자전거,원동기장치자전거,1109229,1682012,128.6988395,35.1273824
2016,야간,토,1,1,0,0,0,경남,고성군,차대사람,길가장자리구역통행중,길가장자리구역통행중,운전자법규위반,안전운전 의무 불이행,단일로,기타단일로,화물차,소형,보행자,보행자,1069521,1678289,128.2627569,35.0973414
2016,야간,수,1,1,0,0,0,광주,남구,차대사람,기타,기타,운전자법규위반,과속,단일로,기타단일로,승용차,중형,보행자,보행자,945002,1682679,126.8962829,35.13782269
2016,야간,토,1,1,0,0,0,서울,마포구,차대차,정면충돌,정면충돌,운전자법규위반,신호위반,교차로,교차로내,승용차,경형,이륜차,소형,950702,1949987,126.9419133,37.54790165
2016,야간,목,1,1,0,0,0,경기,용인시,차대사람,차도통행중,차도통행중,운전자법규위반,안전운전 의무 불이행,단일로,기타단일로,승합차,대형,보행자,보행자,964913,1919457,127.1042375,37.27336763
2016,주간,금,1,1,0,0,0,서울,중랑구,차대사람,차도통행중,차도통행중,운전자법규위반,안전운전 의무 불이행,단일로,기타단일로,화물차,소형,보행자,보행자,965063,1955759,127.10421,37.6005831
2016,주간,일,1,1,0,0,0,전북,익산시,차량단독,전도전복,전도전복,운전자법규위반,안전운전 의무 불이행,단일로,기타단일로,이륜차,대형,,,962986,1786064,127.0889491,36.0707963
2016,야간,일,1,1,0,0,0,서울,금천구,차대사람,기타,기타,운전자법규위반,안전운전 의무 불이행,교차로,교차로내,승합차,중형,보행자,보행자,947792,1939212,126.9097366,37.45062426
2016,주간,금,1,1,0,0,0,광주,남구,차대사람,보도통행중,보도통행중,운전자법규위반,기타(운전자법규위반),단일로,기타단일로,승용차,경형,보행자,보행자,945219,1681788,126.8985682,35.12992608
2016,야간,토,1,1,0,0,0,부산,북구,차대사람,횡단중,횡단중,운전자법규위반,안전운전 의무 불이행,단일로,기타단일로,승용차,중형,보행자,보행자,1136103,1690083,128.9948944,35.19692269
2016,야간,일,1,1,0,0,0,경기,수원시,차대사람,횡단중,횡단중,운전자법규위반,안전운전 의무 불이행,교차로,교차로내,이륜차,소형,보행자,보행자,954000,1919701,126.9811337,37.27509147
2016,주간,목,1,1,0,0,0,경남,김해시,차대사람,횡단중,횡단중,운전자법규위반,중앙선 침범,단일로,기타단일로,승용차,중형,보행자,보행자,1125974,1694263,128.8844511,35.2358625
2016,야간,수,1,1,0,0,0,서울,종로구,차대사람,차도통행중,차도통행중,운전자법규위반,안전운전 의무 불이행,단일로,기타단일로,승용차,중형,보행자,보행자,952405,1956316,126.9607804,37.60503542
2016,야간,수,1,1,0,0,0,광주,서구,차량단독,기타,기타,운전자법규위반,안전운전 의무 불이행,단일로,기타단일로,승합차,중형,,,943090,1682519,126.8753068,35.13627364
2016,주간,토,1,6,0,4,1,경기,가평군,차대차,정면충돌,정면충돌,운전자법규위반,중앙선 침범,단일로,교량위,화물차,소형,승합차,대형,997227,1964433,127.4685523,37.67942524
2016,야간,수,1,1,0,0,0,세종,세종,차대사람,기타,기타,운전자법규위반,안전운전 의무 불이행,기타/불명,기타/불명,승용차,중형,보행자,보행자,974481,1851592,127.2144521,36.66191932
2016,야간,일,1,1,0,0,0,강원,춘천시,차대사람,차도통행중,차도통행중,운전자법규위반,안전운전 의무 불이행,단일로,기타단일로,승용차,중형,보행자,보행자,1019924,1987145,127.7265749,37.88391999
2016,야간,토,1,1,0,0,0,경기,광주시,차대사람,횡단중,횡단중,운전자법규위반,안전운전 의무 불이행,교차로,교차로내,승용차,중형,보행자,보행자,977097,1941927,127.2409693,37.4762866
2016,주간,토,1,1,0,0,0,충남,아산시,차량단독,기타,기타,운전자법규위반,안전운전 의무 불이행,단일로,기타단일로,이륜차,소형,,,943530,1867648,126.8669489,36.80531891
2016,주간,화,4,6,2,0,0,충북,음성군,차대차,측면직각충돌,측면직각충돌,운전자법규위반,중앙선 침범,교차로,교차로부근,승용차,중형,승용차,중형,1017621,1881174,127.6978575,36.92877088
2016,야간,목,1,1,0,0,0,서울,강북구,차대사람,기타,기타,운전자법규위반,안전운전 의무 불이행,기타/불명,기타/불명,화물차,소형,보행자,보행자,958128,1960335,127.0253857,37.64153777
2016,야간,월,1,1,0,0,0,충남,논산시,차대사람,횡단중,횡단중,운전자법규위반,안전운전 의무 불이행,단일로,기타단일로,화물차,소형,보행자,보행자,960667,1802558,127.0623714,36.21940626
2016,주간,화,1,2,0,1,0,충남,태안군,차대차,측면직각충돌,측면직각충돌,운전자법규위반,과속,교차로,교차로내,승용차,중형,이륜차,소형,883198,1863088,126.1914211,36.75869998
2016,주간,화,1,1,0,0,0,강원,인제군,차대사람,길가장자리구역통행중,길가장자리구역통행중,운전자법규위반,안전운전 의무 불이행,단일로,기타단일로,화물차,중형,보행자,보행자,1063126,2014440,128.2202453,38.12793691
2016,야간,일,1,1,0,0,0,경기,화성시,차량단독,공작물충돌,공작물충돌,운전자법규위반,안전운전 의무 불이행,교차로,교차로내,원동기장치자전거,원동기장치자전거,,,960976,1913711,127.0601326,37.22141763
2016,야간,토,1,1,0,0,0,경기,평택시,차대사람,횡단중,횡단중,운전자법규위반,안전운전 의무 불이행,단일로,교량위,화물차,소형,보행자,보행자,963299,1887658,127.0875913,36.98666929
2016,주간,토,1,1,0,0,0,대구,서구,차대차,측면직각충돌,측면직각충돌,운전자법규위반,신호위반,교차로,교차로내,이륜차,소형,승용차,경형,1093668,1764057,128.5375455,35.86860569
2016,야간,월,1,1,0,0,0,경기,평택시,차량단독,공작물충돌,공작물충돌,운전자법규위반,안전운전 의무 불이행,교차로,교차로내,승용차,중형,,,960350,1886778,127.0545005,36.97861707
2016,주간,일,1,1,0,0,0,경기,이천시,차량단독,공작물충돌,공작물충돌,운전자법규위반,안전운전 의무 불이행,교차로,교차로내,승용차,소형,,,996437,1920395,127.4598064,37.28247747
2016,주간,목,1,2,1,0,0,충남,태안군,차량단독,전도전복,전도전복,운전자법규위반,안전운전 의무 불이행,단일로,기타단일로,원동기장치자전거,원동기장치자전거,,,902588,1825139,126.4134217,36.41884045
2016,야간,월,1,1,0,0,0,전남,해남군,차량단독,전도전복,전도전복,운전자법규위반,안전운전 의무 불이행,단일로,기타단일로,승용차,경형,,,917749,1618759,126.6034256,34.55962521
2016,주간,수,1,3,1,1,0,대구,달서구,차대차,기타,기타,운전자법규위반,과속,교차로,교차로내,승용차,중형,승용차,경형,1091770,1756864,128.518455,35.8038855
2016,주간,화,1,1,0,0,0,경남,함안군,차량단독,전도전복,전도전복,운전자법규위반,안전운전 의무 불이행,교차로,교차로부근,이륜차,소형,,,1073582,1701889,128.3094174,35.30983616
2016,야간,토,1,1,0,0,0,경남,통영시,차대사람,횡단중,횡단중,운전자법규위반,안전운전 의무 불이행,교차로,교차로내,승용차,대형,보행자,보행자,1078304,1659947,128.3573836,34.931318
2016,주간,금,1,1,0,0,0,경북,김천시,차대사람,횡단중,횡단중,운전자법규위반,보행자 보호의무 위반,교차로,교차로부근,승용차,경형,보행자,보행자,1056865,1791475,128.1318823,36.11861915
2016,야간,금,1,3,0,2,0,충북,음성군,차대차,추돌,진행중 추돌,운전자법규위반,안전운전 의무 불이행,단일로,기타단일로,화물차,경형,화물차,경형,996838,1886856,127.4547761,36.98569583
2016,주간,금,1,1,0,0,0,충북,청주시,차량단독,전도전복,전도전복,운전자법규위반,안전운전 의무 불이행,단일로,기타단일로,화물차,소형,,,1011185,1848595,127.6251127,36.63517807
2016,야간,토,1,2,0,1,0,경북,안동시,차대차,정면충돌,정면충돌,운전자법규위반,안전운전 의무 불이행,단일로,교량위,화물차,소형,화물차,소형,1107392,1845285,128.7006803,36.5993555
2016,주간,목,1,1,0,0,0,서울,동대문구,차대사람,횡단중,횡단중,운전자법규위반,안전운전 의무 불이행,단일로,기타단일로,화물차,소형,보행자,보행자,958488,1953577,127.0298498,37.58064296
2016,주간,화,1,1,0,0,0,경기,가평군,차량단독,공작물충돌,공작물충돌,운전자법규위반,안전운전 의무 불이행,단일로,기타단일로,승용차,대형,,,999828,1963920,127.4980495,37.67480554
2016,주간,목,2,2,0,0,0,경북,의성군,차량단독,전도전복,전도전복,운전자법규위반,안전운전 의무 불이행,단일로,기타단일로,화물차,소형,,,1090519,1833627,128.5106942,36.49602486
2016,주간,일,1,1,0,0,0,경북,포항시,차대사람,횡단중,횡단중,운전자법규위반,안전운전 의무 불이행,단일로,기타단일로,승합차,중형,보행자,보행자,1166232,1780952,129.344569,36.01122501
2016,주간,화,1,1,0,0,0,서울,동작구,차대사람,횡단중,횡단중,운전자법규위반,안전운전 의무 불이행,단일로,기타단일로,화물차,소형,보행자,보행자,950493,1945431,126.9398545,37.50682634
2016,주간,월,1,1,0,0,0,경기,고양시,차대사람,횡단중,횡단중,운전자법규위반,안전운전 의무 불이행,단일로,횡단보도부근,승합차,대형,보행자,보행자,942017,1957930,126.8429698,37.61898587
2016,야간,월,1,1,0,0,0,충남,예산군,차대사람,횡단중,횡단중,운전자법규위반,안전운전 의무 불이행,단일로,기타단일로,승용차,중형,보행자,보행자,933309,1850317,126.7538885,36.64843086
2016,야간,토,1,1,0,0,0,충남,논산시,차대사람,차도통행중,차도통행중,운전자법규위반,안전운전 의무 불이행,단일로,기타단일로,화물차,소형,보행자,보행자,956422,1795227,127.0155491,36.15313276
2016,주간,금,1,1,0,0,0,경북,문경시,차대차,측면직각충돌,측면직각충돌,운전자법규위반,중앙선 침범,단일로,기타단일로,원동기장치자전거,원동기장치자전거,승합차,대형,1068092,1852084,128.261941,36.66425967
2016,주간,금,1,3,1,1,0,전북,정읍시,차대차,정면충돌,정면충돌,운전자법규위반,중앙선 침범,단일로,교량위,승용차,중형,승용차,중형,956907,1734959,127.0242016,35.6097897
2016,야간,금,1,1,0,0,0,경기,광명시,차량단독,공작물충돌,공작물충돌,운전자법규위반,안전운전 의무 불이행,단일로,기타단일로,승용차,경형,,,944841,1941856,126.8761765,37.47428379
2016,주간,목,1,5,1,3,0,경북,김천시,차대차,추돌,진행중 추돌,운전자법규위반,안전운전 의무 불이행,단일로,기타단일로,승용차,중형,화물차,소형,1069609,1785721,128.2729747,36.06591636
2016,야간,목,1,1,0,0,0,경기,안성시,차대사람,횡단중,횡단중,운전자법규위반,안전운전 의무 불이행,단일로,기타단일로,승합차,대형,보행자,보행자,980257,1889723,127.2780922,37.00579301
2016,야간,화,1,1,0,0,0,대구,북구,차대사람,차도통행중,차도통행중,운전자법규위반,안전운전 의무 불이행,단일로,기타단일로,원동기장치자전거,원동기장치자전거,보행자,보행자,1101216,1768524,128.6217075,35.90812182
2016,야간,화,1,4,2,1,0,경기,이천시,차대차,정면충돌,정면충돌,운전자법규위반,중앙선 침범,단일로,기타단일로,승용차,경형,승용차,중형,999067,1920840,127.4894744,37.28649506
2016,주간,토,1,1,0,0,0,충남,서산시,차량단독,공작물충돌,공작물충돌,운전자법규위반,안전운전 의무 불이행,단일로,기타단일로,화물차,소형,,,900754,1884080,126.3853271,36.94990019
2016,주간,일,1,1,0,0,0,서울,구로구,차대차,기타,기타,운전자법규위반,중앙선 침범,단일로,기타단일로,자전거,자전거,승용차,중형,940226,1942633,126.823923,37.48099988
2016,야간,토,1,1,0,0,0,인천,남구,차대사람,보도통행중,보도통행중,운전자법규위반,과속,교차로,교차로내,승용차,중형,보행자,보행자,925267,1938625,126.6551501,37.44378758
2016,주간,토,1,1,0,0,0,서울,동작구,차대차,기타,기타,운전자법규위반,안전운전 의무 불이행,단일로,기타단일로,원동기장치자전거,원동기장치자전거,승용차,중형,950519,1945666,126.9402351,37.50888594
2016,주간,화,1,8,2,5,0,전북,정읍시,차대차,기타,기타,운전자법규위반,안전운전 의무 불이행,단일로,기타단일로,화물차,중형,승용차,중형,942539,1734216,126.8656221,35.60236002
2016,야간,일,1,1,0,0,0,경남,양산시,차대차,측면직각충돌,측면직각충돌,운전자법규위반,안전운전 의무 불이행,단일로,기타단일로,승용차,중형,승용차,경형,1137042,1700883,129.007157,35.29408242
2016,야간,일,1,1,0,0,0,경북,구미시,차량단독,기타,기타,운전자법규위반,안전운전 의무 불이행,단일로,기타단일로,승용차,경형,,,1078383,1789797,128.3708013,36.10199274
2016,주간,일,1,1,0,0,0,경남,합천군,차대차,추돌,진행중 추돌,운전자법규위반,안전운전 의무 불이행,단일로,기타단일로,승용차,경형,농기계,농기계,1056526,1739484,128.1244251,35.64991004
2016,주간,일,1,1,0,0,0,경기,안산시,차대차,기타,기타,운전자법규위반,안전운전 의무 불이행,교차로,교차로부근,승용차,중형,승합차,대형,940860,1923950,126.8325884,37.31264689
2016,주간,수,1,1,0,0,0,경북,영덕군,차대사람,횡단중,횡단중,운전자법규위반,안전운전 의무 불이행,단일로,기타단일로,승용차,대형,보행자,보행자,1153814,1830750,129.2166176,36.46202203
2016,주간,토,1,4,2,1,0,서울,강동구,차대차,기타,기타,운전자법규위반,안전운전 의무 불이행,단일로,기타단일로,승용차,대형,승용차,소형,966543,1949014,127.1212841,37.53984301
2016,야간,금,1,1,0,0,0,인천,서구,차대사람,횡단중,횡단중,운전자법규위반,신호위반,단일로,기타단일로,승용차,중형,보행자,보행자,924705,1946013,126.6480418,37.51032785
2016,주간,토,1,1,0,0,0,경기,평택시,차대사람,차도통행중,차도통행중,운전자법규위반,안전운전 의무 불이행,교차로,교차로부근,승용차,경형,보행자,보행자,958817,1882696,127.0374991,36.94175524
2016,주간,일,3,4,1,0,0,전남,영암군,차량단독,공작물충돌,공작물충돌,운전자법규위반,안전운전 의무 불이행,단일로,기타단일로,승용차,중형,,,902100,1641434,126.4302439,34.7626997
2016,주간,토,1,1,0,0,0,경기,김포시,차량단독,전도전복,전도전복,운전자법규위반,안전운전 의무 불이행,단일로,기타단일로,이륜차,소형,,,920711,1965528,126.6007405,37.68587038
2016,주간,목,1,1,0,0,0,제주,서귀포시,차대사람,횡단중,횡단중,운전자법규위반,안전운전 의무 불이행,교차로,교차로부근,승용차,경형,보행자,보행자,913152,1474014,126.5676334,33.25372426
2016,야간,월,1,1,0,0,0,충남,서천군,차대사람,횡단중,횡단중,운전자법규위반,안전운전 의무 불이행,단일로,기타단일로,승합차,소형,보행자,보행자,920609,1791987,126.6177806,36.12165303
2016,주간,목,1,1,0,0,0,강원,양양군,차대사람,횡단중,횡단중,운전자법규위반,안전운전 의무 불이행,교차로,교차로내,승용차,경형,보행자,보행자,1097080,2017199,128.6079693,38.14978469
2016,주간,일,1,1,0,0,0,서울,관악구,차대사람,기타,기타,운전자법규위반,안전운전 의무 불이행,교차로,교차로부근,승용차,중형,보행자,보행자,947130,1942649,126.9020057,37.4815651
2016,야간,일,1,1,0,0,0,제주,제주시,차대차,측면직각충돌,측면직각충돌,운전자법규위반,신호위반,단일로,횡단보도상,승용차,경형,자전거,자전거,910867,1499930,126.5405378,33.48745451
2016,주간,월,1,1,0,0,0,제주,서귀포시,차대사람,횡단중,횡단중,운전자법규위반,보행자 보호의무 위반,단일로,기타단일로,승용차,소형,보행자,보행자,885988,1473533,126.2755243,33.24647932
2016,주간,목,1,1,0,0,0,부산,강서구,차대차,측면직각충돌,측면직각충돌,운전자법규위반,교차로 통행방법 위반,교차로,교차로내,승용차,중형,이륜차,소형,1125806,1677970,128.8730674,35.08746633
2016,야간,금,1,2,0,1,0,경북,경주시,차대차,추돌,진행중 추돌,운전자법규위반,안전운전 의무 불이행,단일로,기타단일로,화물차,중형,화물차,소형,1155783,1765305,129.2256031,35.87194236
2016,주간,목,1,2,0,1,0,경남,통영시,차대차,추돌,진행중 추돌,운전자법규위반,보행자 보호의무 위반,교차로,교차로부근,화물차,소형,승용차,소형,1084369,1650187,128.4228,34.84283085
2016,야간,월,1,1,0,0,0,인천,부평구,차대차,측면직각충돌,측면직각충돌,운전자법규위반,신호위반,교차로,교차로내,이륜차,소형,승용차,중형,931857,1943395,126.7292018,37.48728815
2016,주간,월,1,1,0,0,0,대전,유성구,차대사람,횡단중,횡단중,운전자법규위반,보행자 보호의무 위반,교차로,교차로부근,승용차,중형,보행자,보행자,991056,1822402,127.400258,36.39906795
2016,야간,월,1,1,0,0,0,경남,진주시,차대차,측면직각충돌,측면직각충돌,운전자법규위반,안전운전 의무 불이행,단일로,기타단일로,이륜차,소형,화물차,소형,1041085,1685496,127.9511382,35.16388799
2016,야간,월,1,1,0,0,0,경북,의성군,차량단독,전도전복,전도전복,운전자법규위반,안전운전 의무 불이행,단일로,기타단일로,화물차,소형,,,1075060,1832643,128.3380089,36.48849215
2016,야간,목,1,2,0,1,0,충남,홍성군,차대차,추돌,진행중 추돌,운전자법규위반,안전운전 의무 불이행,단일로,기타단일로,화물차,소형,농기계,농기계,925274,1847978,126.6642322,36.62675014
2016,주간,목,1,1,0,0,0,광주,광산구,차대사람,횡단중,횡단중,운전자법규위반,안전운전 의무 불이행,단일로,기타단일로,승용차,경형,보행자,보행자,936625,1685723,126.8040999,35.1647761
2016,야간,일,1,1,0,0,0,경남,합천군,차대사람,횡단중,횡단중,운전자법규위반,안전운전 의무 불이행,단일로,기타단일로,승용차,중형,보행자,보행자,1058856,1749581,128.1509018,35.74080658
2016,주간,월,1,1,0,0,0,충남,천안시,차대사람,기타,기타,운전자법규위반,안전운전 의무 불이행,단일로,기타단일로,승용차,경형,보행자,보행자,983342,1860662,127.3134052,36.74388029
2016,야간,금,1,1,0,0,0,울산,울주군,차대사람,횡단중,횡단중,운전자법규위반,안전운전 의무 불이행,단일로,기타단일로,승용차,경형,보행자,보행자,1158213,1731988,129.2459438,35.57129497
2016,야간,금,1,1,0,0,0,대전,동구,차대사람,횡단중,횡단중,운전자법규위반,안전운전 의무 불이행,단일로,기타단일로,승용차,경형,보행자,보행자,994161,1814353,127.4349449,36.32652697
2016,야간,토,1,1,0,0,0,충남,아산시,차대사람,횡단중,횡단중,운전자법규위반,안전운전 의무 불이행,단일로,횡단보도상,승용차,경형,보행자,보행자,955360,1866449,126.999633,36.79514263
2016,주간,토,1,1,0,0,0,대구,동구,차대차,측면직각충돌,측면직각충돌,운전자법규위반,안전운전 의무 불이행,단일로,횡단보도상,승용차,중형,자전거,자전거,1102060,1767720,128.6309562,35.90078657
2016,주간,목,2,5,2,1,0,대구,달서구,차대차,측면직각충돌,측면직각충돌,운전자법규위반,안전운전 의무 불이행,교차로,교차로내,승용차,중형,화물차,대형,1088740,1760265,128.4825272,35.83492747
2016,주간,목,1,1,0,0,0,부산,북구,차대사람,기타,기타,운전자법규위반,안전운전 의무 불이행,단일로,기타단일로,화물차,소형,보행자,보행자,1137882,1694393,129.0154207,35.23532655
2016,주간,목,1,4,1,2,0,전북,순창군,차대차,측면직각충돌,측면직각충돌,운전자법규위반,중앙선 침범,단일로,기타단일로,승용차,경형,승용차,경형,978137,1718487,127.2579326,35.46235739
2016,주간,토,1,1,0,0,0,인천,남동구,차대차,측면직각충돌,측면직각충돌,운전자법규위반,신호위반,교차로,교차로내,승용차,중형,이륜차,소형,931466,1939879,126.7251066,37.45556992
2016,주간,화,1,1,0,0,0,전북,전주시,차대사람,횡단중,횡단중,운전자법규위반,안전운전 의무 불이행,단일로,기타단일로,승용차,경형,보행자,보행자,963495,1759629,127.0958174,35.83248311
2016,주간,금,1,1,0,0,0,인천,동구,차대사람,기타,기타,운전자법규위반,안전운전 의무 불이행,단일로,기타단일로,승용차,중형,보행자,보행자,924403,1942450,126.6449671,37.47812414
2016,주간,화,1,1,0,0,0,대전,동구,차대차,측면직각충돌,측면직각충돌,운전자법규위반,기타(운전자법규위반),단일로,횡단보도상,자전거,자전거,승용차,경형,993140,1815528,127.4235591,36.33711337
2016,주간,토,1,1,0,0,0,경기,가평군,차량단독,전도전복,전도전복,운전자법규위반,안전운전 의무 불이행,단일로,교량위,승용차,경형,,,990126,1964658,127.3880192,37.68140428
2016,주간,월,1,1,0,0,0,경기,성남시,차대사람,횡단중,횡단중,운전자법규위반,안전운전 의무 불이행,단일로,횡단보도상,승용차,중형,보행자,보행자,967744,1930233,127.1357005,37.37060231
2016,야간,월,1,1,0,0,0,경기,평택시,차대사람,횡단중,횡단중,운전자법규위반,안전운전 의무 불이행,단일로,기타단일로,이륜차,소형,보행자,보행자,963990,1888385,127.0953211,36.99324935
2016,주간,금,1,1,0,0,0,대구,남구,차대차,추돌,진행중 추돌,운전자법규위반,안전운전 의무 불이행,단일로,기타단일로,이륜차,소형,불명,불명,1096043,1761424,128.5634124,35.8447359
2016,주간,금,1,1,0,0,0,부산,강서구,차량단독,전도전복,전도전복,운전자법규위반,신호위반,교차로,교차로부근,화물차,대형,,,1123508,1682156,128.855543,35.12702922
2016,주간,일,1,2,1,0,0,서울,강북구,차대차,측면직각충돌,측면직각충돌,운전자법규위반,신호위반,교차로,교차로내,화물차,중형,원동기장치자전거,원동기장치자전거,958356,1958142,127.028095,37.62178228
2016,야간,월,1,1,0,0,0,충남,당진시,차대사람,기타,기타,운전자법규위반,안전운전 의무 불이행,단일로,기타단일로,승용차,중형,보행자,보행자,933435,1874969,126.7531466,36.87065354
2016,야간,일,1,2,1,0,0,경북,경주시,차량단독,전도전복,전도전복,운전자법규위반,안전운전 의무 불이행,교차로,교차로부근,승합차,경형,,,1157660,1772132,129.2477385,35.9331661
2016,야간,일,1,1,0,0,0,부산,영도구,차대차,기타,기타,운전자법규위반,안전운전 의무 불이행,단일로,교량위,승용차,중형,이륜차,중형,1140098,1678849,129.0368161,35.09486908
2016,야간,화,1,2,1,0,0,충북,진천군,차대차,기타,기타,운전자법규위반,중앙선 침범,단일로,기타단일로,승용차,경형,승용차,경형,994620,1864449,127.439709,36.77815032
2016,주간,월,1,1,0,0,0,충남,공주시,차대사람,보도통행중,보도통행중,운전자법규위반,기타(운전자법규위반),단일로,기타단일로,화물차,중형,보행자,보행자,968765,1830462,127.1513504,36.47126354
2016,야간,금,1,1,0,0,0,충북,음성군,차대차,기타,기타,운전자법규위반,안전운전 의무 불이행,단일로,기타단일로,이륜차,소형,승합차,경형,999501,1889921,127.4943912,37.00778517
2016,야간,화,1,1,0,0,0,강원,횡성군,차대사람,횡단중,횡단중,운전자법규위반,안전운전 의무 불이행,교차로,교차로내,승용차,중형,보행자,보행자,1056965,1952349,128.1450612,37.56874826
2016,야간,수,1,1,0,0,0,강원,인제군,차량단독,전도전복,전도전복,운전자법규위반,안전운전 의무 불이행,단일로,기타단일로,이륜차,소형,,,1061281,2012089,128.198994,38.10687676
2016,야간,화,1,1,0,0,0,경남,함안군,차대사람,횡단중,횡단중,운전자법규위반,안전운전 의무 불이행,교차로,교차로내,화물차,소형,보행자,보행자,1082173,1698818,128.4036024,35.28147898
2016,야간,금,1,3,2,0,0,울산,중구,차대차,정면충돌,정면충돌,운전자법규위반,안전운전 의무 불이행,단일로,교량위,승용차,경형,승용차,경형,1166820,1729943,129.3404613,35.55145275
2016,주간,화,1,4,2,1,0,충북,청주시,차대차,측면직각충돌,측면직각충돌,운전자법규위반,과속,단일로,기타단일로,승용차,경형,승용차,경형,999206,1845366,127.4902217,36.60613751
2016,주간,금,1,1,0,0,0,경북,성주군,차량단독,전도전복,전도전복,운전자법규위반,안전운전 의무 불이행,단일로,기타단일로,이륜차,소형,,,1061913,1765981,128.1859784,35.88847438
2016,야간,일,1,1,0,0,0,경북,상주시,차대사람,횡단중,횡단중,운전자법규위반,안전운전 의무 불이행,단일로,기타단일로,승용차,경형,보행자,보행자,1059165,1823659,128.1598746,36.40861875
2016,주간,금,1,2,0,1,0,서울,송파구,차대사람,횡단중,횡단중,운전자법규위반,보행자 보호의무 위반,단일로,횡단보도상,이륜차,소형,보행자,보행자,967034,1943214,127.127102,37.48758267
2016,야간,금,1,1,0,0,0,경기,김포시,차대차,정면충돌,정면충돌,운전자법규위반,안전운전 의무 불이행,단일로,기타단일로,화물차,소형,화물차,소형,928643,1961986,126.6910396,37.65459974
2016,주간,일,1,1,0,0,0,서울,금천구,차대차,측면직각충돌,측면직각충돌,운전자법규위반,신호위반,교차로,교차로내,화물차,중형,이륜차,소형,946711,1939556,126.8974906,37.45366314
2016,야간,금,2,3,1,0,0,대구,북구,차대사람,기타,기타,운전자법규위반,보행자 보호의무 위반,단일로,기타단일로,승용차,중형,보행자,보행자,1095820,1766461,128.5617937,35.89007641
2016,야간,월,1,1,0,0,0,대전,동구,차대사람,횡단중,횡단중,운전자법규위반,안전운전 의무 불이행,교차로,교차로부근,승합차,경형,보행자,보행자,996182,1813629,127.4574653,36.32000992
2016,야간,화,1,2,0,1,0,전북,완주군,차대차,정면충돌,정면충돌,운전자법규위반,중앙선 침범,교차로,교차로부근,원동기장치자전거,원동기장치자전거,승용차,경형,963045,1769295,127.0903867,35.91961394
2016,야간,월,1,4,1,2,0,충남,홍성군,차대차,측면직각충돌,측면직각충돌,운전자법규위반,중앙선 침범,단일로,기타단일로,승용차,경형,승합차,경형,921348,1833380,126.6218173,36.4948472
2016,야간,목,1,3,1,1,0,충북,청주시,차대차,정면충돌,정면충돌,운전자법규위반,안전운전 의무 불이행,단일로,기타단일로,화물차,소형,승용차,경형,980414,1849059,127.2809043,36.63922525
2016,주간,월,1,1,0,0,0,경기,고양시,차대사람,횡단중,횡단중,운전자법규위반,안전운전 의무 불이행,교차로,교차로부근,승용차,경형,보행자,보행자,933621,1966220,126.747084,37.69313267
2016,주간,월,1,4,3,0,0,강원,태백시,차대차,정면충돌,정면충돌,운전자법규위반,중앙선 침범,교차로,교차로내,건설기계,건설기계,승용차,중형,1132575,1919101,128.9950951,37.26137885
2016,주간,월,1,1,0,0,0,경남,의령군,차량단독,전도전복,전도전복,운전자법규위반,안전운전 의무 불이행,단일로,기타단일로,이륜차,소형,,,1070263,1705349,128.2732077,35.34127082
2016,야간,금,1,1,0,0,0,서울,광진구,차량단독,전도전복,전도전복,운전자법규위반,안전운전 의무 불이행,단일로,기타단일로,이륜차,소형,,,962765,1952086,127.0783641,37.5673871
2016,야간,수,1,1,0,0,0,경남,창녕군,차대사람,횡단중,횡단중,운전자법규위반,안전운전 의무 불이행,교차로,교차로내,승용차,중형,보행자,보행자,1103682,1715262,128.6421709,35.4277259
2016,주간,금,1,1,0,0,0,강원,고성군,차량단독,전도전복,전도전복,운전자법규위반,안전운전 의무 불이행,교차로,교차로내,승용차,소형,,,1082335,2044177,128.4428464,38.39435734
2016,주간,화,1,1,0,0,0,전북,남원시,차량단독,전도전복,전도전복,운전자법규위반,안전운전 의무 불이행,단일로,기타단일로,원동기장치자전거,원동기장치자전거,,,995478,1711432,127.4502021,35.39858319
2016,야간,월,1,1,0,0,0,경기,김포시,차대사람,차도통행중,차도통행중,운전자법규위반,안전운전 의무 불이행,교차로,교차로부근,승용차,소형,보행자,보행자,926017,1962912,126.6611781,37.66273737
2016,주간,월,1,7,4,2,0,강원,태백시,차대차,정면충돌,정면충돌,운전자법규위반,중앙선 침범,단일로,기타단일로,화물차,소형,승합차,중형,1133540,1904299,129.0033268,37.12785987
2016,주간,월,1,3,2,0,0,경북,성주군,차대차,기타,기타,운전자법규위반,안전운전 의무 불이행,기타/불명,기타/불명,승용차,중형,화물차,소형,1074353,1768664,128.324049,35.91179582
2016,주간,월,1,1,0,0,0,경기,포천시,차량단독,도로이탈,도로이탈 추락,운전자법규위반,안전운전 의무 불이행,단일로,기타단일로,승용차,중형,,,966889,1995695,127.1230723,37.96059552
2016,야간,월,1,1,0,0,0,대전,동구,차량단독,기타,기타,운전자법규위반,안전운전 의무 불이행,단일로,기타단일로,승용차,중형,,,996725,1811196,127.4635249,36.29807726
2016,야간,목,1,1,0,0,0,경기,광주시,차대차,추돌,진행중 추돌,운전자법규위반,안전운전 의무 불이행,단일로,기타단일로,승용차,대형,이륜차,소형,969221,1929022,127.1524318,37.35973691
2016,주간,금,1,1,0,0,0,전남,영암군,차량단독,전도전복,전도전복,운전자법규위반,안전운전 의무 불이행,단일로,기타단일로,이륜차,소형,,,906123,1641338,126.4742077,34.76221239
2016,주간,목,1,1,0,0,0,경기,고양시,차대사람,횡단중,횡단중,운전자법규위반,안전운전 의무 불이행,교차로,교차로내,승합차,경형,보행자,보행자,941847,1961850,126.8407315,37.65430554
2016,주간,목,1,1,0,0,0,경기,안성시,차량단독,도로이탈,도로이탈 기타,운전자법규위반,안전운전 의무 불이행,단일로,기타단일로,화물차,소형,,,997474,1898551,127.4715785,37.08557581
2016,야간,금,1,1,0,0,0,경북,칠곡군,차대차,추돌,진행중 추돌,운전자법규위반,기타(운전자법규위반),단일로,기타단일로,승용차,중형,승용차,경형,1081378,1772272,128.4022678,35.94376218
2016,주간,일,1,1,0,0,0,경기,양평군,차량단독,공작물충돌,공작물충돌,운전자법규위반,안전운전 의무 불이행,단일로,기타단일로,승용차,대형,,,1014764,1950768,127.6671575,37.55614181
2016,야간,금,1,1,0,0,0,경남,김해시,차대차,추돌,진행중 추돌,운전자법규위반,안전운전 의무 불이행,단일로,기타단일로,승용차,소형,건설기계,건설기계,1119935,1686537,128.8169736,35.16695543
2016,주간,금,1,2,0,1,0,충남,태안군,차대차,정면충돌,정면충돌,운전자법규위반,중앙선 침범,기타/불명,기타/불명,화물차,경형,승합차,대형,902619,1825020,126.4137824,36.41777096
2016,주간,금,1,1,0,0,0,경남,산청군,차대사람,횡단중,횡단중,운전자법규위반,안전운전 의무 불이행,단일로,기타단일로,화물차,소형,보행자,보행자,1046383,1709106,128.0106457,35.37654122
2016,주간,수,1,1,0,0,0,전북,남원시,차량단독,전도전복,전도전복,운전자법규위반,안전운전 의무 불이행,단일로,기타단일로,승용차,중형,,,994332,1714433,127.437561,35.42563681
2016,야간,수,1,1,0,0,0,경남,창원시(통합),차대사람,기타,기타,운전자법규위반,안전운전 의무 불이행,단일로,기타단일로,승용차,중형,보행자,보행자,1093069,1696659,128.5231577,35.26106007
2016,야간,화,1,1,0,0,0,경북,경주시,차대차,기타,기타,운전자법규위반,안전운전 의무 불이행,단일로,기타단일로,화물차,소형,화물차,대형,1156954,1778385,129.2411523,35.98963075
2016,야간,목,1,1,0,0,0,서울,종로구,차대사람,횡단중,횡단중,운전자법규위반,안전운전 의무 불이행,단일로,기타단일로,승합차,대형,보행자,보행자,954513,1952433,126.984903,37.57014399
2016,야간,금,1,1,0,0,0,경기,안양시,차대사람,기타,기타,운전자법규위반,안전운전 의무 불이행,단일로,기타단일로,승용차,중형,보행자,보행자,949287,1933899,126.9270034,37.40281966
2016,야간,목,1,1,0,0,0,충남,논산시,차대사람,횡단중,횡단중,운전자법규위반,안전운전 의무 불이행,교차로,교차로내,승용차,대형,보행자,보행자,964310,1792456,127.1033626,36.12847339
2016,야간,목,1,1,0,0,0,경기,의왕시,차대사람,횡단중,횡단중,운전자법규위반,과속,단일로,기타단일로,화물차,중형,보행자,보행자,954310,1927756,126.9841345,37.3477112
2016,주간,금,1,67,4,62,0,전남,곡성군,차대차,추돌,진행중 추돌,운전자법규위반,안전거리 미확보,단일로,기타단일로,승합차,대형,승합차,대형,973572,1692938,127.2203184,35.2278243
2016,야간,수,1,1,0,0,0,부산,사상구,차대사람,기타,기타,운전자법규위반,안전운전 의무 불이행,단일로,기타단일로,승용차,중형,보행자,보행자,1133609,1683695,128.9666115,35.13960287
2016,주간,수,1,1,0,0,0,경기,성남시,차대사람,횡단중,횡단중,운전자법규위반,안전운전 의무 불이행,단일로,기타단일로,건설기계,건설기계,보행자,보행자,967580,1938087,127.1335037,37.44138961
2016,야간,수,1,1,0,0,0,전북,익산시,차대사람,횡단중,횡단중,운전자법규위반,과속,단일로,횡단보도상,승용차,중형,보행자,보행자,950289,1781741,126.9483352,36.030703
2016,주간,금,1,1,0,0,0,전북,전주시,차대사람,횡단중,횡단중,운전자법규위반,안전운전 의무 불이행,단일로,기타단일로,승용차,중형,보행자,보행자,965184,1761468,127.1144373,35.84912493
2016,야간,화,1,1,0,0,0,경기,평택시,차대사람,횡단중,횡단중,운전자법규위반,안전운전 의무 불이행,교차로,교차로내,승용차,경형,보행자,보행자,945704,1882294,126.8902707,36.93746685
2016,야간,토,1,1,0,0,0,경기,수원시,차대사람,횡단중,횡단중,운전자법규위반,안전운전 의무 불이행,단일로,기타단일로,승합차,소형,보행자,보행자,958537,1918391,127.0323811,37.26349674
2016,주간,토,1,1,0,0,0,제주,제주시,차대사람,횡단중,횡단중,운전자법규위반,안전운전 의무 불이행,단일로,기타단일로,화물차,소형,보행자,보행자,909995,1502762,126.5307652,33.51296576
2016,주간,수,1,1,0,0,0,경남,창원시(통합),차대사람,기타,기타,운전자법규위반,기타(운전자법규위반),교차로,교차로내,승용차,소형,보행자,보행자,1109429,1691308,128.7022673,35.21116597
2016,야간,화,1,1,0,0,0,전북,김제시,차대차,기타,기타,운전자법규위반,안전운전 의무 불이행,단일로,기타단일로,승합차,소형,원동기장치자전거,원동기장치자전거,943489,1754774,126.8746644,35.78776293
2016,야간,월,1,1,0,0,0,경북,김천시,차량단독,기타,기타,운전자법규위반,안전운전 의무 불이행,단일로,기타단일로,이륜차,소형,,,1055367,1796956,128.1156235,36.16811814
2016,야간,월,1,1,0,0,0,경기,남양주시,차대사람,횡단중,횡단중,운전자법규위반,신호위반,교차로,교차로부근,승용차,소형,보행자,보행자,971867,1962598,127.1810257,37.66245855
2016,야간,금,1,1,0,0,0,전남,완도군,차대사람,기타,기타,운전자법규위반,안전운전 의무 불이행,단일로,기타단일로,화물차,중형,보행자,보행자,961046,1598527,127.0762885,34.37972725
2016,주간,월,1,1,0,0,0,경남,양산시,차대차,정면충돌,정면충돌,운전자법규위반,안전운전 의무 불이행,단일로,기타단일로,승용차,중형,자전거,자전거,1138231,1703072,129.0205985,35.31365001
2016,야간,화,1,1,0,0,0,경기,성남시,차대차,기타,기타,운전자법규위반,교차로 통행방법 위반,교차로,교차로내,승합차,대형,자전거,자전거,967349,1937179,127.1309325,37.43319715
2016,야간,금,1,1,0,0,0,경북,성주군,차대사람,횡단중,횡단중,운전자법규위반,안전운전 의무 불이행,기타/불명,기타/불명,승용차,중형,보행자,보행자,1075604,1760221,128.3371113,35.83558481
2016,주간,토,1,1,0,0,0,전북,남원시,차량단독,전도전복,전도전복,운전자법규위반,안전운전 의무 불이행,단일로,기타단일로,이륜차,사발이,,,1011583,1721365,127.62766,35.48806075
2016,주간,목,1,1,0,0,0,경남,함안군,차대사람,기타,기타,운전자법규위반,과속,단일로,기타단일로,승용차,대형,보행자,보행자,1093069,1703274,128.5239085,35.32069803
2016,주간,금,1,1,0,0,0,충남,서산시,차대차,측면직각충돌,측면직각충돌,운전자법규위반,교차로 통행방법 위반,교차로,교차로내,이륜차,소형,건설기계,건설기계,912725,1855707,126.5230159,36.6953494
2016,야간,일,1,1,0,0,0,경기,파주시,차량단독,전도전복,전도전복,운전자법규위반,안전운전 의무 불이행,단일로,기타단일로,승용차,중형,,,928675,1974509,126.6901749,37.76746504
2016,야간,일,1,1,0,0,0,강원,삼척시,차량단독,전도전복,전도전복,운전자법규위반,안전운전 의무 불이행,단일로,기타단일로,승용차,중형,,,1138602,1921551,129.0634976,37.28257724
2016,야간,토,1,1,0,0,0,경남,창녕군,차대사람,기타,기타,운전자법규위반,안전운전 의무 불이행,단일로,기타단일로,승용차,중형,보행자,보행자,1091918,1721175,128.513265,35.48218983
2016,주간,금,1,1,0,0,0,경남,거제시,차대사람,기타,기타,운전자법규위반,안전운전 의무 불이행,기타/불명,기타/불명,승합차,경형,보행자,보행자,1099311,1656041,128.5869009,34.89426104
2016,주간,목,1,1,0,0,0,경남,양산시,차량단독,전도전복,전도전복,운전자법규위반,안전운전 의무 불이행,단일로,기타단일로,농기계,농기계,,,1147069,1704467,129.1180371,35.32496219
2016,야간,금,1,1,0,0,0,경남,함안군,차대사람,횡단중,횡단중,운전자법규위반,안전운전 의무 불이행,교차로,교차로부근,승용차,중형,보행자,보행자,1084165,1692612,128.4248688,35.2253608
2016,주간,금,1,2,1,0,0,경북,상주시,차대차,측면직각충돌,측면직각충돌,운전자법규위반,신호위반,교차로,교차로내,승용차,중형,승용차,경형,1059093,1824782,128.1591572,36.41874672
2016,야간,토,1,1,0,0,0,서울,종로구,차대사람,기타,기타,운전자법규위반,안전운전 의무 불이행,교차로,교차로부근,승용차,중형,보행자,보행자,954908,1952462,126.989374,37.57042481
2016,야간,금,1,1,0,0,0,충남,천안시,차대차,정면충돌,정면충돌,운전자법규위반,중앙선 침범,단일로,기타단일로,승용차,중형,승합차,소형,967114,1871271,127.1311715,36.83909192
2016,주간,수,1,1,0,0,0,전북,군산시,차대사람,횡단중,횡단중,운전자법규위반,보행자 보호의무 위반,교차로,교차로내,화물차,소형,보행자,보행자,929536,1776191,126.7183808,35.97994117
2016,야간,수,1,1,0,0,0,경남,김해시,차대차,정면충돌,정면충돌,운전자법규위반,신호위반,교차로,교차로내,원동기장치자전거,원동기장치자전거,승용차,경형,1125557,1693983,128.8798267,35.23339078
2016,주간,수,1,1,0,0,0,경북,군위군,차대차,정면충돌,정면충돌,운전자법규위반,중앙선 침범,단일로,기타단일로,승용차,대형,화물차,대형,1112561,1793601,128.7509789,36.13291985
2016,야간,일,1,2,1,0,0,경북,영천시,차량단독,공작물충돌,공작물충돌,운전자법규위반,안전운전 의무 불이행,단일로,기타단일로,승용차,중형,,,1112570,1788176,128.7503036,36.08401988
2016,야간,화,1,2,1,0,0,경기,평택시,차대차,정면충돌,정면충돌,운전자법규위반,중앙선 침범,단일로,기타단일로,승용차,중형,승용차,중형,964466,1886965,127.1007372,36.98046726
2016,야간,화,1,1,0,0,0,부산,기장군,차량단독,공작물충돌,공작물충돌,운전자법규위반,안전운전 의무 불이행,단일로,기타단일로,이륜차,대형,,,1155658,1692336,129.2090906,35.21017982
2016,야간,화,1,1,0,0,0,경기,시흥시,차대사람,횡단중,횡단중,운전자법규위반,안전운전 의무 불이행,단일로,기타단일로,승용차,중형,보행자,보행자,931754,1928286,126.7294334,37.35110356
2016,주간,월,1,1,0,0,0,충북,음성군,차대차,측면직각충돌,측면직각충돌,운전자법규위반,안전운전 의무 불이행,교차로,교차로부근,이륜차,소형,농기계,농기계,1008255,1888778,127.5927746,36.99744556
2016,야간,금,1,2,1,0,0,강원,원주시,차대사람,횡단중,횡단중,운전자법규위반,보행자 보호의무 위반,단일로,횡단보도상,화물차,소형,보행자,보행자,1040624,1924559,127.9584942,37.31913021
2016,주간,토,1,2,1,0,0,경남,거제시,차대사람,보도통행중,보도통행중,운전자법규위반,안전운전 의무 불이행,단일로,기타단일로,승용차,경형,보행자,보행자,1111755,1653155,128.7170045,34.94288359
2016,야간,토,1,1,0,0,0,경기,안양시,차대사람,횡단중,횡단중,운전자법규위반,과속,교차로,교차로부근,승용차,중형,보행자,보행자,947192,1937372,126.9030851,37.43400578
2016,주간,수,1,2,0,1,0,충북,청주시,차대차,측면직각충돌,측면직각충돌,운전자법규위반,중앙선 침범,단일로,기타단일로,승용차,경형,건설기계,건설기계,1015888,1846088,127.6776673,36.61251071
2016,주간,화,1,1,0,0,0,전남,해남군,차대사람,길가장자리구역통행중,길가장자리구역통행중,운전자법규위반,안전운전 의무 불이행,단일로,기타단일로,화물차,소형,보행자,보행자,905924,1605434,126.4760149,34.43846259
2016,야간,일,1,2,1,0,0,경북,경주시,차대차,추돌,진행중 추돌,운전자법규위반,안전운전 의무 불이행,단일로,기타단일로,화물차,소형,자전거,자전거,1139288,1766743,129.043203,35.88738831
2016,야간,일,1,3,2,0,0,서울,서대문구,차대차,기타,기타,운전자법규위반,신호위반,교차로,교차로내,원동기장치자전거,원동기장치자전거,승용차,경형,950213,1953749,126.9359558,37.58192527
2016,야간,일,1,1,0,0,0,경남,거창군,차대차,추돌,진행중 추돌,운전자법규위반,안전운전 의무 불이행,단일로,기타단일로,승용차,경형,자전거,자전거,1037904,1747184,127.9190828,35.72022542
2016,주간,월,1,1,0,0,0,충남,청양군,차대차,측면직각충돌,측면직각충돌,운전자법규위반,직진 및 우회전차의 통행방해,교차로,교차로내,이륜차,소형,건설기계,건설기계,949422,1814882,126.9364637,36.32998533
2016,야간,토,1,1,0,0,0,경남,밀양시,차대사람,횡단중,횡단중,운전자법규위반,안전운전 의무 불이행,단일로,기타단일로,승용차,중형,보행자,보행자,1115249,1720512,128.7703112,35.47377996
2016,야간,금,1,1,0,0,0,서울,양천구,차대사람,횡단중,횡단중,운전자법규위반,과속,단일로,기타단일로,승용차,대형,보행자,보행자,943777,1948440,126.8636403,37.53356193
2016,주간,금,1,1,0,0,0,전남,무안군,차대차,기타,기타,운전자법규위반,안전운전 의무 불이행,단일로,기타단일로,화물차,소형,이륜차,소형,909709,1651596,126.5122836,34.85502624
2016,야간,화,1,1,0,0,0,강원,춘천시,차대차,추돌,진행중 추돌,운전자법규위반,안전운전 의무 불이행,단일로,기타단일로,승용차,경형,화물차,소형,1021303,1989727,127.742333,37.90716028
2016,주간,월,1,1,0,0,0,충북,음성군,차대차,측면직각충돌,측면직각충돌,운전자법규위반,교차로 통행방법 위반,교차로,교차로내,승용차,대형,자전거,자전거,1003981,1879726,127.5446932,36.91587419
2016,주간,화,1,1,0,0,0,경북,청송군,차량단독,공작물충돌,공작물충돌,운전자법규위반,안전운전 의무 불이행,단일로,기타단일로,이륜차,소형,,,1139124,1811986,129.0493707,36.29516499
2016,야간,일,1,3,2,0,0,경남,진주시,차대차,추돌,진행중 추돌,운전자법규위반,안전운전 의무 불이행,교차로,교차로부근,승용차,중형,승합차,대형,1053959,1688598,128.0926996,35.19124889
2016,주간,화,1,1,0,0,0,경기,안산시,차대사람,횡단중,횡단중,운전자법규위반,신호위반,교차로,교차로부근,승합차,중형,보행자,보행자,940274,1924513,126.8259303,37.31768391
2016,주간,목,1,1,0,0,0,전북,김제시,차량단독,전도전복,전도전복,운전자법규위반,안전운전 의무 불이행,교차로,교차로부근,승용차,대형,,,945551,1758976,126.8971945,35.82576354
2016,야간,토,1,1,0,0,0,대구,달성군,차대사람,횡단중,횡단중,운전자법규위반,과속,단일로,횡단보도부근,승용차,중형,보행자,보행자,1086102,1738618,128.4238074,35.7756586
2016,야간,목,1,1,0,0,0,경남,고성군,차량단독,공작물충돌,공작물충돌,운전자법규위반,안전운전 의무 불이행,단일로,기타단일로,승용차,중형,,,1078761,1673226,128.3636437,35.05101175
2016,야간,금,1,1,0,0,0,인천,강화군,차대차,측면직각충돌,측면직각충돌,운전자법규위반,안전운전 의무 불이행,단일로,기타단일로,승용차,경형,원동기장치자전거,원동기장치자전거,892506,1976952,126.2792207,37.78594225
2016,야간,월,1,1,0,0,0,제주,제주시,차대사람,횡단중,횡단중,운전자법규위반,안전운전 의무 불이행,단일로,횡단보도상,승용차,중형,보행자,보행자,905833,1500262,126.4861834,33.48999894
2016,주간,토,1,2,1,0,0,전북,익산시,차대차,기타,기타,운전자법규위반,안전운전 의무 불이행,단일로,기타단일로,화물차,대형,특수차,중형,954055,1772819,126.9905399,35.95100393
2016,주간,일,1,4,1,2,0,충남,보령시,차대사람,기타,기타,운전자법규위반,안전운전 의무 불이행,단일로,기타단일로,승용차,대형,보행자,보행자,918021,1833558,126.5846553,36.49617251
2016,야간,토,1,3,2,0,0,전북,정읍시,차량단독,전도전복,전도전복,운전자법규위반,안전운전 의무 불이행,단일로,교량위,승용차,경형,,,948581,1740939,126.9318948,35.66330761
2016,야간,일,1,1,0,0,0,경기,남양주시,차대차,기타,기타,운전자법규위반,안전운전 의무 불이행,단일로,기타단일로,화물차,소형,승용차,중형,978333,1956140,127.2545286,37.60442561
2016,주간,월,1,1,0,0,0,경북,영천시,차량단독,공작물충돌,공작물충돌,운전자법규위반,안전운전 의무 불이행,단일로,기타단일로,승용차,대형,,,1125094,1781154,128.8882594,36.01919734
2016,야간,수,1,2,0,1,0,충남,당진시,차대차,추돌,진행중 추돌,운전자법규위반,안전운전 의무 불이행,단일로,기타단일로,화물차,소형,화물차,대형,927359,1875370,126.6849421,36.87382011
2016,야간,목,1,1,0,0,0,전북,군산시,차대사람,횡단중,횡단중,운전자법규위반,안전운전 의무 불이행,단일로,기타단일로,승용차,경형,보행자,보행자,928988,1775048,126.7124014,35.96973955
2016,주간,목,1,2,1,0,0,대구,북구,차대차,측면직각충돌,측면직각충돌,운전자법규위반,안전운전 의무 불이행,교차로,교차로내,이륜차,소형,자전거,자전거,1097705,1765321,128.5824376,35.87979644
2016,야간,수,1,2,1,0,0,전남,해남군,차대차,정면충돌,정면충돌,운전자법규위반,과속,교차로,교차로부근,승용차,경형,승용차,경형,921411,1611423,126.6440162,34.49376213
2016,야간,수,1,12,0,8,3,경기,군포시,차대사람,기타,기타,운전자법규위반,신호위반,교차로,교차로내,승합차,대형,보행자,보행자,949447,1929187,126.9291332,37.36035728
2016,야간,목,1,1,0,0,0,충북,제천시,차대사람,횡단중,횡단중,운전자법규위반,안전운전 의무 불이행,단일로,기타단일로,승용차,소형,보행자,보행자,1062649,1904569,128.2053801,37.13772823
2016,주간,금,1,1,0,0,0,충남,보령시,차대차,추돌,진행중 추돌,운전자법규위반,안전운전 의무 불이행,단일로,기타단일로,승용차,대형,건설기계,건설기계,915129,1817832,126.5540895,36.35416518
2016,주간,금,1,1,0,0,0,전북,부안군,차대차,정면충돌,정면충돌,운전자법규위반,중앙선 침범,단일로,기타단일로,자전거,자전거,승용차,중형,926658,1744564,126.6893655,35.69460267
2016,주간,수,1,1,0,0,0,울산,북구,차대사람,차도통행중,차도통행중,운전자법규위반,기타(운전자법규위반),단일로,기타단일로,화물차,대형,보행자,보행자,1169263,1731398,129.3677055,35.56415058
2016,주간,수,1,1,0,0,0,경기,군포시,차대사람,횡단중,횡단중,운전자법규위반,안전운전 의무 불이행,단일로,기타단일로,승용차,중형,보행자,보행자,951029,1927560,126.9471046,37.34577723
2016,주간,수,1,1,0,0,0,대전,중구,차대사람,횡단중,횡단중,운전자법규위반,신호위반,교차로,교차로부근,승용차,중형,보행자,보행자,994864,1812418,127.4427901,36.30908606
2016,야간,화,1,1,0,0,0,경북,포항시,차대사람,횡단중,횡단중,운전자법규위반,안전운전 의무 불이행,단일로,기타단일로,승용차,소형,보행자,보행자,1167502,1782340,129.3589486,36.02351498
2016,주간,수,1,1,0,0,0,전남,목포시,차대사람,횡단중,횡단중,운전자법규위반,안전운전 의무 불이행,교차로,교차로내,승용차,중형,보행자,보행자,899432,1645790,126.4005743,34.80171423
2016,주간,토,1,2,0,1,0,경남,김해시,차대차,측면직각충돌,측면직각충돌,운전자법규위반,중앙선 침범,교차로,교차로부근,승용차,중형,화물차,대형,1114445,1698004,128.7582974,35.27097004
2016,주간,일,1,1,0,0,0,울산,울주군,차량단독,전도전복,전도전복,운전자법규위반,안전운전 의무 불이행,단일로,기타단일로,이륜차,소형,,,1138615,1737113,129.0306253,35.6204264
2016,야간,월,1,1,0,0,0,경북,경주시,차대차,기타,기타,운전자법규위반,안전운전 의무 불이행,단일로,기타단일로,승용차,소형,자전거,자전거,1160601,1756002,129.2770785,35.78732679
2016,주간,월,1,1,0,0,0,경기,파주시,차대사람,차도통행중,차도통행중,운전자법규위반,안전운전 의무 불이행,교차로,교차로내,화물차,소형,보행자,보행자,940551,1985202,126.8241276,37.86468574
2016,주간,목,1,1,0,0,0,경북,청송군,차대차,기타,기타,운전자법규위반,기타(운전자법규위반),단일로,기타단일로,화물차,소형,원동기장치자전거,원동기장치자전거,1125638,1808889,128.8987266,36.26910401
2016,야간,목,1,1,0,0,0,세종,세종,차량단독,전도전복,전도전복,운전자법규위반,안전운전 의무 불이행,단일로,기타단일로,승용차,경형,,,980073,1829363,127.2775991,36.46165786
2016,야간,수,1,1,0,0,0,경기,과천시,차대사람,기타,기타,운전자법규위반,안전운전 의무 불이행,단일로,기타단일로,승합차,중형,보행자,보행자,955549,1938895,126.997453,37.44817248
2016,야간,수,1,5,4,0,0,충북,충주시,차대차,정면충돌,정면충돌,운전자법규위반,안전운전 의무 불이행,단일로,기타단일로,승합차,대형,건설기계,건설기계,1041840,1899973,127.970839,37.0974628
2016,야간,일,1,1,0,0,0,광주,서구,차대차,기타,기타,운전자법규위반,신호위반,교차로,교차로내,화물차,중형,이륜차,중형,940638,1684239,126.8482695,35.15164054
2016,주간,목,1,1,0,0,0,충북,영동군,차량단독,전도전복,전도전복,운전자법규위반,안전운전 의무 불이행,단일로,기타단일로,화물차,소형,,,1036110,1792649,127.9013138,36.13019785
2016,주간,월,1,1,0,0,0,서울,양천구,차대차,추돌,진행중 추돌,운전자법규위반,중앙선 침범,교차로,교차로내,자전거,자전거,승용차,중형,944543,1946924,126.8724242,37.51994449
2016,주간,목,1,1,0,0,0,전남,장성군,차대차,측면직각충돌,측면직각충돌,운전자법규위반,안전운전 의무 불이행,교차로,교차로내,승용차,소형,이륜차,소형,933653,1699682,126.7703417,35.29044376
2016,야간,목,1,2,1,0,0,대구,서구,차대사람,횡단중,횡단중,운전자법규위반,과속,단일로,기타단일로,승합차,대형,보행자,보행자,1094309,1763157,128.5448283,35.86059615
2016,야간,토,1,1,0,0,0,경기,광명시,차대사람,기타,기타,운전자법규위반,안전운전 의무 불이행,교차로,교차로부근,화물차,소형,보행자,보행자,945045,1940433,126.8785897,37.46147019
2016,주간,화,1,1,0,0,0,경기,의정부시,차대사람,횡단중,횡단중,운전자법규위반,안전운전 의무 불이행,단일로,기타단일로,승용차,중형,보행자,보행자,958933,1970859,127.0339168,37.73642776
2016,야간,목,1,1,0,0,0,서울,은평구,차대사람,횡단중,횡단중,운전자법규위반,안전운전 의무 불이행,교차로,교차로부근,이륜차,소형,보행자,보행자,948375,1957804,126.9150202,37.61822937
2016,주간,일,1,1,0,0,0,충북,충주시,차대차,측면직각충돌,측면직각충돌,운전자법규위반,중앙선 침범,단일로,기타단일로,자전거,자전거,승용차,대형,1036860,1886173,127.9141228,36.97327695
2016,야간,목,1,1,0,0,0,대구,달서구,차대차,측면직각충돌,측면직각충돌,운전자법규위반,중앙선 침범,단일로,기타단일로,이륜차,소형,승용차,대형,1090817,1758274,128.5053117,35.81674175
2016,주간,화,1,2,0,1,0,인천,남동구,차대사람,기타,기타,운전자법규위반,기타(운전자법규위반),단일로,횡단보도상,화물차,중형,보행자,보행자,929149,1941164,126.6987877,37.46697675
2016,주간,수,1,1,0,0,0,경북,구미시,차대차,기타,기타,운전자법규위반,신호위반,단일로,기타단일로,승용차,경형,자전거,자전거,1077548,1788266,128.3613751,36.08825816
2016,야간,목,1,1,0,0,0,충남,천안시,차대사람,횡단중,횡단중,운전자법규위반,안전운전 의무 불이행,단일로,기타단일로,승용차,중형,보행자,보행자,969582,1867140,127.1590158,36.80193549
2016,야간,토,1,1,0,0,0,경북,구미시,차대차,추돌,진행중 추돌,운전자법규위반,안전운전 의무 불이행,단일로,기타단일로,원동기장치자전거,원동기장치자전거,화물차,중형,1077695,1790179,128.3631964,36.10549168
2016,야간,토,1,2,0,1,0,대구,달성군,차대사람,기타,기타,운전자법규위반,안전운전 의무 불이행,단일로,기타단일로,승용차,대형,보행자,보행자,1087115,1762986,128.4648515,35.85955571
2016,야간,토,1,1,0,0,0,충남,태안군,차대차,추돌,진행중 추돌,운전자법규위반,안전운전 의무 불이행,단일로,기타단일로,이륜차,소형,승용차,중형,897991,1835883,126.3607373,36.51520342
2016,야간,토,1,2,1,0,0,충북,충주시,차량단독,전도전복,전도전복,운전자법규위반,안전운전 의무 불이행,단일로,기타단일로,승용차,중형,,,1038099,1893361,127.9284061,37.03802142
2016,야간,토,1,1,0,0,0,경남,창원시(통합),차대사람,기타,기타,운전자법규위반,안전운전 의무 불이행,단일로,기타단일로,승용차,중형,보행자,보행자,1104829,1694376,128.6521285,35.23931611
2016,야간,토,1,3,2,0,0,경남,창원시(통합),차량단독,공작물충돌,공작물충돌,운전자법규위반,안전운전 의무 불이행,단일로,횡단보도부근,승용차,중형,,,1098135,1690195,128.5780711,35.2023002
2016,야간,화,1,1,0,0,0,경기,의왕시,차대사람,횡단중,횡단중,운전자법규위반,안전운전 의무 불이행,교차로,교차로내,승용차,소형,보행자,보행자,954085,1932587,126.9812945,37.3912443
2016,주간,토,1,4,2,1,0,경남,사천시,차대차,정면충돌,정면충돌,운전자법규위반,중앙선 침범,단일로,기타단일로,승용차,소형,승용차,중형,1039346,1670249,127.9313188,35.02647473
2016,야간,수,1,1,0,0,0,인천,옹진군,차량단독,전도전복,전도전복,운전자법규위반,안전운전 의무 불이행,단일로,기타단일로,승용차,중형,,,907990,1917827,126.4624447,37.25479004
2016,야간,월,1,1,0,0,0,전북,부안군,차대사람,횡단중,횡단중,운전자법규위반,안전운전 의무 불이행,단일로,기타단일로,승용차,중형,보행자,보행자,925630,1743569,126.6780963,35.68555522
2016,주간,금,1,1,0,0,0,전북,완주군,차대사람,횡단중,횡단중,운전자법규위반,안전운전 의무 불이행,단일로,기타단일로,화물차,소형,보행자,보행자,963001,1771900,127.0897777,35.94309848
2016,주간,화,1,4,0,3,0,경북,안동시,차대차,추돌,진행중 추돌,운전자법규위반,안전운전 의무 불이행,교차로,교차로부근,승용차,소형,화물차,소형,1108505,1839866,128.7123577,36.55038777
2016,야간,월,1,1,0,0,0,대전,대덕구,차대차,추돌,진행중 추돌,운전자법규위반,안전운전 의무 불이행,교차로,교차로부근,이륜차,소형,승용차,경형,993523,1819687,127.4277922,36.37461108
2016,야간,목,1,2,1,0,0,경기,수원시,차량단독,공작물충돌,공작물충돌,운전자법규위반,안전운전 의무 불이행,지하도로내,지하도로내,이륜차,소형,,,952959,1920735,126.9693274,37.28392864
2016,주간,월,1,1,0,0,0,부산,해운대구,차대차,기타,기타,운전자법규위반,신호위반,교차로,교차로부근,건설기계,건설기계,승용차,중형,1148366,1686975,129.1291439,35.1671078
2016,주간,수,1,1,0,0,0,전남,광양시,차대사람,횡단중,횡단중,운전자법규위반,안전운전 의무 불이행,단일로,기타단일로,화물차,소형,보행자,보행자,1013916,1663072,127.6524316,34.96242734
2016,주간,화,1,1,0,0,0,전남,해남군,차대차,정면충돌,정면충돌,운전자법규위반,교차로 통행방법 위반,교차로,교차로내,자전거,자전거,화물차,소형,909546,1599134,126.5160993,34.38197938
2016,야간,금,1,1,0,0,0,서울,서초구,차대사람,횡단중,횡단중,운전자법규위반,안전운전 의무 불이행,단일로,기타단일로,승용차,중형,보행자,보행자,960815,1940012,127.0569274,37.45847867
2016,야간,화,1,1,0,0,0,경북,예천군,차량단독,공작물충돌,공작물충돌,운전자법규위반,안전운전 의무 불이행,교차로,교차로부근,승용차,경형,,,1086795,1849496,128.470908,36.63940967
2016,주간,토,1,1,0,0,0,전북,익산시,차대차,정면충돌,정면충돌,운전자법규위반,중앙선 침범,교차로,교차로부근,이륜차,소형,화물차,소형,949826,1780150,126.9431845,36.01688867
2016,야간,토,1,1,0,0,0,전북,익산시,차대사람,횡단중,횡단중,운전자법규위반,안전운전 의무 불이행,교차로,교차로내,승용차,중형,보행자,보행자,952595,1786624,126.9735243,36.0753937
2016,야간,금,1,1,0,0,0,광주,서구,차대사람,횡단중,횡단중,운전자법규위반,안전운전 의무 불이행,단일로,기타단일로,승합차,대형,보행자,보행자,944000,1684424,126.8851661,35.15350154
2016,주간,금,1,1,0,0,0,전남,완도군,차량단독,전도전복,전도전복,운전자법규위반,안전운전 의무 불이행,단일로,기타단일로,승용차,중형,,,914645,1578273,126.5736232,34.1943026
2016,야간,금,1,1,0,0,0,대구,달성군,차량단독,공작물충돌,공작물충돌,운전자법규위반,안전운전 의무 불이행,단일로,기타단일로,승용차,소형,,,1086918,1765649,128.4629603,35.88357978
2016,야간,월,1,1,0,0,0,울산,울주군,차대사람,횡단중,횡단중,운전자법규위반,안전운전 의무 불이행,단일로,기타단일로,승용차,경형,보행자,보행자,1164744,1720804,129.3157122,35.46943822
2016,야간,월,1,1,0,0,0,경기,오산시,차대사람,횡단중,횡단중,운전자법규위반,보행자 보호의무 위반,교차로,교차로부근,승합차,대형,보행자,보행자,962548,1904327,127.0783217,37.13689556
2016,야간,월,1,1,0,0,0,경기,평택시,차대사람,횡단중,횡단중,운전자법규위반,안전운전 의무 불이행,단일로,기타단일로,승용차,중형,보행자,보행자,963561,1889934,127.0904253,37.00719581
2016,야간,토,1,1,0,0,0,부산,사상구,차대차,추돌,진행중 추돌,운전자법규위반,안전운전 의무 불이행,고가도로위,고가도로위,화물차,소형,화물차,소형,1138042,1685319,129.0155564,35.15363913
2016,주간,토,1,1,0,0,0,서울,관악구,차대사람,차도통행중,차도통행중,운전자법규위반,안전운전 의무 불이행,단일로,기타단일로,승용차,중형,보행자,보행자,950415,1943140,126.9391265,37.48617282
2016,야간,수,1,1,0,0,0,경남,창원시(통합),차대사람,횡단중,횡단중,운전자법규위반,안전운전 의무 불이행,단일로,횡단보도상,승용차,중형,보행자,보행자,1104946,1694569,128.6534388,35.24104381
2016,야간,금,1,1,0,0,0,서울,강서구,차대사람,차도통행중,차도통행중,운전자법규위반,안전운전 의무 불이행,단일로,기타단일로,승합차,대형,보행자,보행자,939223,1951550,126.8119866,37.56128421
2016,주간,목,1,1,0,0,0,강원,춘천시,차대사람,횡단중,횡단중,운전자법규위반,안전운전 의무 불이행,단일로,횡단보도부근,승용차,중형,보행자,보행자,1007990,1981633,127.5908013,37.83442273
2016,야간,월,1,1,0,0,0,전남,함평군,차대사람,횡단중,횡단중,운전자법규위반,과속,단일로,기타단일로,승용차,중형,보행자,보행자,912379,1670443,126.5395083,35.02518942
2016,야간,화,1,1,0,0,0,전남,목포시,차대사람,횡단중,횡단중,운전자법규위반,안전운전 의무 불이행,단일로,기타단일로,승합차,경형,보행자,보행자,901924,1646392,126.4277426,34.807385
2016,야간,수,1,1,0,0,0,서울,도봉구,차대사람,차도통행중,차도통행중,운전자법규위반,안전운전 의무 불이행,단일로,횡단보도상,승용차,중형,보행자,보행자,959793,1963808,127.0440664,37.67291482
2016,주간,월,1,1,0,0,0,제주,제주시,차대사람,횡단중,횡단중,운전자법규위반,안전운전 의무 불이행,단일로,기타단일로,화물차,소형,보행자,보행자,908517,1501836,126.515055,33.50443332
2016,주간,월,1,1,0,0,0,강원,원주시,차대사람,횡단중,횡단중,운전자법규위반,보행자 보호의무 위반,단일로,횡단보도상,승합차,경형,보행자,보행자,1037927,1928434,127.9282541,37.35417218
2016,야간,월,1,2,0,1,0,경북,김천시,차대차,추돌,진행중 추돌,운전자법규위반,안전운전 의무 불이행,단일로,기타단일로,화물차,대형,승용차,중형,1068915,1796483,128.2662107,36.16298485
2016,야간,수,2,10,1,5,2,경기,화성시,차대차,측면직각충돌,측면직각충돌,운전자법규위반,안전운전 의무 불이행,단일로,기타단일로,화물차,중형,특수차,대형,945481,1917780,126.8851874,37.25731637
2016,주간,수,1,1,0,0,0,충남,금산군,차대사람,기타,기타,운전자법규위반,안전운전 의무 불이행,단일로,기타단일로,화물차,중형,보행자,보행자,1003062,1787835,127.5340116,36.08746332
2016,야간,토,1,2,1,0,0,충남,당진시,차대차,추돌,진행중 추돌,운전자법규위반,안전거리 미확보,단일로,기타단일로,화물차,소형,화물차,대형,933448,1879779,126.75287,36.91401095
2016,야간,목,1,1,0,0,0,전북,군산시,차대사람,횡단중,횡단중,운전자법규위반,보행자 보호의무 위반,교차로,교차로부근,승용차,경형,보행자,보행자,940463,1771633,126.8399223,35.93957731
2016,야간,금,1,1,0,0,0,전북,부안군,차대사람,횡단중,횡단중,운전자법규위반,안전운전 의무 불이행,교차로,교차로부근,승용차,경형,보행자,보행자,926522,1736141,126.6886309,35.61865454
2016,야간,화,1,1,0,0,0,경남,사천시,차대사람,기타,기타,운전자법규위반,보행자 보호의무 위반,단일로,기타단일로,승용차,경형,보행자,보행자,1052752,1660185,128.0776346,34.93511625
2016,주간,월,1,1,0,0,0,충남,천안시,차대사람,횡단중,횡단중,운전자법규위반,보행자 보호의무 위반,단일로,횡단보도상,승용차,경형,보행자,보행자,968567,1875097,127.1473087,36.87363074
2016,주간,화,1,1,0,0,0,경기,김포시,차대차,정면충돌,정면충돌,운전자법규위반,안전운전 의무 불이행,단일로,기타단일로,화물차,중형,원동기장치자전거,원동기장치자전거,923854,1969202,126.6359989,37.71924809
2016,주간,화,1,1,0,0,0,충남,청양군,차량단독,공작물충돌,공작물충돌,운전자법규위반,안전운전 의무 불이행,단일로,기타단일로,화물차,소형,,,935643,1836878,126.7811229,36.52744779
2016,야간,목,2,4,0,2,0,충남,아산시,차대차,기타,기타,운전자법규위반,안전운전 의무 불이행,단일로,기타단일로,승용차,중형,승용차,소형,952937,1868555,126.9723446,36.81400948
2016,주간,목,1,1,0,0,0,인천,부평구,차대차,측면직각충돌,측면직각충돌,운전자법규위반,신호위반,교차로,교차로부근,자전거,자전거,승합차,대형,930712,1943847,126.7162799,37.4910573
2016,주간,금,1,2,0,1,0,경기,용인시,차대차,측면직각충돌,측면직각충돌,운전자법규위반,중앙선 침범,단일로,기타단일로,승용차,경형,승용차,중형,982944,1908750,127.3078609,37.17735956
2016,야간,화,1,1,0,0,0,경남,김해시,차대사람,횡단중,횡단중,운전자법규위반,안전운전 의무 불이행,단일로,기타단일로,화물차,중형,보행자,보행자,1125898,1693208,128.8834546,35.22636179
2016,야간,화,1,1,0,0,0,경기,용인시,차대사람,횡단중,횡단중,운전자법규위반,신호위반,단일로,횡단보도상,화물차,중형,보행자,보행자,962891,1923794,127.080179,37.31329032
2016,야간,화,1,4,0,2,1,강원,동해시,차대차,측면직각충돌,측면직각충돌,운전자법규위반,중앙선 침범,단일로,기타단일로,화물차,소형,승합차,대형,1145098,1942504,129.1408575,37.47037668
2016,주간,일,1,1,0,0,0,충남,아산시,차량단독,전도전복,전도전복,운전자법규위반,안전운전 의무 불이행,기타/불명,기타/불명,승용차,경형,,,960735,1870975,127.0596457,36.83618019
2016,주간,수,1,1,0,0,0,강원,원주시,차대사람,횡단중,횡단중,운전자법규위반,안전운전 의무 불이행,교차로,교차로내,승용차,중형,보행자,보행자,1039724,1927947,127.9485184,37.34970735
2016,주간,토,1,1,0,0,0,경기,시흥시,차대차,측면직각충돌,측면직각충돌,운전자법규위반,부당한 회전,단일로,횡단보도상,자전거,자전거,승용차,경형,932354,1927263,126.7363009,37.3419271
2016,야간,토,1,1,0,0,0,경기,여주시,차대사람,차도통행중,차도통행중,운전자법규위반,안전운전 의무 불이행,단일로,기타단일로,화물차,소형,보행자,보행자,995342,1933697,127.4473702,37.40237558
2016,주간,수,1,1,0,0,0,강원,삼척시,차대차,측면직각충돌,측면직각충돌,운전자법규위반,안전운전 의무 불이행,교차로,교차로부근,화물차,소형,건설기계,건설기계,1141845,1933074,129.1022716,37.38591519
2016,주간,금,1,5,3,1,0,광주,북구,차대차,측면직각충돌,측면직각충돌,운전자법규위반,안전운전 의무 불이행,단일로,기타단일로,승용차,중형,화물차,대형,942597,1691936,126.8692399,35.22115521
2016,야간,월,1,1,0,0,0,경기,평택시,차대차,추돌,진행중 추돌,운전자법규위반,안전운전 의무 불이행,교차로,교차로부근,승용차,경형,화물차,소형,965137,1889030,127.108181,36.99910676
2016,주간,화,1,1,0,0,0,서울,서대문구,차대사람,횡단중,횡단중,운전자법규위반,안전운전 의무 불이행,단일로,횡단보도부근,건설기계,건설기계,보행자,보행자,949644,1951961,126.929801,37.56563636
2016,주간,토,1,1,0,0,0,인천,옹진군,차량단독,전도전복,전도전복,운전자법규위반,안전운전 의무 불이행,단일로,기타단일로,불명,불명,,,755186,1984097,124.7185165,37.8238069
2016,주간,화,1,1,0,0,0,경기,파주시,차대사람,횡단중,횡단중,운전자법규위반,안전운전 의무 불이행,단일로,기타단일로,승용차,경형,보행자,보행자,937165,1984212,126.7857212,37.85553619
2016,주간,화,1,1,0,0,0,전남,신안군,차량단독,전도전복,전도전복,운전자법규위반,안전운전 의무 불이행,단일로,기타단일로,화물차,경형,,,893667,1657530,126.3360716,34.90697404
2016,주간,목,1,2,1,0,0,전남,곡성군,차량단독,전도전복,전도전복,운전자법규위반,안전운전 의무 불이행,단일로,기타단일로,원동기장치자전거,원동기장치자전거,,,985666,1700769,127.3423359,35.30234328
2016,주간,금,1,2,0,1,0,강원,원주시,차대차,정면충돌,정면충돌,운전자법규위반,교차로 통행방법 위반,교차로,교차로내,화물차,소형,승합차,대형,1038952,1932702,127.9400523,37.39259974
2016,야간,금,1,1,0,0,0,서울,광진구,차대차,정면충돌,정면충돌,운전자법규위반,중앙선 침범,단일로,기타단일로,원동기장치자전거,원동기장치자전거,승용차,중형,963179,1949064,127.0832037,37.54016542
2016,야간,수,1,1,0,0,0,충남,홍성군,차대사람,횡단중,횡단중,운전자법규위반,과속,교차로,교차로내,승용차,경형,보행자,보행자,931885,1838090,126.7390417,36.53811279
2016,주간,금,1,1,0,0,0,부산,진구,차대사람,보도통행중,보도통행중,운전자법규위반,안전운전 의무 불이행,단일로,기타단일로,건설기계,건설기계,보행자,보행자,1141214,1688375,129.0508715,35.18070739
2016,주간,금,1,1,0,0,0,경기,여주시,차대사람,길가장자리구역통행중,길가장자리구역통행중,운전자법규위반,안전운전 의무 불이행,교차로,교차로내,승용차,중형,보행자,보행자,1012813,1928711,127.6446849,37.35735575
2016,야간,금,1,1,0,0,0,경기,광주시,차대사람,횡단중,횡단중,운전자법규위반,안전운전 의무 불이행,교차로,교차로부근,승용차,중형,보행자,보행자,986435,1927744,127.3468412,37.34862866
2016,주간,토,1,1,0,0,0,전남,영광군,차대사람,횡단중,횡단중,운전자법규위반,안전운전 의무 불이행,교차로,교차로부근,화물차,소형,보행자,보행자,909623,1691030,126.5070516,35.21055713
2016,주간,일,1,1,0,0,0,전남,여수시,차량단독,기타,기타,운전자법규위반,안전운전 의무 불이행,단일로,기타단일로,자전거,자전거,,,1011856,1638323,127.6295169,34.73927599
2016,야간,수,1,1,0,0,0,전북,전주시,차대사람,횡단중,횡단중,운전자법규위반,안전운전 의무 불이행,단일로,기타단일로,이륜차,소형,보행자,보행자,965316,1756914,127.1160969,35.80807075
2016,주간,수,1,1,0,0,0,전북,익산시,차대차,측면직각충돌,측면직각충돌,운전자법규위반,서행 및 일시정지위반,교차로,교차로내,화물차,소형,원동기장치자전거,원동기장치자전거,952065,1792425,126.9672855,36.12766604
2016,주간,수,1,1,0,0,0,경북,문경시,차대사람,횡단중,횡단중,운전자법규위반,안전운전 의무 불이행,교차로,교차로내,화물차,소형,보행자,보행자,1067176,1855429,128.2519853,36.69447709
2016,주간,수,1,2,0,1,0,광주,광산구,차대차,측면직각충돌,측면직각충돌,운전자법규위반,과속,교차로,교차로부근,승용차,중형,자전거,자전거,937689,1686497,126.8157242,35.17182146
2016,주간,수,1,1,0,0,0,강원,홍천군,차대차,측면직각충돌,측면직각충돌,운전자법규위반,안전운전 의무 불이행,교차로,교차로내,자전거,자전거,승용차,경형,1035310,1967022,127.9005604,37.70208469
2016,주간,금,1,1,0,0,0,경기,성남시,차대사람,횡단중,횡단중,운전자법규위반,신호위반,교차로,교차로내,승합차,중형,보행자,보행자,967163,1935378,127.1289103,37.41695709
2016,주간,금,1,2,0,0,1,경기,하남시,차대사람,보도통행중,보도통행중,운전자법규위반,중앙선 침범,단일로,교량위,화물차,소형,보행자,보행자,974257,1948590,127.2086162,37.53626904
2016,야간,목,1,1,0,0,0,전남,광양시,차량단독,전도전복,전도전복,운전자법규위반,안전운전 의무 불이행,단일로,기타단일로,승용차,대형,,,1009637,1663871,127.6055701,34.96968208
2016,야간,목,1,1,0,0,0,경북,의성군,차대사람,횡단중,횡단중,운전자법규위반,안전운전 의무 불이행,단일로,기타단일로,승용차,경형,보행자,보행자,1103635,1814755,128.654596,36.32459202
2016,야간,목,1,1,0,0,0,경북,성주군,차대사람,횡단중,횡단중,운전자법규위반,안전운전 의무 불이행,기타/불명,기타/불명,승용차,소형,보행자,보행자,1069912,1770311,128.2749787,35.9269716
2016,야간,금,1,2,1,0,0,서울,서초구,차대차,기타,기타,운전자법규위반,안전운전 의무 불이행,단일로,기타단일로,승용차,중형,승용차,중형,959830,1939882,127.0457972,37.45726464
2016,야간,월,1,2,1,0,0,경기,시흥시,차대차,정면충돌,정면충돌,운전자법규위반,중앙선 침범,단일로,기타단일로,승용차,중형,승용차,중형,935646,1937178,126.7726007,37.43152617
2016,야간,월,1,3,0,2,0,대전,대덕구,차대차,추돌,진행중 추돌,운전자법규위반,안전운전 의무 불이행,단일로,기타단일로,화물차,대형,승합차,대형,992723,1827808,127.4187974,36.44781872
2016,주간,목,1,1,0,0,0,경북,영양군,차량단독,전도전복,전도전복,운전자법규위반,안전운전 의무 불이행,단일로,기타단일로,원동기장치자전거,원동기장치자전거,,,1140531,1858501,129.0734969,36.71414441
2016,야간,수,1,1,0,0,0,충북,보은군,차량단독,전도전복,전도전복,운전자법규위반,안전운전 의무 불이행,단일로,기타단일로,이륜차,소형,,,1019624,1832395,127.7190961,36.48899808
2016,야간,월,1,1,0,0,0,울산,중구,차대사람,기타,기타,운전자법규위반,안전운전 의무 불이행,단일로,기타단일로,승용차,중형,보행자,보행자,1167281,1733195,129.3462173,35.58068173
2016,주간,수,1,1,0,0,0,충북,단양군,차대사람,횡단중,횡단중,운전자법규위반,안전운전 의무 불이행,단일로,기타단일로,화물차,소형,보행자,보행자,1072150,1899724,128.3118786,37.09337376
2016,주간,월,1,1,0,0,0,경기,양평군,차대사람,기타,기타,운전자법규위반,안전운전 의무 불이행,교차로,교차로내,화물차,중형,보행자,보행자,995826,1944666,127.4527767,37.50124957
2016,야간,일,1,1,0,0,0,경남,밀양시,차대사람,횡단중,횡단중,운전자법규위반,안전운전 의무 불이행,단일로,기타단일로,승용차,경형,보행자,보행자,1109816,1712066,128.7093,35.39825658
2016,야간,일,1,1,0,0,0,경남,진주시,차대차,추돌,진행중 추돌,운전자법규위반,중앙선 침범,단일로,기타단일로,원동기장치자전거,원동기장치자전거,화물차,소형,1060280,1683998,128.161791,35.14941291
2016,야간,목,1,1,0,0,0,강원,동해시,차량단독,전도전복,전도전복,운전자법규위반,안전운전 의무 불이행,단일로,기타단일로,승용차,경형,,,1140041,1943595,129.0838977,37.48098708
2016,주간,일,1,1,0,0,0,대전,동구,차대차,측면직각충돌,측면직각충돌,운전자법규위반,안전운전 의무 불이행,단일로,횡단보도상,승용차,경형,자전거,자전거,994837,1816270,127.4424638,36.34381342
2016,야간,토,1,4,1,2,0,대전,서구,차대차,추돌,진행중 추돌,운전자법규위반,신호위반,교차로,교차로내,승용차,중형,승용차,대형,987462,1817944,127.3602504,36.35883735
2016,주간,화,1,1,0,0,0,강원,고성군,차량단독,전도전복,전도전복,운전자법규위반,안전운전 의무 불이행,단일로,기타단일로,승용차,소형,,,1093030,2028711,128.5632621,38.25394664
2016,야간,수,1,1,0,0,0,대전,유성구,차대사람,횡단중,횡단중,운전자법규위반,안전운전 의무 불이행,단일로,횡단보도부근,승용차,경형,보행자,보행자,984286,1816611,127.3248774,36.34677321
2016,주간,토,1,1,0,0,0,부산,연제구,차대사람,횡단중,횡단중,운전자법규위반,안전운전 의무 불이행,교차로,교차로부근,승용차,중형,보행자,보행자,1144740,1687716,129.089606,35.17430955
2016,주간,토,1,4,1,2,0,전북,김제시,차대차,추돌,진행중 추돌,운전자법규위반,안전운전 의무 불이행,단일로,기타단일로,특수차,대형,승용차,중형,938314,1752744,126.8175591,35.76914976
2016,야간,토,1,1,0,0,0,제주,제주시,차대사람,횡단중,횡단중,운전자법규위반,보행자 보호의무 위반,단일로,기타단일로,화물차,소형,보행자,보행자,908676,1503173,126.516577,33.51673666
2016,주간,화,1,1,0,0,0,경남,산청군,차량단독,전도전복,전도전복,운전자법규위반,안전운전 의무 불이행,단일로,기타단일로,이륜차,소형,,,1046639,1710283,128.0135312,35.3871417
2016,주간,목,1,2,0,1,0,울산,북구,차대차,측면직각충돌,측면직각충돌,운전자법규위반,차로위반(진로변경 위반),단일로,기타단일로,이륜차,소형,승용차,경형,1168701,1731035,129.3614315,35.56097518
2016,야간,목,1,1,0,0,0,제주,제주시,차대사람,횡단중,횡단중,운전자법규위반,안전운전 의무 불이행,교차로,교차로부근,승용차,경형,보행자,보행자,910168,1500744,126.5334263,33.49471017
2016,야간,금,1,1,0,0,0,강원,강릉시,차대사람,횡단중,횡단중,운전자법규위반,안전운전 의무 불이행,단일로,기타단일로,승용차,중형,보행자,보행자,1123958,1973171,128.9070621,37.74978808
2016,야간,금,1,1,0,0,0,경기,성남시,차대사람,기타,기타,운전자법규위반,안전운전 의무 불이행,교차로,교차로부근,승용차,경형,승용차,경형,969154,1938264,127.1512895,37.44303884
2016,야간,금,1,1,0,0,0,서울,도봉구,차대사람,횡단중,횡단중,운전자법규위반,과속,단일로,기타단일로,승용차,중형,보행자,보행자,959921,1965617,127.0454183,37.68922512
2016,주간,목,1,1,0,0,0,전북,남원시,차대차,측면직각충돌,측면직각충돌,운전자법규위반,안전운전 의무 불이행,교차로,교차로내,승용차,대형,자전거,자전거,988180,1711295,127.3694128,35.39739757
2016,주간,목,1,1,0,0,0,경기,평택시,차대사람,횡단중,횡단중,운전자법규위반,안전운전 의무 불이행,단일로,횡단보도상,승용차,경형,보행자,보행자,947920,1881642,126.9151995,36.93171483
2016,주간,목,1,5,2,2,0,전남,장성군,차대차,측면직각충돌,측면직각충돌,운전자법규위반,안전운전 의무 불이행,교차로,교차로내,승용차,소형,승용차,소형,935487,1701683,126.7903524,35.30860536
2016,야간,화,1,1,0,0,0,경북,경주시,차대사람,길가장자리구역통행중,길가장자리구역통행중,운전자법규위반,안전운전 의무 불이행,단일로,기타단일로,화물차,소형,보행자,보행자,1156140,1760175,129.2285521,35.82565366
2016,야간,일,1,2,0,1,0,전남,진도군,차대사람,횡단중,횡단중,운전자법규위반,안전운전 의무 불이행,단일로,기타단일로,승용차,중형,보행자,보행자,892314,1612270,126.3270382,34.49876814
2016,야간,일,1,1,0,0,0,서울,동대문구,차대사람,횡단중,횡단중,운전자법규위반,안전운전 의무 불이행,단일로,횡단보도상,승합차,대형,보행자,보행자,960889,1954444,127.0569956,37.58856263
2016,야간,금,1,1,0,0,0,경남,창원시(통합),차량단독,기타,기타,운전자법규위반,안전운전 의무 불이행,기타/불명,기타/불명,이륜차,소형,,,1110326,1689479,128.7118754,35.19457907
2016,야간,토,1,1,0,0,0,충남,청양군,차대사람,차도통행중,차도통행중,운전자법규위반,안전운전 의무 불이행,단일로,기타단일로,화물차,경형,보행자,보행자,933928,1823472,126.7631121,36.40648254
2016,주간,목,1,1,0,0,0,경기,성남시,차대사람,기타,기타,운전자법규위반,안전운전 의무 불이행,단일로,터널안,화물차,소형,보행자,보행자,964999,1932794,127.1045779,37.39358667
2016,주간,금,1,1,0,0,0,경북,경주시,차대사람,횡단중,횡단중,운전자법규위반,안전운전 의무 불이행,단일로,기타단일로,승합차,대형,보행자,보행자,1160853,1749442,129.2785492,35.72816717
2016,주간,일,1,1,0,0,0,강원,태백시,차량단독,공작물충돌,공작물충돌,운전자법규위반,안전운전 의무 불이행,단일로,기타단일로,승용차,소형,,,1133832,1904692,129.0066832,37.13135951
2016,야간,금,1,1,0,0,0,서울,마포구,차대차,정면충돌,정면충돌,운전자법규위반,중앙선 침범,교차로,교차로부근,승용차,경형,승용차,대형,945440,1953949,126.882052,37.58331476
2016,야간,목,1,2,0,1,0,울산,남구,차대차,추돌,진행중 추돌,운전자법규위반,안전운전 의무 불이행,단일로,기타단일로,승용차,중형,승합차,대형,1162180,1728074,129.2889183,35.53537931
2016,야간,금,1,1,0,0,0,부산,강서구,차대사람,차도통행중,차도통행중,운전자법규위반,안전운전 의무 불이행,단일로,기타단일로,승용차,경형,보행자,보행자,1126221,1680679,128.885086,35.11337798
2016,주간,금,1,1,0,0,0,경기,의정부시,차대사람,횡단중,횡단중,운전자법규위반,안전운전 의무 불이행,단일로,기타단일로,화물차,중형,보행자,보행자,961101,1972179,127.0584508,37.74841968
2016,주간,수,1,1,0,0,0,경남,김해시,차대차,측면직각충돌,측면직각충돌,운전자법규위반,교차로 통행방법 위반,교차로,교차로내,자전거,자전거,화물차,소형,1124679,1692303,128.8699256,35.21835598
2016,야간,금,1,1,0,0,0,경남,하동군,차량단독,전도전복,전도전복,운전자법규위반,안전운전 의무 불이행,기타/불명,기타/불명,원동기장치자전거,원동기장치자전거,,,1028107,1666501,127.8079898,34.99305325
2016,야간,목,1,1,0,0,0,경북,경주시,차대사람,횡단중,횡단중,운전자법규위반,안전운전 의무 불이행,단일로,기타단일로,승용차,경형,보행자,보행자,0,0,117.9926028,19.69447709
2016,야간,금,1,1,0,0,0,서울,송파구,차대사람,횡단중,횡단중,운전자법규위반,안전운전 의무 불이행,교차로,교차로내,승용차,대형,보행자,보행자,966117,1943682,127.1186118,37.49242113
2016,주간,금,1,1,0,0,0,경북,포항시,차대차,측면직각충돌,측면직각충돌,운전자법규위반,안전운전 의무 불이행,단일로,기타단일로,특수차,대형,승용차,경형,1169489,1778873,129.3802476,35.99192982
2016,야간,일,1,1,0,0,0,충남,서산시,차대사람,차도통행중,차도통행중,운전자법규위반,안전운전 의무 불이행,단일로,기타단일로,승용차,대형,보행자,보행자,907878,1865000,126.4676437,36.77865303
2016,주간,월,1,4,0,3,0,경기,광주시,차량단독,공작물충돌,공작물충돌,운전자법규위반,안전운전 의무 불이행,단일로,기타단일로,승용차,경형,,,978166,1939636,127.2531274,37.45566225
2016,주간,목,2,2,0,0,0,강원,강릉시,차량단독,전도전복,전도전복,운전자법규위반,안전운전 의무 불이행,단일로,기타단일로,화물차,소형,,,1117391,1975581,128.8329281,37.77237043
2016,야간,금,1,1,0,0,0,전북,김제시,차대차,추돌,진행중 추돌,운전자법규위반,안전운전 의무 불이행,단일로,기타단일로,화물차,경형,화물차,중형,954632,1752044,126.9981198,35.76372744
2016,야간,수,1,3,0,0,2,경기,오산시,차량단독,전도전복,전도전복,운전자법규위반,안전운전 의무 불이행,단일로,기타단일로,화물차,소형,,,963064,1905822,127.0840575,37.15039198
2016,야간,일,1,8,3,4,0,경기,광주시,차대차,기타,기타,운전자법규위반,안전운전 의무 불이행,단일로,기타단일로,승용차,중형,승용차,중형,982760,1934511,127.3051903,37.40956404
2016,야간,일,1,2,1,0,0,충남,공주시,차대차,기타,기타,운전자법규위반,과속,단일로,기타단일로,승용차,소형,화물차,소형,961737,1819612,127.0734399,36.37319522
2016,야간,토,1,2,0,1,0,경남,진주시,차량단독,공작물충돌,공작물충돌,운전자법규위반,안전운전 의무 불이행,단일로,기타단일로,승용차,대형,,,1052041,1684443,128.0713705,35.15388563
2016,야간,금,1,1,0,0,0,전남,무안군,차량단독,공작물충돌,공작물충돌,운전자법규위반,안전운전 의무 불이행,단일로,터널안,화물차,중형,,,908238,1665588,126.4946568,34.98104879
2016,주간,금,1,1,0,0,0,경북,예천군,차량단독,공작물충돌,공작물충돌,운전자법규위반,안전운전 의무 불이행,단일로,기타단일로,화물차,소형,,,1088225,1855310,128.4875715,36.69168329
2016,주간,토,1,1,0,0,0,대구,서구,차대사람,기타,기타,운전자법규위반,안전운전 의무 불이행,단일로,기타단일로,승용차,대형,보행자,보행자,1096291,1763544,128.5662058,35.86348447
2016,야간,목,1,1,0,0,0,제주,제주시,차대사람,횡단중,횡단중,운전자법규위반,안전운전 의무 불이행,단일로,기타단일로,승용차,소형,보행자,보행자,896605,1496214,126.3874595,33.45285031
2016,야간,일,1,1,0,0,0,경북,청도군,차량단독,전도전복,전도전복,운전자법규위반,안전운전 의무 불이행,단일로,기타단일로,승용차,소형,,,1099474,1739281,128.598772,35.64468629
2016,야간,일,1,1,0,0,0,경기,연천군,차대사람,차도통행중,차도통행중,운전자법규위반,안전운전 의무 불이행,단일로,기타단일로,승용차,대형,보행자,보행자,962222,2011146,127.0691307,38.09966697
2016,야간,금,2,4,1,1,0,서울,관악구,차대차,정면충돌,정면충돌,운전자법규위반,중앙선 침범,단일로,기타단일로,이륜차,대형,원동기장치자전거,원동기장치자전거,949509,1942381,126.9289309,37.47928267
2016,야간,토,1,1,0,0,0,경기,안산시,차대사람,기타,기타,운전자법규위반,안전운전 의무 불이행,단일로,기타단일로,승용차,중형,보행자,보행자,936423,1926671,126.7822858,37.33687889
2016,야간,화,1,1,0,0,0,대전,서구,차대사람,기타,기타,운전자법규위반,안전운전 의무 불이행,단일로,기타단일로,승용차,중형,보행자,보행자,987243,1817320,127.3578196,36.35320887
2016,주간,수,1,1,0,0,0,서울,서초구,차대차,추돌,진행중 추돌,운전자법규위반,안전거리 미확보,지하도로내,지하도로내,승용차,경형,건설기계,건설기계,955750,1944704,126.9993762,37.50054073
2016,주간,토,1,2,1,0,0,경남,밀양시,차대차,측면직각충돌,측면직각충돌,운전자법규위반,교차로 통행방법 위반,교차로,교차로내,화물차,소형,원동기장치자전거,원동기장치자전거,1112113,1709825,128.7342817,35.37779865
2016,야간,목,1,1,0,0,0,경기,수원시,차량단독,전도전복,전도전복,운전자법규위반,안전운전 의무 불이행,지하도로내,지하도로내,승용차,경형,,,955139,1919136,126.9940149,37.27005436
2016,주간,목,1,2,0,1,0,경북,영천시,차대사람,횡단중,횡단중,운전자법규위반,보행자 보호의무 위반,단일로,기타단일로,이륜차,소형,보행자,보행자,1129300,1775588,128.9340151,35.96848097
2016,야간,금,1,1,0,0,0,충남,당진시,차대사람,횡단중,횡단중,운전자법규위반,안전운전 의무 불이행,단일로,기타단일로,승용차,경형,보행자,보행자,930584,1877888,126.720894,36.89675943
2016,야간,토,1,1,0,0,0,경남,거제시,차대사람,기타,기타,운전자법규위반,안전운전 의무 불이행,단일로,기타단일로,승용차,중형,보행자,보행자,1091964,1656373,128.5065402,34.89794677
2016,야간,금,1,1,0,0,0,서울,동작구,차대사람,횡단중,횡단중,운전자법규위반,안전운전 의무 불이행,교차로,교차로내,승용차,중형,보행자,보행자,950532,1946181,126.9402453,37.51358835
2016,야간,금,1,1,0,0,0,전북,부안군,차대사람,길가장자리구역통행중,길가장자리구역통행중,운전자법규위반,안전운전 의무 불이행,단일로,기타단일로,승용차,경형,보행자,보행자,925142,1741374,126.6729078,35.66572929
2016,야간,목,1,2,0,1,0,경기,성남시,차대차,추돌,진행중 추돌,운전자법규위반,신호위반,교차로,교차로내,승합차,중형,이륜차,소형,967157,1935375,127.1288426,37.41692984
2016,야간,수,2,3,0,1,0,경기,고양시,차대사람,횡단중,횡단중,운전자법규위반,과속,교차로,교차로부근,승용차,중형,보행자,보행자,936551,1961231,126.7807498,37.64837585
2016,야간,화,1,1,0,0,0,전남,무안군,차대차,추돌,진행중 추돌,운전자법규위반,과속,단일로,기타단일로,승용차,소형,승용차,소형,901926,1652035,126.4271047,34.85826308
2016,주간,수,1,1,0,0,0,전남,해남군,차대사람,횡단중,횡단중,운전자법규위반,안전운전 의무 불이행,교차로,교차로내,화물차,소형,보행자,보행자,902285,1620733,126.4346575,34.57606966
2016,야간,토,1,1,0,0,0,경기,안양시,차대사람,횡단중,횡단중,운전자법규위반,안전운전 의무 불이행,교차로,교차로내,승용차,중형,보행자,보행자,952126,1931894,126.9592092,37.38489884
2016,야간,일,2,4,2,0,0,경남,밀양시,차대차,정면충돌,정면충돌,운전자법규위반,중앙선 침범,단일로,기타단일로,승용차,경형,승용차,경형,1115542,1727553,128.7745427,35.53721668
2016,주간,목,1,1,0,0,0,경기,성남시,차대사람,횡단중,횡단중,운전자법규위반,과속,교차로,교차로부근,승합차,대형,보행자,보행자,968357,1938865,127.1422538,37.44842908
2016,주간,금,1,3,2,0,0,충남,논산시,차대차,측면직각충돌,측면직각충돌,운전자법규위반,과속,교차로,교차로내,화물차,소형,농기계,농기계,961720,1799288,127.0742467,36.18996822
2016,야간,월,1,1,0,0,0,광주,남구,차대사람,횡단중,횡단중,운전자법규위반,안전운전 의무 불이행,교차로,교차로부근,승용차,중형,보행자,보행자,945456,1682548,126.9012749,35.13666622
2016,야간,화,1,1,0,0,0,전북,남원시,차대사람,횡단중,횡단중,운전자법규위반,과속,교차로,교차로부근,승용차,중형,보행자,보행자,998685,1721915,127.486644,35.49324632
2016,야간,금,1,1,0,0,0,대구,중구,차대사람,횡단중,횡단중,운전자법규위반,안전운전 의무 불이행,단일로,기타단일로,승용차,중형,보행자,보행자,1097616,1764316,128.5813017,35.87055484
2016,주간,화,1,5,0,4,0,충남,홍성군,차대차,추돌,진행중 추돌,운전자법규위반,안전운전 의무 불이행,단일로,기타단일로,화물차,대형,화물차,중형,915317,1847722,126.5529101,36.62360946
2016,주간,월,1,2,1,0,0,경기,성남시,차대차,추돌,진행중 추돌,운전자법규위반,안전운전 의무 불이행,단일로,기타단일로,화물차,소형,화물차,소형,963940,1934068,127.092552,37.40502937
2016,주간,목,1,1,0,0,0,전남,여수시,차량단독,기타,기타,운전자법규위반,기타(운전자법규위반),단일로,기타단일로,특수차,대형,,,1016810,1647921,127.6838269,34.82575848
2016,주간,목,1,1,0,0,0,경기,성남시,차대사람,횡단중,횡단중,운전자법규위반,안전운전 의무 불이행,단일로,기타단일로,승용차,중형,보행자,보행자,971587,1937861,127.1788094,37.4394843
2016,야간,화,1,1,0,0,0,경남,양산시,차대사람,횡단중,횡단중,운전자법규위반,안전운전 의무 불이행,기타/불명,기타/불명,승용차,경형,보행자,보행자,1143163,1719175,129.0776588,35.45809918
2016,주간,금,2,2,0,0,0,전남,곡성군,차량단독,공작물충돌,공작물충돌,운전자법규위반,안전운전 의무 불이행,단일로,기타단일로,승용차,경형,,,978061,1680067,127.2592383,35.11553433
2016,주간,화,1,1,0,0,0,경기,여주시,차량단독,전도전복,전도전복,운전자법규위반,안전운전 의무 불이행,단일로,기타단일로,농기계,농기계,,,1004344,1926476,127.5490396,37.33728801
2016,야간,월,1,3,0,1,1,경기,용인시,차대차,추돌,진행중 추돌,운전자법규위반,안전운전 의무 불이행,단일로,기타단일로,승용차,중형,화물차,소형,982160,1915879,127.2988586,37.24160611
2016,야간,목,1,1,0,0,0,경북,구미시,차대차,추돌,진행중 추돌,운전자법규위반,안전운전 의무 불이행,단일로,기타단일로,화물차,중형,화물차,대형,1066351,1809985,128.2388497,36.28488245
2016,야간,화,1,1,0,0,0,울산,울주군,차량단독,전도전복,전도전복,운전자법규위반,안전운전 의무 불이행,단일로,기타단일로,화물차,소형,,,1151692,1743035,129.176087,35.67187834
2016,야간,화,1,2,1,0,0,경기,평택시,차대차,기타,기타,운전자법규위반,안전운전 의무 불이행,단일로,기타단일로,승용차,대형,화물차,대형,948819,1894612,126.9244135,37.04867554
2016,주간,화,1,9,5,3,0,경북,영덕군,차대차,추돌,진행중 추돌,운전자법규위반,안전운전 의무 불이행,단일로,기타단일로,승용차,소형,승용차,중형,1167376,1822515,129.3661274,36.38554804
2016,주간,월,1,1,0,0,0,경북,성주군,차량단독,공작물충돌,공작물충돌,운전자법규위반,안전운전 의무 불이행,단일로,기타단일로,승용차,중형,,,1072890,1766172,128.3076079,35.88944013
2016,야간,화,1,1,0,0,0,충남,태안군,차대사람,횡단중,횡단중,운전자법규위반,안전운전 의무 불이행,단일로,기타단일로,승용차,중형,보행자,보행자,892233,1861891,126.2927916,36.74898178
2016,주간,금,1,1,0,0,0,경남,김해시,차대차,측면직각충돌,측면직각충돌,운전자법규위반,안전운전 의무 불이행,교차로,교차로내,건설기계,건설기계,화물차,소형,1134747,1698229,128.9814888,35.27047112
2016,야간,일,1,1,0,0,0,경기,성남시,차대사람,횡단중,횡단중,운전자법규위반,신호위반,단일로,횡단보도상,승합차,중형,보행자,보행자,967112,1937541,127.1282375,37.43645167
2016,야간,금,1,1,0,0,0,서울,동대문구,차대사람,횡단중,횡단중,운전자법규위반,안전운전 의무 불이행,교차로,교차로내,승용차,경형,보행자,보행자,961401,1952127,127.0629169,37.56770048
2016,야간,수,1,1,0,0,0,경북,구미시,차대차,추돌,진행중 추돌,운전자법규위반,안전운전 의무 불이행,교차로,교차로부근,이륜차,소형,승용차,경형,1072111,1804808,128.302507,36.23780005
2016,야간,수,1,1,0,0,0,전남,해남군,차대사람,횡단중,횡단중,운전자법규위반,안전운전 의무 불이행,교차로,교차로부근,승용차,중형,보행자,보행자,921181,1623791,126.6403651,34.60526797
2016,주간,일,1,1,0,0,0,강원,원주시,차량단독,공작물충돌,공작물충돌,운전자법규위반,안전운전 의무 불이행,단일로,기타단일로,승용차,대형,,,1043154,1921946,127.9868957,37.2954635
2016,야간,수,1,1,0,0,0,전남,담양군,차대사람,횡단중,횡단중,운전자법규위반,안전운전 의무 불이행,단일로,기타단일로,승용차,소형,보행자,보행자,950746,1698481,126.9583872,35.2806027
2016,야간,수,1,1,0,0,0,경기,고양시,차대사람,횡단중,횡단중,운전자법규위반,보행자 보호의무 위반,단일로,횡단보도상,승용차,소형,보행자,보행자,935101,1963511,126.7641112,37.6688234
2016,주간,월,1,1,0,0,0,경기,김포시,차대차,정면충돌,정면충돌,운전자법규위반,교차로 통행방법 위반,교차로,교차로내,승용차,경형,이륜차,소형,916715,1968831,126.5550474,37.71528317
2016,야간,목,1,1,0,0,0,경기,남양주시,차대차,정면충돌,정면충돌,운전자법규위반,부당한 회전,단일로,기타단일로,자전거,자전거,승용차,중형,984411,1952352,127.3234682,37.57040565
2016,야간,수,1,2,1,0,0,부산,강서구,차량단독,전도전복,전도전복,운전자법규위반,안전운전 의무 불이행,단일로,기타단일로,화물차,소형,,,1129018,1678057,128.915362,35.08938733
2016,야간,화,1,2,0,1,0,서울,성동구,차대차,정면충돌,정면충돌,운전자법규위반,신호위반,교차로,교차로내,원동기장치자전거,원동기장치자전거,화물차,소형,958058,1950443,127.0251593,37.55237593
2016,주간,일,1,1,0,0,0,대구,동구,차대차,기타,기타,운전자법규위반,안전운전 의무 불이행,단일로,기타단일로,승합차,대형,자전거,자전거,1103154,1765986,128.6428119,35.88493048
2016,야간,금,1,2,1,0,0,서울,성동구,차대사람,보도통행중,보도통행중,운전자법규위반,중앙선 침범,단일로,횡단보도상,승용차,경형,보행자,보행자,961629,1949977,127.0658362,37.54874863
2016,주간,월,1,1,0,0,0,충남,아산시,차대차,측면직각충돌,측면직각충돌,운전자법규위반,신호위반,교차로,교차로내,자전거,자전거,승용차,중형,951971,1865369,126.9617155,36.78524126
2016,야간,수,1,1,0,0,0,충남,당진시,차대사람,횡단중,횡단중,운전자법규위반,과속,단일로,기타단일로,승합차,소형,보행자,보행자,928819,1879864,126.7009001,36.91443895
2016,주간,수,1,1,0,0,0,경남,통영시,차대사람,횡단중,횡단중,운전자법규위반,안전운전 의무 불이행,단일로,기타단일로,승용차,대형,보행자,보행자,1083778,1653075,128.4166254,34.86891937
2016,주간,일,1,2,1,0,0,전북,정읍시,차대사람,길가장자리구역통행중,길가장자리구역통행중,운전자법규위반,중앙선 침범,단일로,기타단일로,승용차,소형,보행자,보행자,943577,1732339,126.8772122,35.58549673
2016,야간,일,1,1,0,0,0,경북,경주시,차량단독,전도전복,전도전복,운전자법규위반,안전운전 의무 불이행,단일로,기타단일로,승용차,중형,,,1144001,1761082,129.0943792,35.83568554
2016,야간,토,1,3,0,2,0,경북,안동시,차대사람,기타,기타,운전자법규위반,안전운전 의무 불이행,단일로,기타단일로,화물차,중형,보행자,보행자,1094449,1847386,128.5562551,36.61966278
2016,주간,수,1,1,0,0,0,강원,강릉시,차대사람,횡단중,횡단중,운전자법규위반,안전운전 의무 불이행,단일로,기타단일로,승용차,경형,보행자,보행자,1123451,1975466,128.9016989,37.77053589
2016,주간,토,1,1,0,0,0,전남,광양시,차량단독,전도전복,전도전복,운전자법규위반,안전운전 의무 불이행,교차로,교차로부근,이륜차,소형,,,1021914,1673875,127.7403235,35.05970018
2016,주간,토,1,1,0,0,0,충북,청주시,차대사람,횡단중,횡단중,운전자법규위반,보행자 보호의무 위반,교차로,교차로내,승용차,중형,보행자,보행자,998879,1846957,127.4874631,36.62047654
2016,야간,토,1,2,1,0,0,경북,성주군,차대차,기타,기타,운전자법규위반,안전운전 의무 불이행,교차로,교차로부근,승용차,중형,화물차,소형,1064520,1772298,128.2153738,35.94525601
2016,야간,일,1,1,0,0,0,충남,예산군,차대사람,횡단중,횡단중,운전자법규위반,보행자 보호의무 위반,교차로,교차로부근,승용차,중형,보행자,보행자,925260,1855679,126.6633247,36.69616572
2016,주간,토,1,1,0,0,0,전남,순천시,차대사람,횡단중,횡단중,운전자법규위반,중앙선 침범,단일로,횡단보도상,승용차,경형,보행자,보행자,999152,1661760,127.4907126,34.95069167
2016,주간,금,1,3,1,1,0,경북,문경시,차대차,정면충돌,정면충돌,운전자법규위반,중앙선 침범,단일로,기타단일로,화물차,소형,건설기계,건설기계,1067010,1849587,128.2496163,36.64182809
2016,야간,토,1,3,2,0,0,전남,목포시,차대차,정면충돌,정면충돌,운전자법규위반,중앙선 침범,단일로,기타단일로,승용차,소형,승용차,중형,903163,1645923,126.4413405,34.803275
2016,야간,수,1,1,0,0,0,충북,보은군,차대사람,횡단중,횡단중,운전자법규위반,교차로 통행방법 위반,교차로,교차로내,승용차,경형,보행자,보행자,1025417,1830196,127.7837003,36.46903756
2016,야간,목,1,1,0,0,0,서울,서대문구,차대사람,길가장자리구역통행중,길가장자리구역통행중,운전자법규위반,안전운전 의무 불이행,단일로,기타단일로,승용차,중형,보행자,보행자,952823,1951181,126.9658467,37.55877445
2016,야간,월,1,4,3,0,0,전남,영암군,차대차,정면충돌,정면충돌,운전자법규위반,중앙선 침범,단일로,기타단일로,승용차,중형,승용차,대형,903628,1644495,126.4465871,34.79044396
2016,주간,화,1,1,0,0,0,부산,강서구,차대차,기타,기타,운전자법규위반,중앙선 침범,기타/불명,기타/불명,승용차,중형,원동기장치자전거,원동기장치자전거,1131963,1691985,128.9498429,35.21458594
2016,주간,토,1,1,0,0,0,서울,도봉구,차대사람,횡단중,횡단중,운전자법규위반,안전운전 의무 불이행,단일로,기타단일로,승합차,경형,보행자,보행자,959693,1963063,127.0429252,37.66614048
2016,주간,토,1,1,0,0,0,광주,북구,차대사람,횡단중,횡단중,운전자법규위반,안전운전 의무 불이행,단일로,횡단보도상,승용차,경형,보행자,보행자,942112,1688201,126.8641735,35.1874504
2016,주간,금,1,1,0,0,0,강원,영월군,차량단독,전도전복,전도전복,운전자법규위반,안전운전 의무 불이행,단일로,기타단일로,승용차,경형,,,1080714,1911972,128.409557,37.20306694
2016,야간,금,1,2,1,0,0,대구,동구,차대차,측면직각충돌,측면직각충돌,운전자법규위반,신호위반,교차로,교차로내,승용차,중형,승용차,중형,1109968,1763956,128.7180501,35.86600043
2016,주간,금,1,1,0,0,0,경기,여주시,차대사람,횡단중,횡단중,운전자법규위반,안전운전 의무 불이행,단일로,횡단보도상,승용차,중형,보행자,보행자,1004762,1922149,127.5537306,37.29828263
2016,야간,수,1,2,0,1,0,서울,강북구,차대차,추돌,진행중 추돌,운전자법규위반,안전운전 의무 불이행,교차로,교차로부근,승용차,중형,승합차,대형,957091,1959488,127.0136816,37.63385578
2016,야간,수,1,1,0,0,0,경남,창원시(통합),차대사람,횡단중,횡단중,운전자법규위반,신호위반,단일로,기타단일로,승합차,대형,보행자,보행자,1091865,1694377,128.5096682,35.24059752
2016,주간,목,1,1,0,0,0,충남,부여군,차대사람,횡단중,횡단중,운전자법규위반,안전운전 의무 불이행,교차로,교차로부근,승용차,소형,보행자,보행자,946621,1808216,126.9057127,36.26974009
2016,주간,목,1,1,0,0,0,경남,고성군,차량단독,전도전복,전도전복,운전자법규위반,안전운전 의무 불이행,교차로,교차로내,이륜차,소형,,,1072770,1669024,128.2975879,35.01357421
2016,야간,토,1,1,0,0,0,경북,군위군,차량단독,전도전복,전도전복,운전자법규위반,안전운전 의무 불이행,단일로,기타단일로,승용차,중형,,,1110078,1798066,128.7240145,36.17345081
2016,주간,목,1,1,0,0,0,경북,경주시,차대차,측면직각충돌,측면직각충돌,운전자법규위반,안전운전 의무 불이행,단일로,기타단일로,화물차,소형,화물차,소형,1159665,1757258,129.2669766,35.7987984
2016,주간,월,4,5,0,1,0,경북,청도군,차대차,추돌,진행중 추돌,운전자법규위반,안전운전 의무 불이행,단일로,기타단일로,화물차,대형,화물차,중형,1115293,1731915,128.7724179,35.5765664
2016,야간,화,1,1,0,0,0,충북,영동군,차대차,추돌,진행중 추돌,운전자법규위반,안전운전 의무 불이행,단일로,기타단일로,화물차,대형,화물차,대형,1042866,1801789,127.9768944,36.21232328
2016,야간,금,1,1,0,0,0,경기,성남시,차량단독,공작물충돌,공작물충돌,운전자법규위반,안전운전 의무 불이행,단일로,기타단일로,승합차,소형,,,966630,1937412,127.122795,37.43527166
2016,야간,일,1,1,0,0,0,서울,강북구,차대사람,기타,기타,운전자법규위반,안전운전 의무 불이행,단일로,기타단일로,승합차,대형,보행자,보행자,958328,1958178,127.0277757,37.62210549
2016,야간,화,1,1,0,0,0,대구,남구,차대사람,횡단중,횡단중,운전자법규위반,안전운전 의무 불이행,교차로,교차로내,승용차,중형,보행자,보행자,1099529,1760707,128.6022143,35.83789766
2016,주간,금,1,1,0,0,0,충남,부여군,차량단독,전도전복,전도전복,운전자법규위반,안전운전 의무 불이행,단일로,기타단일로,이륜차,소형,,,953395,1803163,126.9814281,36.22453724
2016,야간,토,1,1,0,0,0,부산,동래구,차대차,측면직각충돌,측면직각충돌,운전자법규위반,안전운전 의무 불이행,단일로,기타단일로,이륜차,소형,승용차,중형,1145064,1689838,129.0989387,35.19282181
2016,야간,수,1,1,0,0,0,전남,영광군,차대차,측면직각충돌,측면직각충돌,운전자법규위반,안전운전 의무 불이행,단일로,교량위,승용차,소형,이륜차,소형,902075,1708652,126.422032,35.3687183
2016,주간,월,1,1,0,0,0,서울,강북구,차대차,측면직각충돌,측면직각충돌,운전자법규위반,안전운전 의무 불이행,교차로,교차로내,자전거,자전거,승용차,경형,959553,1959139,127.0416304,37.63071744
2016,야간,토,1,2,0,1,0,경북,포항시,차대차,정면충돌,정면충돌,운전자법규위반,안전운전 의무 불이행,교차로,교차로내,승용차,경형,승용차,중형,1170547,1788868,129.3941351,36.08180981
2016,주간,월,1,1,0,0,0,경남,창녕군,차량단독,전도전복,전도전복,운전자법규위반,안전운전 의무 불이행,단일로,기타단일로,농기계,농기계,,,1088222,1728071,128.4732773,35.54469503
2016,야간,수,1,1,0,0,0,대전,유성구,차대차,추돌,진행중 추돌,운전자법규위반,안전운전 의무 불이행,단일로,기타단일로,화물차,소형,화물차,중형,984503,1818421,127.3272597,36.36309455
2016,주간,일,1,4,0,3,0,경북,포항시,차대차,기타,기타,운전자법규위반,안전운전 의무 불이행,단일로,기타단일로,승용차,중형,승용차,중형,1176460,1778691,129.4575009,35.98905312
2016,야간,일,1,1,0,0,0,경남,함양군,차량단독,전도전복,전도전복,운전자법규위반,안전거리 미확보,단일로,기타단일로,승용차,경형,,,1014596,1743072,127.6613065,35.68377167
2016,주간,일,1,1,0,0,0,충남,금산군,차량단독,전도전복,전도전복,운전자법규위반,안전운전 의무 불이행,단일로,기타단일로,이륜차,사발이,,,1003519,1792496,127.5391087,36.12948431
2016,야간,목,1,1,0,0,0,경기,안산시,차량단독,공작물충돌,공작물충돌,운전자법규위반,안전운전 의무 불이행,단일로,기타단일로,이륜차,중형,,,942784,1925471,126.8541827,37.32647669
2016,주간,금,1,1,0,0,0,충남,공주시,차량단독,전도전복,전도전복,운전자법규위반,안전운전 의무 불이행,기타/불명,기타/불명,이륜차,소형,,,961177,1818973,127.0672291,36.36741211
2016,주간,토,1,2,1,0,0,충남,부여군,차량단독,전도전복,전도전복,운전자법규위반,안전운전 의무 불이행,단일로,기타단일로,승용차,소형,,,954381,1803914,126.9923551,36.23135473
2016,주간,화,1,1,0,0,0,전남,담양군,차대사람,횡단중,횡단중,운전자법규위반,안전운전 의무 불이행,단일로,기타단일로,화물차,소형,보행자,보행자,944429,1698139,126.8889499,35.27718812
2016,야간,일,1,1,0,0,0,서울,성북구,차대사람,횡단중,횡단중,운전자법규위반,안전운전 의무 불이행,단일로,기타단일로,승용차,중형,보행자,보행자,958667,1954096,127.0318477,37.58532889
2016,야간,토,1,1,0,0,0,경북,경산시,차대차,기타,기타,운전자법규위반,안전운전 의무 불이행,단일로,기타단일로,자전거,자전거,승용차,중형,1118808,1759754,128.8153176,35.82709195
2016,야간,금,1,1,0,0,0,경남,고성군,차대사람,횡단중,횡단중,운전자법규위반,안전운전 의무 불이행,단일로,기타단일로,승용차,중형,보행자,보행자,1076223,1664131,128.3349824,34.96920192
2016,주간,수,1,3,2,0,0,경북,상주시,차대차,정면충돌,정면충돌,운전자법규위반,중앙선 침범,단일로,기타단일로,승용차,중형,화물차,소형,1059217,1838650,128.1616023,36.54375376
2016,주간,월,1,1,0,0,0,전북,군산시,차대차,정면충돌,정면충돌,운전자법규위반,중앙선 침범,단일로,기타단일로,이륜차,소형,특수차,중형,942551,1775545,126.8627871,35.9749708
2016,야간,금,1,1,0,0,0,대전,중구,차대사람,횡단중,횡단중,운전자법규위반,보행자 보호의무 위반,교차로,교차로부근,승용차,경형,보행자,보행자,992022,1815433,127.4111022,36.33624829
2016,주간,화,1,1,0,0,0,경기,부천시,차대사람,횡단중,횡단중,운전자법규위반,기타(운전자법규위반),단일로,기타단일로,승합차,경형,보행자,보행자,936113,1943511,126.7773297,37.48863792
2016,주간,월,1,1,0,0,0,경기,안양시,차대사람,기타,기타,운전자법규위반,보행자 보호의무 위반,교차로,교차로부근,특수차,대형,보행자,보행자,951098,1932347,126.9475674,37.38892825
2016,주간,금,1,4,0,3,0,경기,광주시,차대차,추돌,진행중 추돌,운전자법규위반,안전운전 의무 불이행,단일로,기타단일로,승용차,중형,승용차,중형,987847,1922432,127.3628707,37.30076634
2016,주간,목,1,1,0,0,0,서울,은평구,차대차,기타,기타,운전자법규위반,신호위반,교차로,교차로부근,화물차,소형,자전거,자전거,948376,1960565,126.9148365,37.64311431
2016,야간,금,1,1,0,0,0,광주,남구,차량단독,전도전복,전도전복,운전자법규위반,안전운전 의무 불이행,고가도로위,고가도로위,이륜차,소형,,,945441,1682179,126.8998897,35.13426173
2016,주간,금,1,1,0,0,0,대전,동구,차대차,측면직각충돌,측면직각충돌,운전자법규위반,신호위반,교차로,교차로내,승합차,대형,자전거,자전거,994496,1814508,127.4386762,36.32792634
2016,주간,화,1,1,0,0,0,전북,익산시,차대차,측면직각충돌,측면직각충돌,운전자법규위반,안전운전 의무 불이행,교차로,교차로내,원동기장치자전거,원동기장치자전거,승용차,소형,950562,1770468,126.9519558,35.92963756
2016,야간,토,1,1,0,0,0,경기,수원시,차대사람,횡단중,횡단중,운전자법규위반,안전운전 의무 불이행,단일로,횡단보도상,승용차,중형,보행자,보행자,957591,1917578,127.0217588,37.25612597
2016,주간,일,1,2,1,0,0,전북,정읍시,차량단독,전도전복,전도전복,운전자법규위반,안전운전 의무 불이행,단일로,기타단일로,승용차,중형,,,942680,1733665,126.8672178,35.59740039
2016,주간,금,1,3,0,0,2,경북,김천시,차대차,기타,기타,운전자법규위반,안전운전 의무 불이행,단일로,기타단일로,승용차,중형,화물차,대형,1045106,1800364,128.0017321,36.1993746
2016,야간,화,1,1,0,0,0,경기,화성시,차대사람,차도통행중,차도통행중,운전자법규위반,안전운전 의무 불이행,단일로,기타단일로,승용차,소형,보행자,보행자,955726,1903980,127.0015346,37.13346963
2016,주간,목,1,1,0,0,0,대구,동구,차대차,추돌,진행중 추돌,운전자법규위반,안전운전 의무 불이행,단일로,기타단일로,화물차,대형,화물차,대형,1104231,1769283,128.6552141,35.91464688
2016,주간,일,4,44,22,17,1,대전,대덕구,차대차,기타,기타,운전자법규위반,안전운전 의무 불이행,단일로,기타단일로,승용차,중형,승합차,대형,992831,1823258,127.4200446,36.40679996
2016,주간,화,2,3,0,1,0,경북,구미시,차대차,추돌,진행중 추돌,운전자법규위반,안전운전 의무 불이행,단일로,기타단일로,화물차,대형,화물차,중형,1068529,1802222,128.2624207,36.21474851
2016,주간,수,3,4,0,1,0,경남,하동군,차대차,기타,기타,운전자법규위반,안전운전 의무 불이행,단일로,기타단일로,승용차,중형,화물차,대형,1027829,1666638,127.8049482,34.99429632
2016,주간,목,1,1,0,0,0,서울,강동구,차대차,측면직각충돌,측면직각충돌,운전자법규위반,신호위반,교차로,교차로내,특수차,소형,이륜차,중형,968519,1946491,127.1437591,37.5171717
2016,야간,목,1,3,2,0,0,강원,강릉시,차대차,측면직각충돌,측면직각충돌,운전자법규위반,과속,단일로,기타단일로,화물차,중형,화물차,중형,1118682,1970838,128.8468082,37.72946557
2016,야간,일,1,1,0,0,0,전북,정읍시,차량단독,전도전복,전도전복,운전자법규위반,안전운전 의무 불이행,단일로,교량위,승합차,중형,,,939642,1731963,126.833809,35.58187448
2016,야간,토,1,2,0,1,0,전남,영암군,차대차,정면충돌,정면충돌,운전자법규위반,중앙선 침범,단일로,기타단일로,이륜차,소형,승용차,대형,926974,1646353,126.7015882,34.80913829
2016,야간,화,1,1,0,0,0,대전,대덕구,차대사람,횡단중,횡단중,운전자법규위반,보행자 보호의무 위반,교차로,교차로부근,승용차,경형,보행자,보행자,992524,1827970,127.4165752,36.44927766
2016,주간,토,1,2,0,1,0,대전,동구,차대차,측면직각충돌,측면직각충돌,운전자법규위반,신호위반,교차로,교차로내,이륜차,소형,건설기계,건설기계,998111,1815149,127.4789518,36.33371912
2016,주간,금,1,1,0,0,0,강원,철원군,차대차,측면직각충돌,측면직각충돌,운전자법규위반,교차로 통행방법 위반,교차로,교차로내,화물차,소형,이륜차,소형,979153,2023144,127.2618803,38.20834936
2016,주간,금,1,1,0,0,0,경기,안양시,차대사람,횡단중,횡단중,운전자법규위반,안전운전 의무 불이행,기타/불명,기타/불명,승용차,중형,보행자,보행자,952038,1933233,126.9581284,37.39696327
2016,야간,금,1,3,1,1,0,서울,강남구,차대차,측면직각충돌,측면직각충돌,운전자법규위반,신호위반,교차로,교차로내,이륜차,중형,화물차,중형,965174,1941892,127.1061254,37.47559857
2016,야간,금,1,1,0,0,0,경기,남양주시,차대사람,횡단중,횡단중,운전자법규위반,신호위반,단일로,기타단일로,승용차,중형,보행자,보행자,973121,1970403,127.1949554,37.73284445
2016,주간,목,1,1,0,0,0,경기,수원시,차대사람,기타,기타,운전자법규위반,안전운전 의무 불이행,단일로,기타단일로,승용차,경형,보행자,보행자,953016,1922106,126.9698829,37.29672003
2016,주간,토,1,1,0,0,0,세종,세종,차대차,기타,기타,운전자법규위반,안전운전 의무 불이행,단일로,기타단일로,화물차,소형,자전거,자전거,988297,1837056,127.3692686,36.5311473
2016,주간,목,1,2,0,1,0,충남,홍성군,차대차,정면충돌,정면충돌,운전자법규위반,중앙선 침범,단일로,기타단일로,이륜차,소형,승용차,중형,926315,1845330,126.6761281,36.60296196
2016,주간,일,1,1,0,0,0,제주,서귀포시,차대차,기타,기타,운전자법규위반,기타(운전자법규위반),단일로,기타단일로,화물차,대형,건설기계,건설기계,892216,1479822,126.3422301,33.30444904
2016,야간,화,1,1,0,0,0,충남,당진시,차대사람,기타,기타,운전자법규위반,안전운전 의무 불이행,단일로,기타단일로,승용차,경형,보행자,보행자,938260,1879392,126.8069186,36.91085002
2016,주간,월,1,2,0,1,0,충북,괴산군,차량단독,공작물충돌,공작물충돌,운전자법규위반,안전운전 의무 불이행,단일로,기타단일로,승용차,중형,,,1039183,1866977,127.9392287,36.80014385
2016,야간,월,1,1,0,0,0,전북,익산시,차량단독,전도전복,전도전복,운전자법규위반,안전운전 의무 불이행,단일로,기타단일로,이륜차,소형,,,958314,1783170,127.0372194,36.04451611
2016,주간,월,1,1,0,0,0,경남,창원시(통합),차대차,측면직각충돌,측면직각충돌,운전자법규위반,신호위반,교차로,교차로내,자전거,자전거,승용차,경형,1096830,1688576,128.5635469,35.18783074
2016,주간,토,1,1,0,0,0,경북,청송군,차량단독,전도전복,전도전복,운전자법규위반,안전운전 의무 불이행,단일로,기타단일로,화물차,경형,,,1144624,1814232,129.111017,36.31459645
2016,야간,월,1,2,1,0,0,대구,달서구,차대차,측면직각충돌,측면직각충돌,운전자법규위반,차로위반(진로변경 위반),단일로,기타단일로,원동기장치자전거,원동기장치자전거,승용차,중형,1093140,1758238,128.530801,35.81623194
2016,주간,금,1,1,0,0,0,경남,양산시,차대차,기타,기타,운전자법규위반,안전운전 의무 불이행,단일로,기타단일로,화물차,소형,자전거,자전거,1138947,1704639,129.028754,35.32313917
2016,주간,토,1,1,0,0,0,경북,구미시,차대차,추돌,진행중 추돌,운전자법규위반,안전거리 미확보,단일로,기타단일로,화물차,중형,화물차,소형,1068726,1803536,128.2647276,36.22657998
2016,야간,화,1,2,0,1,0,경북,문경시,차대차,추돌,진행중 추돌,운전자법규위반,안전운전 의무 불이행,단일로,교량위,화물차,대형,화물차,대형,1057835,1848519,128.1469048,36.63280232
2016,야간,월,1,1,0,0,0,경기,용인시,차대차,추돌,진행중 추돌,운전자법규위반,안전운전 의무 불이행,단일로,기타단일로,화물차,중형,화물차,중형,979086,1916391,127.2641859,37.24615733
2016,야간,토,1,4,2,1,0,경기,여주시,차대차,추돌,진행중 추돌,운전자법규위반,안전운전 의무 불이행,단일로,터널안,승용차,중형,승용차,중형,1021039,1916160,127.737217,37.24407229
2016,야간,수,1,5,1,2,1,대구,동구,차대차,추돌,진행중 추돌,운전자법규위반,안전운전 의무 불이행,단일로,기타단일로,특수차,대형,화물차,대형,1107055,1766674,128.6861561,35.89082378
2016,야간,화,1,2,1,0,0,경기,고양시,차대차,측면직각충돌,측면직각충돌,운전자법규위반,신호위반,교차로,교차로내,승용차,경형,화물차,대형,933500,1962772,126.7460262,37.66204842
2016,주간,토,1,1,0,0,0,경남,사천시,차대사람,횡단중,횡단중,운전자법규위반,안전운전 의무 불이행,단일로,기타단일로,승용차,소형,보행자,보행자,1051430,1663949,128.0633915,34.96912449
2016,야간,금,1,1,0,0,0,경기,수원시,차대차,추돌,진행중 추돌,운전자법규위반,안전운전 의무 불이행,단일로,기타단일로,승용차,소형,화물차,대형,957686,1914744,127.0229911,37.23058533
2016,주간,토,1,1,0,0,0,강원,강릉시,차대사람,횡단중,횡단중,운전자법규위반,안전운전 의무 불이행,단일로,기타단일로,승용차,중형,보행자,보행자,1116871,1984982,128.8285426,37.8571472
2016,야간,수,1,1,0,0,0,전남,함평군,차대차,측면직각충돌,측면직각충돌,운전자법규위반,안전운전 의무 불이행,단일로,기타단일로,승용차,중형,화물차,소형,912199,1675385,126.5370126,35.06973133
2016,주간,월,1,1,0,0,0,충남,논산시,차량단독,전도전복,전도전복,운전자법규위반,안전운전 의무 불이행,교차로,교차로내,원동기장치자전거,원동기장치자전거,,,956520,1796541,127.0165658,36.16498337
2016,야간,월,1,1,0,0,0,경북,포항시,차대차,추돌,진행중 추돌,운전자법규위반,안전운전 의무 불이행,교차로,교차로부근,승용차,중형,화물차,대형,1170132,1778342,129.3872633,35.98703296
2016,야간,토,1,1,0,0,0,경기,광주시,차대사람,횡단중,횡단중,운전자법규위반,안전운전 의무 불이행,교차로,교차로내,승용차,중형,보행자,보행자,986415,1927756,127.3466152,37.34873653
2016,야간,토,1,1,0,0,0,대구,수성구,차대사람,횡단중,횡단중,운전자법규위반,안전운전 의무 불이행,교차로,교차로부근,승용차,중형,보행자,보행자,1109250,1760972,128.7096902,35.83918257
2016,야간,토,1,1,0,0,0,충남,아산시,차대차,추돌,진행중 추돌,운전자법규위반,안전운전 의무 불이행,단일로,기타단일로,화물차,소형,자전거,자전거,956279,1864617,127.0100389,36.77867109
2016,주간,토,1,1,0,0,0,경남,통영시,차량단독,전도전복,전도전복,운전자법규위반,안전운전 의무 불이행,교차로,교차로내,건설기계,건설기계,,,1083264,1662971,128.4119886,34.95818818
2016,야간,수,1,1,0,0,0,경기,용인시,차량단독,공작물충돌,공작물충돌,운전자법규위반,안전운전 의무 불이행,교차로,교차로내,승용차,소형,,,975644,1919949,127.2252598,37.27814523
2016,주간,금,1,1,0,0,0,충남,아산시,차대사람,기타,기타,운전자법규위반,안전운전 의무 불이행,단일로,기타단일로,화물차,중형,보행자,보행자,945266,1874612,126.8859075,36.86819551
2016,야간,금,1,3,0,2,0,경기,가평군,차대사람,횡단중,횡단중,운전자법규위반,안전운전 의무 불이행,단일로,기타단일로,승용차,대형,보행자,보행자,1002505,1988543,127.5284917,37.89673485
2016,야간,수,1,3,1,1,0,서울,강남구,차대차,측면직각충돌,측면직각충돌,운전자법규위반,신호위반,교차로,교차로내,이륜차,소형,승용차,중형,961758,1944720,127.0673452,37.50095345
2016,야간,일,1,9,1,7,0,인천,남동구,차대차,측면직각충돌,측면직각충돌,운전자법규위반,안전운전 의무 불이행,단일로,기타단일로,화물차,소형,승합차,중형,931636,1940277,126.7269916,37.45916964
2016,야간,금,1,1,0,0,0,부산,북구,차대사람,횡단중,횡단중,운전자법규위반,안전운전 의무 불이행,단일로,횡단보도상,원동기장치자전거,원동기장치자전거,보행자,보행자,1136794,1691499,129.0028579,35.20945294
2016,야간,수,1,3,1,1,0,부산,사상구,차대차,측면직각충돌,측면직각충돌,운전자법규위반,신호위반,교차로,교차로내,승용차,중형,승용차,중형,1134991,1684963,128.9819956,35.15085722
2016,주간,목,1,1,0,0,0,경남,양산시,차대사람,횡단중,횡단중,운전자법규위반,신호위반,단일로,횡단보도상,화물차,소형,보행자,보행자,1149532,1709043,129.1459615,35.36584095
2016,야간,목,1,1,0,0,0,경기,수원시,차대사람,횡단중,횡단중,운전자법규위반,안전운전 의무 불이행,교차로,교차로내,승용차,대형,보행자,보행자,957906,1921281,127.0289953,37.29177172
2016,주간,월,1,1,0,0,0,경남,진주시,차대차,측면직각충돌,측면직각충돌,운전자법규위반,안전운전 의무 불이행,단일로,기타단일로,승용차,중형,승합차,대형,1053476,1688096,128.0873618,35.18674836
2016,야간,금,1,5,2,2,0,부산,수영구,차대차,측면직각충돌,측면직각충돌,운전자법규위반,신호위반,교차로,교차로내,승용차,소형,승용차,중형,1146660,1687328,129.1104805,35.17054006
2016,야간,토,1,1,0,0,0,전남,나주시,차대사람,차도통행중,차도통행중,운전자법규위반,안전운전 의무 불이행,단일로,기타단일로,승용차,중형,보행자,보행자,939708,1673353,126.8388527,35.05342955
2016,주간,수,1,1,0,0,0,경북,포항시,차대사람,횡단중,횡단중,운전자법규위반,중앙선 침범,단일로,횡단보도상,승용차,경형,보행자,보행자,1167831,1783554,129.3628557,36.03439783
2016,야간,일,1,1,0,0,0,전북,고창군,차량단독,공작물충돌,공작물충돌,운전자법규위반,안전운전 의무 불이행,단일로,기타단일로,승용차,중형,,,922825,1707851,126.6505003,35.36331824
2016,야간,수,1,1,0,0,0,충북,청주시,차대사람,횡단중,횡단중,운전자법규위반,안전운전 의무 불이행,교차로,교차로부근,화물차,소형,보행자,보행자,991431,1853756,127.4040915,36.68173129
2016,야간,금,1,1,0,0,0,경북,경주시,차대차,기타,기타,운전자법규위반,안전운전 의무 불이행,단일로,기타단일로,화물차,소형,자전거,자전거,1154850,1779471,129.2180336,35.99975409
2016,주간,수,1,1,0,0,0,경남,김해시,차대사람,횡단중,횡단중,운전자법규위반,안전운전 의무 불이행,단일로,기타단일로,승용차,중형,보행자,보행자,1128585,1695066,128.9132638,35.24276943
2016,야간,수,1,1,0,0,0,충남,아산시,차대차,측면직각충돌,측면직각충돌,운전자법규위반,안전운전 의무 불이행,단일로,기타단일로,승용차,소형,이륜차,중형,954494,1853881,126.9906755,36.68180754
2016,야간,목,1,2,0,1,0,인천,서구,차대차,기타,기타,운전자법규위반,안전운전 의무 불이행,교차로,교차로부근,이륜차,소형,승용차,소형,929780,1955037,126.704596,37.59205882
2016,야간,목,1,1,0,0,0,경북,영천시,차대사람,횡단중,횡단중,운전자법규위반,안전운전 의무 불이행,교차로,교차로내,승용차,중형,보행자,보행자,1142175,1779492,129.0774605,36.00187485
2016,야간,일,1,1,0,0,0,충남,논산시,차대사람,횡단중,횡단중,운전자법규위반,안전운전 의무 불이행,교차로,교차로부근,승용차,중형,보행자,보행자,968117,1795419,127.1455504,36.15531911
2016,야간,수,1,1,0,0,0,전북,군산시,차대사람,횡단중,횡단중,운전자법규위반,과속,단일로,기타단일로,승용차,대형,보행자,보행자,912507,1770357,126.5301523,35.92597019
2016,주간,목,1,1,0,0,0,경기,의정부시,차대사람,횡단중,횡단중,운전자법규위반,신호위반,교차로,교차로내,승용차,대형,보행자,보행자,957926,1971504,127.022451,37.7421954
2016,주간,화,1,11,4,6,0,경북,영주시,차대차,추돌,진행중 추돌,운전자법규위반,안전운전 의무 불이행,단일로,기타단일로,승용차,중형,승용차,중형,1105471,1873255,128.6830681,36.85166147
2016,야간,목,1,1,0,0,0,전남,광양시,차량단독,전도전복,전도전복,운전자법규위반,안전운전 의무 불이행,단일로,기타단일로,화물차,소형,,,1018940,1666147,127.7075327,34.99007436
2016,야간,토,1,1,0,0,0,경북,문경시,차량단독,전도전복,전도전복,운전자법규위반,안전운전 의무 불이행,단일로,기타단일로,화물차,소형,,,1049434,1851450,128.0531299,36.65969712
2016,주간,월,1,1,0,0,0,충남,서천군,차량단독,전도전복,전도전복,운전자법규위반,안전운전 의무 불이행,단일로,기타단일로,농기계,농기계,,,924737,1795592,126.6633029,36.15448031
2016,야간,토,1,1,0,0,0,충북,제천시,차대사람,횡단중,횡단중,운전자법규위반,보행자 보호의무 위반,교차로,교차로내,승용차,대형,보행자,보행자,1062118,1900980,128.1988366,37.10445372
2016,주간,화,1,1,0,0,0,경남,창원시(통합),차대사람,횡단중,횡단중,운전자법규위반,안전운전 의무 불이행,단일로,기타단일로,승용차,경형,보행자,보행자,1107344,1692594,128.679532,35.22298481
2016,주간,금,1,1,0,0,0,경남,창녕군,차대차,측면직각충돌,측면직각충돌,운전자법규위반,안전운전 의무 불이행,교차로,교차로내,이륜차,소형,승합차,대형,1091684,1720923,128.5106574,35.4799396
2016,야간,목,1,1,0,0,0,제주,서귀포시,차대사람,횡단중,횡단중,운전자법규위반,안전운전 의무 불이행,교차로,교차로부근,승용차,중형,보행자,보행자,926292,1477018,126.7085744,33.28204419
2016,야간,토,1,1,0,0,0,부산,강서구,차대사람,기타,기타,운전자법규위반,안전운전 의무 불이행,교차로,교차로내,승용차,중형,보행자,보행자,1132259,1691901,128.9533709,35.2137412
2016,주간,금,1,1,0,0,0,경북,예천군,차대차,측면직각충돌,측면직각충돌,운전자법규위반,안전운전 의무 불이행,교차로,교차로내,화물차,중형,이륜차,소형,1089475,1856198,128.5016657,36.69957041
2016,주간,화,1,1,0,0,0,대구,북구,차대사람,횡단중,횡단중,운전자법규위반,보행자 보호의무 위반,단일로,기타단일로,승용차,경형,보행자,보행자,1099547,1767042,128.6030288,35.8949338
2016,야간,토,1,1,0,0,0,대구,중구,차대사람,기타,기타,운전자법규위반,안전운전 의무 불이행,단일로,기타단일로,승합차,대형,보행자,보행자,1098732,1764186,128.5936457,35.86927106
2016,야간,화,1,1,0,0,0,경기,고양시,차대사람,횡단중,횡단중,운전자법규위반,보행자 보호의무 위반,단일로,횡단보도상,승용차,중형,보행자,보행자,936315,1961692,126.7780345,37.65251437
2016,주간,수,1,1,0,0,0,경기,군포시,차대사람,횡단중,횡단중,운전자법규위반,보행자 보호의무 위반,단일로,횡단보도상,화물차,소형,보행자,보행자,949765,1929053,126.9327331,37.35916675
2016,야간,화,1,1,0,0,0,부산,기장군,차대사람,기타,기타,운전자법규위반,안전운전 의무 불이행,단일로,기타단일로,승용차,중형,보행자,보행자,1156745,1692376,129.2221414,35.21451534
2016,야간,일,1,1,0,0,0,경기,안양시,차량단독,도로이탈,도로이탈 기타,운전자법규위반,안전운전 의무 불이행,단일로,기타단일로,이륜차,대형,,,948259,1936654,126.9151957,37.42759452
2016,주간,금,1,2,1,0,0,경기,포천시,차대차,정면충돌,정면충돌,운전자법규위반,중앙선 침범,단일로,기타단일로,화물차,소형,건설기계,건설기계,975563,2015000,127.2211546,38.13486099
2016,주간,화,1,1,0,0,0,전남,완도군,차량단독,공작물충돌,공작물충돌,운전자법규위반,안전운전 의무 불이행,단일로,기타단일로,이륜차,소형,,,960429,1593575,127.0698056,34.335046
2016,주간,월,1,1,0,0,0,강원,고성군,차대사람,횡단중,횡단중,운전자법규위반,과속,교차로,교차로부근,승용차,경형,보행자,보행자,1081643,2053766,128.4360382,38.4808275
2016,야간,화,1,1,0,0,0,경남,창원시(통합),차대사람,횡단중,횡단중,운전자법규위반,안전운전 의무 불이행,단일로,기타단일로,승용차,중형,보행자,보행자,1101957,1696791,128.6208688,35.26138449
2016,주간,토,1,1,0,0,0,전북,고창군,차대사람,길가장자리구역통행중,길가장자리구역통행중,운전자법규위반,안전운전 의무 불이행,단일로,기타단일로,승용차,소형,보행자,보행자,910678,1725967,126.5148209,35.52562827
2016,주간,일,1,1,0,0,0,경기,안산시,차량단독,공작물충돌,공작물충돌,운전자법규위반,안전운전 의무 불이행,단일로,기타단일로,승용차,중형,,,944639,1921463,126.8754185,37.29046332
2016,주간,목,1,1,0,0,0,충남,당진시,차대차,기타,기타,운전자법규위반,중앙선 침범,단일로,기타단일로,화물차,소형,건설기계,건설기계,926297,1869235,126.6736225,36.81843861
2016,주간,금,1,1,0,0,0,강원,태백시,차량단독,공작물충돌,공작물충돌,운전자법규위반,안전운전 의무 불이행,단일로,기타단일로,특수차,중형,,,1134044,1901206,129.0084457,37.09991639
2016,야간,목,1,1,0,0,0,충남,아산시,차대사람,횡단중,횡단중,운전자법규위반,보행자 보호의무 위반,교차로,교차로내,승용차,중형,보행자,보행자,951863,1865326,126.9605079,36.78484816
2016,야간,금,1,1,0,0,0,부산,사상구,차량단독,전도전복,전도전복,운전자법규위반,안전운전 의무 불이행,단일로,기타단일로,이륜차,중형,,,1133189,1681817,128.9626557,35.12573502
2016,야간,일,1,1,0,0,0,경남,하동군,차대사람,차도통행중,차도통행중,운전자법규위반,안전운전 의무 불이행,기타/불명,기타/불명,승용차,경형,보행자,보행자,1035489,1664039,127.8887736,34.97062061
2016,야간,월,1,1,0,0,0,전남,여수시,차대사람,횡단중,횡단중,운전자법규위반,과속,단일로,기타단일로,승용차,경형,보행자,보행자,1018742,1639411,127.7047646,34.7489841
2016,야간,수,1,1,0,0,0,울산,울주군,차량단독,전도전복,전도전복,운전자법규위반,안전운전 의무 불이행,단일로,기타단일로,이륜차,사발이,,,1147956,1734557,129.1332665,35.59603517
2016,야간,목,1,5,1,3,0,충북,청주시,차대차,추돌,진행중 추돌,운전자법규위반,안전운전 의무 불이행,단일로,기타단일로,승용차,경형,승용차,소형,1002005,1853879,127.5224413,36.68287663
2016,야간,금,1,3,2,0,0,경남,진주시,차대차,추돌,진행중 추돌,운전자법규위반,안전운전 의무 불이행,단일로,교량위,승용차,중형,화물차,대형,1057372,1687422,128.130105,35.18045608
2016,주간,화,1,1,0,0,0,서울,구로구,차대차,기타,기타,운전자법규위반,안전운전 의무 불이행,단일로,기타단일로,자전거,자전거,승합차,소형,944114,1944363,126.8677645,37.49683604
2016,주간,화,1,1,0,0,0,대구,달서구,차대사람,횡단중,횡단중,운전자법규위반,과속,교차로,교차로부근,승용차,소형,보행자,보행자,1092007,1756862,128.5183202,35.80390197
2016,야간,목,1,5,2,2,0,경기,부천시,차대차,정면충돌,정면충돌,운전자법규위반,중앙선 침범,단일로,기타단일로,승용차,경형,승용차,중형,939212,1948766,126.8119476,37.53621044
2016,야간,토,3,9,2,4,0,대구,달서구,차대차,측면직각충돌,측면직각충돌,운전자법규위반,신호위반,교차로,교차로내,승용차,중형,승용차,대형,1093022,1759336,128.5298405,35.82610882
2016,야간,목,1,1,0,0,0,대구,수성구,차대사람,횡단중,횡단중,운전자법규위반,안전운전 의무 불이행,교차로,교차로내,승용차,경형,보행자,보행자,1103083,1764786,128.6418662,35.87461757
2016,주간,토,1,1,0,0,0,대구,서구,차대차,측면직각충돌,측면직각충돌,운전자법규위반,부당한 회전,단일로,기타단일로,자전거,자전거,화물차,중형,1093839,1764907,128.5395394,35.87625177
2016,야간,금,2,3,1,0,0,경기,부천시,차대차,정면충돌,정면충돌,운전자법규위반,신호위반,교차로,교차로내,화물차,소형,승용차,중형,933994,1945441,126.7531889,37.50588378
2016,주간,토,1,1,0,0,0,전북,김제시,차대사람,기타,기타,운전자법규위반,안전운전 의무 불이행,단일로,기타단일로,승용차,중형,보행자,보행자,954700,1748464,126.9987098,35.73120751
2016,주간,금,1,2,1,0,0,충남,천안시,차대차,추돌,진행중 추돌,운전자법규위반,안전거리 미확보,교차로,교차로부근,승합차,소형,승용차,중형,983039,1861226,127.3099986,36.74895925
2016,주간,토,1,1,0,0,0,강원,횡성군,차대차,추돌,진행중 추돌,운전자법규위반,안전운전 의무 불이행,단일로,기타단일로,승용차,경형,농기계,농기계,1045971,1943159,128.0199971,37.48653106
2016,야간,일,1,1,0,0,0,전북,전주시,차대사람,횡단중,횡단중,운전자법규위반,안전운전 의무 불이행,단일로,횡단보도상,승용차,경형,보행자,보행자,965909,1757355,127.1226417,35.8120676
2016,야간,화,1,4,1,2,0,경북,영주시,차대차,측면직각충돌,측면직각충돌,운전자법규위반,신호위반,교차로,교차로내,승용차,소형,승용차,경형,1099353,1869080,128.6139088,36.81469544
2016,주간,일,1,3,2,0,0,경기,화성시,차대차,기타,기타,운전자법규위반,안전운전 의무 불이행,고가도로위,고가도로위,승용차,중형,화물차,소형,946609,1902968,126.8989664,37.12387169
2016,주간,토,1,1,0,0,0,경북,예천군,차량단독,전도전복,전도전복,운전자법규위반,안전운전 의무 불이행,단일로,기타단일로,이륜차,사발이,,,1088737,1847337,128.4923791,36.61977022
2016,야간,일,1,1,0,0,0,대구,서구,차대사람,횡단중,횡단중,운전자법규위반,안전운전 의무 불이행,단일로,기타단일로,승용차,중형,보행자,보행자,1095983,1763054,128.5633148,35.85956935
2016,주간,일,1,6,1,2,2,전남,화순군,차대차,측면직각충돌,측면직각충돌,운전자법규위반,신호위반,교차로,교차로내,특수차,경형,승용차,경형,953958,1673172,126.9951185,35.05254844
2016,야간,목,1,2,1,0,0,경남,거제시,차대차,측면직각충돌,측면직각충돌,운전자법규위반,신호위반,교차로,교차로내,이륜차,소형,승용차,소형,1111764,1653468,128.722822,34.86976908
2016,주간,월,1,5,3,1,0,서울,강남구,차대차,정면충돌,정면충돌,운전자법규위반,신호위반,교차로,교차로내,승용차,대형,승용차,중형,961761,1944729,127.0673787,37.50103469
2016,주간,금,1,1,0,0,0,전북,임실군,차대차,측면직각충돌,측면직각충돌,운전자법규위반,교차로 통행방법 위반,교차로,교차로내,화물차,대형,이륜차,소형,979057,1734266,127.2687794,35.60425879
2016,야간,월,1,1,0,0,0,충남,청양군,차대사람,기타,기타,운전자법규위반,안전운전 의무 불이행,교차로,교차로내,화물차,소형,보행자,보행자,936821,1827402,126.7950547,36.44210471
2016,야간,일,1,2,1,0,0,서울,중구,차대사람,횡단중,횡단중,운전자법규위반,안전운전 의무 불이행,단일로,기타단일로,승용차,대형,보행자,보행자,956644,1951243,127.0091041,37.55952106
2016,야간,토,1,1,0,0,0,전북,군산시,차량단독,전도전복,전도전복,운전자법규위반,안전운전 의무 불이행,단일로,기타단일로,이륜차,소형,,,917382,1774281,126.5837764,35.96176891
2016,주간,일,1,3,0,0,2,경기,수원시,차대차,기타,기타,운전자법규위반,안전운전 의무 불이행,교차로,교차로내,승용차,중형,승용차,중형,954696,1922187,126.9888326,37.29753351
2016,주간,일,1,3,1,0,1,전남,고흥군,차대차,추돌,진행중 추돌,운전자법규위반,안전운전 의무 불이행,단일로,기타단일로,화물차,소형,농기계,농기계,970029,1609874,127.1735995,34.48235535
2016,주간,화,1,1,0,0,0,강원,삼척시,차대사람,횡단중,횡단중,운전자법규위반,안전운전 의무 불이행,교차로,교차로내,승용차,중형,보행자,보행자,1146791,1939429,129.1593833,37.44240373
2016,주간,토,1,3,1,1,0,전북,익산시,차대차,측면직각충돌,측면직각충돌,운전자법규위반,중앙선 침범,단일로,기타단일로,승용차,중형,화물차,소형,960476,1777423,127.0617781,35.988199
2016,주간,토,2,5,1,2,0,전북,정읍시,차대차,측면직각충돌,측면직각충돌,운전자법규위반,직진 및 우회전차의 통행방해,교차로,교차로내,화물차,중형,승용차,대형,935006,1741847,126.7818469,35.67069296
2016,주간,토,1,1,0,0,0,대전,서구,차대사람,횡단중,횡단중,운전자법규위반,안전운전 의무 불이행,단일로,횡단보도상,승용차,중형,보행자,보행자,985690,1811722,127.3406138,36.30271873
2016,주간,토,1,3,2,0,0,경남,창녕군,차대차,정면충돌,정면충돌,운전자법규위반,중앙선 침범,단일로,기타단일로,화물차,소형,화물차,소형,1090404,1712499,128.4956139,35.40411107
2016,주간,일,1,1,0,0,0,대구,수성구,차대사람,기타,기타,운전자법규위반,안전운전 의무 불이행,단일로,기타단일로,승용차,경형,보행자,보행자,1100438,1760478,128.6118401,35.83565875
2016,주간,금,1,1,0,0,0,경기,고양시,차대사람,횡단중,횡단중,운전자법규위반,과속,교차로,교차로내,승용차,중형,보행자,보행자,937029,1961067,126.7861821,37.64693067
2016,야간,토,1,1,0,0,0,인천,강화군,차대사람,길가장자리구역통행중,길가장자리구역통행중,운전자법규위반,안전운전 의무 불이행,단일로,기타단일로,승용차,대형,보행자,보행자,914436,1959921,126.530239,37.63477527
2016,주간,목,1,1,0,0,0,경기,오산시,차대차,추돌,진행중 추돌,운전자법규위반,안전운전 의무 불이행,단일로,기타단일로,승용차,대형,건설기계,건설기계,960395,1904042,127.0540964,37.13423788
2016,야간,토,1,1,0,0,0,충북,청주시,차량단독,전도전복,전도전복,운전자법규위반,안전운전 의무 불이행,단일로,기타단일로,이륜차,소형,,,999720,1846927,127.4968686,36.62020671
2016,야간,금,1,1,0,0,0,부산,사상구,차대사람,횡단중,횡단중,운전자법규위반,안전운전 의무 불이행,단일로,횡단보도상,승용차,중형,보행자,보행자,1137081,1685182,129.00497,35.15254852
2016,주간,월,1,2,0,1,0,경북,의성군,차대차,정면충돌,정면충돌,운전자법규위반,중앙선 침범,교차로,교차로부근,화물차,소형,화물차,소형,1107662,1816665,128.6997161,36.34136597
2016,주간,월,1,1,0,0,0,경북,상주시,차량단독,공작물충돌,공작물충돌,운전자법규위반,안전운전 의무 불이행,단일로,기타단일로,화물차,소형,,,1049458,1832075,128.0521536,36.48503686
2016,야간,월,1,2,0,1,0,광주,북구,차량단독,전도전복,전도전복,운전자법규위반,안전운전 의무 불이행,단일로,기타단일로,승용차,중형,,,943269,1688718,126.8768454,35.19217804
2016,야간,일,1,1,0,0,0,경기,안성시,차량단독,주/정차차량 충돌,주/정차차량 충돌,운전자법규위반,안전운전 의무 불이행,교차로,교차로부근,승용차,대형,승합차,대형,997984,1899505,127.4773142,37.09417668
2016,야간,일,1,1,0,0,0,경기,수원시,차대사람,횡단중,횡단중,운전자법규위반,안전운전 의무 불이행,단일로,기타단일로,승용차,중형,보행자,보행자,955866,1918445,127.0022554,37.26386067
2016,야간,수,1,1,0,0,0,세종,세종,차대사람,기타,기타,운전자법규위반,안전운전 의무 불이행,기타/불명,기타/불명,승합차,소형,보행자,보행자,967801,1857085,127.1394756,36.71123456
2016,야간,수,1,1,0,0,0,경남,함안군,차대사람,기타,기타,운전자법규위반,안전운전 의무 불이행,교차로,교차로부근,승용차,소형,보행자,보행자,1088316,1697341,128.4709857,35.26763934
2016,야간,토,1,1,0,0,0,대전,유성구,차대사람,횡단중,횡단중,운전자법규위반,신호위반,교차로,교차로부근,승용차,소형,보행자,보행자,986326,1816797,127.3476086,36.34848123
2016,야간,월,1,1,0,0,0,전북,전주시,차대차,측면직각충돌,측면직각충돌,운전자법규위반,안전운전 의무 불이행,교차로,교차로내,자전거,자전거,승용차,경형,967968,1758595,127.1452049,35.82325685
2016,야간,수,1,1,0,0,0,전남,화순군,차대사람,기타,기타,운전자법규위반,안전운전 의무 불이행,교차로,교차로부근,화물차,소형,보행자,보행자,952916,1674267,126.9836306,35.06237395
2016,주간,수,1,1,0,0,0,전남,여수시,차대사람,횡단중,횡단중,운전자법규위반,안전운전 의무 불이행,단일로,기타단일로,승용차,중형,보행자,보행자,1018378,1641877,127.7008416,34.77122847
2016,야간,토,1,1,0,0,0,서울,마포구,차대차,정면충돌,정면충돌,운전자법규위반,신호위반,교차로,교차로내,이륜차,소형,승용차,중형,945952,1953561,126.8878792,37.57984792
2016,주간,목,1,1,0,0,0,전남,장성군,차량단독,전도전복,전도전복,운전자법규위반,안전운전 의무 불이행,단일로,기타단일로,특수차,대형,,,929685,1698523,126.726806,35.27972289
2016,주간,수,1,2,1,0,0,충남,청양군,차대사람,기타,기타,운전자법규위반,안전운전 의무 불이행,단일로,기타단일로,화물차,중형,보행자,보행자,936850,1831057,126.7950801,36.47505487
2016,야간,토,1,1,0,0,0,경기,용인시,차대사람,횡단중,횡단중,운전자법규위반,안전운전 의무 불이행,단일로,기타단일로,승용차,중형,보행자,보행자,965200,1919253,127.1074842,37.27153959
2016,야간,수,1,1,0,0,0,경북,청도군,차대사람,차도통행중,차도통행중,운전자법규위반,안전운전 의무 불이행,단일로,기타단일로,화물차,소형,보행자,보행자,1111766,1742450,128.7349604,35.67193779
2016,주간,목,1,1,0,0,0,충남,당진시,차대사람,길가장자리구역통행중,길가장자리구역통행중,운전자법규위반,안전운전 의무 불이행,교차로,교차로내,화물차,대형,보행자,보행자,937854,1875903,126.8026474,36.87937378
2016,주간,월,1,1,0,0,0,경북,영천시,차대사람,횡단중,횡단중,운전자법규위반,안전운전 의무 불이행,단일로,기타단일로,화물차,소형,보행자,보행자,1127875,1795887,128.9215029,36.15162524
2016,주간,토,1,1,0,0,0,울산,중구,차대차,추돌,진행중 추돌,운전자법규위반,안전운전 의무 불이행,교차로,교차로부근,이륜차,소형,승용차,경형,1166619,1732478,129.3387667,35.57433185
2016,야간,토,3,3,0,0,0,경북,안동시,차량단독,전도전복,전도전복,운전자법규위반,안전운전 의무 불이행,단일로,횡단보도상,승용차,경형,,,1125277,1828257,128.8978269,36.44370934
2016,야간,토,2,2,0,0,0,충북,단양군,차대차,측면직각충돌,측면직각충돌,운전자법규위반,안전운전 의무 불이행,교차로,교차로내,승용차,경형,승합차,대형,1071399,1893127,128.3028017,37.03396962
2016,야간,금,1,1,0,0,0,경남,양산시,차대사람,횡단중,횡단중,운전자법규위반,안전운전 의무 불이행,교차로,교차로부근,승용차,중형,보행자,보행자,1138574,1705592,129.024797,35.33631717
2016,주간,목,1,1,0,0,0,강원,횡성군,차대차,기타,기타,운전자법규위반,안전운전 의무 불이행,단일로,기타단일로,승합차,대형,자전거,자전거,1048415,1941857,128.0680587,37.4567722
2016,주간,목,1,1,0,0,0,대구,북구,차대사람,길가장자리구역통행중,길가장자리구역통행중,운전자법규위반,안전운전 의무 불이행,단일로,기타단일로,화물차,소형,보행자,보행자,1099487,1769936,128.6027167,35.9209177
2016,야간,월,1,4,1,2,0,경북,안동시,차대차,추돌,진행중 추돌,운전자법규위반,안전운전 의무 불이행,단일로,기타단일로,승용차,중형,농기계,농기계,1105576,1828877,128.6781358,36.45166914
2016,주간,목,1,1,0,0,0,인천,부평구,차대사람,기타,기타,운전자법규위반,안전운전 의무 불이행,교차로,교차로부근,화물차,소형,보행자,보행자,931055,1943289,126.7201407,37.48627326
2016,주간,화,1,1,0,0,0,경남,통영시,차대사람,횡단중,횡단중,운전자법규위반,신호위반,단일로,횡단보도상,승합차,대형,보행자,보행자,1083699,1655045,128.4159582,34.88668832
2016,야간,목,1,2,0,1,0,부산,수영구,차대차,측면직각충돌,측면직각충돌,운전자법규위반,안전운전 의무 불이행,교차로,교차로내,원동기장치자전거,원동기장치자전거,승용차,대형,1147209,1685325,129.1161497,35.15240552
2016,야간,일,1,1,0,0,0,전남,순천시,차대사람,횡단중,횡단중,운전자법규위반,안전운전 의무 불이행,단일로,기타단일로,승용차,소형,보행자,보행자,1002982,1662706,127.5326627,34.9592182
2016,야간,토,1,1,0,0,0,경기,남양주시,차대차,기타,기타,운전자법규위반,신호위반,교차로,교차로내,화물차,중형,화물차,중형,970711,1967246,127.1677323,37.70431589
2016,야간,목,1,1,0,0,0,충남,공주시,차대사람,횡단중,횡단중,운전자법규위반,안전운전 의무 불이행,단일로,기타단일로,화물차,소형,보행자,보행자,951303,1834709,126.9561759,36.50882082
2016,야간,목,1,12,2,9,0,전남,영광군,차대차,정면충돌,정면충돌,운전자법규위반,중앙선 침범,단일로,기타단일로,농기계,농기계,승용차,경형,907981,1700681,126.4879328,35.29741792
2016,주간,수,1,1,0,0,0,충북,옥천군,차량단독,전도전복,전도전복,운전자법규위반,안전운전 의무 불이행,단일로,기타단일로,원동기장치자전거,원동기장치자전거,,,1004551,1813378,127.5506992,36.31774385
2016,주간,월,1,1,0,0,0,서울,종로구,차대사람,차도통행중,차도통행중,운전자법규위반,안전운전 의무 불이행,교차로,교차로내,승용차,대형,보행자,보행자,957230,1952873,127.0156437,37.57424005
2016,주간,월,1,6,4,1,0,충남,부여군,차대차,추돌,진행중 추돌,운전자법규위반,안전운전 의무 불이행,단일로,기타단일로,화물차,중형,승합차,대형,936942,1806203,126.798122,36.25100918
2016,야간,일,1,1,0,0,0,부산,사상구,차대사람,횡단중,횡단중,운전자법규위반,과속,단일로,기타단일로,승용차,대형,보행자,보행자,1135977,1685812,128.9929354,35.15839926
2016,야간,일,1,2,0,1,0,경남,양산시,차대차,측면직각충돌,측면직각충돌,운전자법규위반,신호위반,교차로,교차로내,승용차,중형,승용차,중형,1152832,1715950,129.1835661,35.42759325
2016,주간,화,1,1,0,0,0,전북,익산시,차대차,정면충돌,정면충돌,운전자법규위반,교차로 통행방법 위반,교차로,교차로내,원동기장치자전거,원동기장치자전거,화물차,소형,947351,1777269,126.9244251,35.98926586
2016,야간,일,1,3,0,1,1,충북,충주시,차대사람,횡단중,횡단중,운전자법규위반,안전운전 의무 불이행,단일로,기타단일로,원동기장치자전거,원동기장치자전거,보행자,보행자,1037833,1887185,127.925105,36.9823607
2016,주간,월,1,1,0,0,0,경남,창녕군,차량단독,도로이탈,도로이탈 기타,운전자법규위반,안전운전 의무 불이행,단일로,기타단일로,자전거,자전거,,,1086122,1712356,128.4484473,35.40320131
2016,야간,목,1,1,0,0,0,전북,김제시,차대사람,횡단중,횡단중,운전자법규위반,과속,단일로,기타단일로,화물차,소형,보행자,보행자,938279,1761923,126.8164987,35.85214166
2016,주간,월,1,2,0,1,0,경기,시흥시,차대차,기타,기타,운전자법규위반,신호위반,교차로,교차로내,이륜차,소형,화물차,소형,943140,1930650,126.8578032,37.37317858
2016,주간,월,1,3,0,2,0,경기,양주시,차대차,추돌,진행중 추돌,운전자법규위반,안전운전 의무 불이행,교차로,교차로부근,화물차,소형,승합차,대형,960876,1982268,127.0553522,37.83934168
2016,주간,월,1,1,0,0,0,인천,부평구,차대사람,횡단중,횡단중,운전자법규위반,안전운전 의무 불이행,단일로,기타단일로,승용차,경형,보행자,보행자,931728,1943407,126.7277416,37.48738678
2016,야간,금,1,1,0,0,0,전남,여수시,차대사람,기타,기타,운전자법규위반,안전운전 의무 불이행,단일로,기타단일로,승용차,대형,승용차,중형,1017243,1642911,127.6884591,34.78057263
2016,주간,수,1,1,0,0,0,경기,오산시,차대차,측면직각충돌,측면직각충돌,운전자법규위반,안전운전 의무 불이행,교차로,교차로부근,자전거,자전거,승용차,경형,960941,1905851,127.0601492,37.15056707
2016,야간,월,1,1,0,0,0,경북,안동시,차대사람,횡단중,횡단중,운전자법규위반,안전운전 의무 불이행,교차로,교차로내,승용차,경형,보행자,보행자,1111547,1841194,128.7465319,36.5620066
2016,야간,월,1,1,0,0,0,경남,산청군,차대사람,차도통행중,차도통행중,운전자법규위반,안전운전 의무 불이행,단일로,기타단일로,화물차,소형,보행자,보행자,1033637,1713211,127.8704932,35.41406615
2016,주간,화,1,1,0,0,0,경북,경산시,차대차,측면직각충돌,측면직각충돌,운전자법규위반,안전운전 의무 불이행,단일로,기타단일로,이륜차,소형,화물차,소형,1113415,1757330,128.7552811,35.8058804
2016,주간,일,1,1,0,0,0,전남,나주시,차량단독,전도전복,전도전복,운전자법규위반,안전운전 의무 불이행,단일로,기타단일로,농기계,농기계,,,929392,1658598,126.7269901,34.91971984
2016,주간,금,1,2,0,1,0,제주,제주시,차량단독,공작물충돌,공작물충돌,운전자법규위반,안전운전 의무 불이행,단일로,기타단일로,원동기장치자전거,원동기장치자전거,,,903403,1500862,126.4601947,33.49522028
2016,야간,금,1,1,0,0,0,강원,영월군,차대차,측면직각충돌,측면직각충돌,운전자법규위반,신호위반,교차로,교차로내,특수차,대형,원동기장치자전거,원동기장치자전거,1073894,1915622,128.3330727,37.23653004
2016,주간,토,1,1,0,0,0,대전,서구,차대사람,횡단중,횡단중,운전자법규위반,안전운전 의무 불이행,단일로,기타단일로,승용차,경형,보행자,보행자,990396,1815981,127.3929771,36.34117389
2016,주간,수,1,1,0,0,0,전남,영암군,차대차,측면직각충돌,측면직각충돌,운전자법규위반,안전운전 의무 불이행,교차로,교차로내,화물차,소형,이륜차,소형,918614,1653010,126.6095493,34.86852775
2016,주간,월,1,1,0,0,0,전남,영광군,차량단독,전도전복,전도전복,운전자법규위반,안전운전 의무 불이행,단일로,기타단일로,이륜차,사발이,,,898575,1700194,126.3845582,35.29211764
2016,주간,화,1,1,0,0,0,경기,광주시,차대사람,기타,기타,운전자법규위반,안전운전 의무 불이행,단일로,기타단일로,승용차,대형,보행자,보행자,978721,1934369,127.2595545,37.40820008
2016,야간,토,1,1,0,0,0,경북,경산시,차대사람,횡단중,횡단중,운전자법규위반,안전운전 의무 불이행,교차로,교차로내,승용차,경형,보행자,보행자,1118159,1774129,128.8102677,35.95674296
2016,야간,금,1,1,0,0,0,경남,창원시(통합),차대사람,횡단중,횡단중,운전자법규위반,안전운전 의무 불이행,교차로,교차로내,승용차,중형,보행자,보행자,1098850,1693499,128.5863214,35.23201721
2016,주간,금,1,1,0,0,0,충남,논산시,차대사람,횡단중,횡단중,운전자법규위반,안전운전 의무 불이행,단일로,기타단일로,승합차,경형,보행자,보행자,974425,1800109,127.215524,36.19778915
2016,야간,월,1,1,0,0,0,인천,연수구,차대차,기타,기타,운전자법규위반,안전운전 의무 불이행,단일로,기타단일로,승용차,중형,원동기장치자전거,원동기장치자전거,928808,1936290,126.6964585,37.42308043
2016,야간,일,1,1,0,0,0,충북,충주시,차대사람,횡단중,횡단중,운전자법규위반,안전운전 의무 불이행,교차로,교차로내,승용차,중형,보행자,보행자,1039946,1891052,127.9490517,37.01713104
2016,야간,토,1,1,0,0,0,광주,서구,차대사람,횡단중,횡단중,운전자법규위반,안전운전 의무 불이행,단일로,기타단일로,승용차,중형,보행자,보행자,942988,1683348,126.8741301,35.1437427
2016,주간,토,1,6,1,4,0,강원,홍천군,차대차,정면충돌,정면충돌,운전자법규위반,중앙선 침범,단일로,기타단일로,승용차,중형,승합차,경형,1079409,1972053,128.4013325,37.74466473
2016,주간,월,1,1,0,0,0,경기,양주시,차대사람,횡단중,횡단중,운전자법규위반,안전운전 의무 불이행,단일로,횡단보도부근,승합차,경형,보행자,보행자,963091,1977466,127.0807701,37.79615391
2016,주간,수,1,1,0,0,0,경기,파주시,차량단독,공작물충돌,공작물충돌,운전자법규위반,안전운전 의무 불이행,단일로,기타단일로,원동기장치자전거,원동기장치자전거,,,937796,1986692,126.79268,37.87793028
2016,주간,금,1,1,0,0,0,경기,평택시,차대차,기타,기타,운전자법규위반,중앙선 침범,교차로,교차로부근,자전거,자전거,특수차,경형,955636,1902911,127.0005847,37.12382952
2016,주간,수,1,1,0,0,0,인천,계양구,차량단독,공작물충돌,공작물충돌,운전자법규위반,안전운전 의무 불이행,단일로,기타단일로,승용차,소형,,,930302,1947965,126.7111708,37.52885986
2016,주간,토,1,1,0,0,0,전남,광양시,차대차,측면직각충돌,측면직각충돌,운전자법규위반,신호위반,교차로,교차로내,건설기계,건설기계,원동기장치자전거,원동기장치자전거,1017271,1660524,127.6891284,34.93939915
2016,주간,월,1,1,0,0,0,경기,화성시,차량단독,공작물충돌,공작물충돌,운전자법규위반,안전운전 의무 불이행,단일로,기타단일로,승용차,소형,,,961216,1904864,127.0632971,37.14168176
2016,야간,일,1,1,0,0,0,대구,북구,차대사람,횡단중,횡단중,운전자법규위반,안전운전 의무 불이행,단일로,기타단일로,승용차,중형,보행자,보행자,1094753,1769124,128.5501651,35.91417823
2016,주간,월,1,2,1,0,0,충남,부여군,차대차,추돌,진행중 추돌,운전자법규위반,안전운전 의무 불이행,단일로,기타단일로,화물차,소형,농기계,농기계,942448,1808643,126.8592242,36.27334961
2016,야간,수,1,1,0,0,0,충남,천안시,차대차,추돌,진행중 추돌,운전자법규위반,안전운전 의무 불이행,단일로,기타단일로,승용차,대형,화물차,중형,965506,1874009,127.1130131,36.86371617
2016,야간,금,1,1,0,0,0,서울,종로구,차대사람,횡단중,횡단중,운전자법규위반,안전운전 의무 불이행,단일로,기타단일로,건설기계,건설기계,보행자,보행자,953649,1953051,126.9748821,37.57566926
2016,주간,토,1,1,0,0,0,전남,여수시,차대사람,횡단중,횡단중,운전자법규위반,보행자 보호의무 위반,교차로,교차로내,화물차,소형,보행자,보행자,1020877,1638270,127.7279947,34.73883838
2016,주간,수,1,1,0,0,0,대구,수성구,차대사람,횡단중,횡단중,운전자법규위반,보행자 보호의무 위반,단일로,횡단보도상,승용차,중형,보행자,보행자,1102757,1761397,128.6378631,35.84371584
2016,주간,토,1,2,0,0,1,경기,화성시,차대차,정면충돌,정면충돌,운전자법규위반,신호위반,교차로,교차로부근,승용차,중형,승용차,경형,936766,1911868,126.7874162,37.20347818
2016,야간,월,1,1,0,0,0,대구,달성군,차대사람,횡단중,횡단중,운전자법규위반,신호위반,단일로,횡단보도상,승용차,경형,보행자,보행자,1086182,1763090,128.4542007,35.86078217
2016,주간,월,1,1,0,0,0,경기,안성시,차대차,측면직각충돌,측면직각충돌,운전자법규위반,안전운전 의무 불이행,교차로,교차로내,승용차,대형,자전거,자전거,968260,1888421,127.1433048,36.99372775
2016,야간,화,1,1,0,0,0,대구,동구,차대사람,횡단중,횡단중,운전자법규위반,안전운전 의무 불이행,단일로,횡단보도부근,승용차,중형,보행자,보행자,1103135,1766911,128.6425804,35.89333608
2016,주간,월,1,1,0,0,0,전북,고창군,차량단독,공작물충돌,공작물충돌,운전자법규위반,안전운전 의무 불이행,단일로,기타단일로,승합차,소형,,,924466,1711402,126.6682332,35.3954594
2016,주간,수,1,1,0,0,0,광주,광산구,차대차,측면직각충돌,측면직각충돌,운전자법규위반,중앙선 침범,단일로,기타단일로,화물차,대형,승용차,중형,938615,1692996,126.8254081,35.2304768
2016,야간,금,1,1,0,0,0,경북,포항시,차량단독,전도전복,전도전복,운전자법규위반,안전운전 의무 불이행,교차로,교차로내,화물차,소형,,,1168646,1781127,129.3713802,36.01238707
2016,야간,토,1,2,1,0,0,경북,성주군,차대차,정면충돌,정면충돌,운전자법규위반,안전운전 의무 불이행,기타/불명,기타/불명,승용차,경형,이륜차,소형,1067341,1768697,128.2463445,35.91260149
2016,야간,수,1,1,0,0,0,전북,고창군,차대사람,횡단중,횡단중,운전자법규위반,과속,교차로,교차로부근,승용차,경형,보행자,보행자,927340,1721101,126.6990127,35.48311839
2016,주간,화,1,1,0,0,0,경기,연천군,차대차,추돌,진행중 추돌,운전자법규위반,안전운전 의무 불이행,단일로,기타단일로,승용차,소형,승용차,소형,966608,2014866,127.1189791,38.13336633
2016,주간,화,1,2,0,1,0,경북,구미시,차대차,측면직각충돌,측면직각충돌,운전자법규위반,안전운전 의무 불이행,단일로,기타단일로,승용차,경형,승용차,경형,1084570,1788879,128.4394297,36.09319813
2016,야간,일,1,1,0,0,0,광주,북구,차대사람,횡단중,횡단중,운전자법규위반,안전운전 의무 불이행,단일로,기타단일로,승용차,중형,보행자,보행자,944974,1688177,126.8956089,35.18739495
2016,주간,목,1,3,1,1,0,충남,청양군,차대차,정면충돌,정면충돌,운전자법규위반,중앙선 침범,단일로,기타단일로,이륜차,소형,승용차,소형,949880,1822426,126.9410803,36.39801818
2016,주간,토,1,1,0,0,0,부산,남구,차량단독,전도전복,전도전복,운전자법규위반,안전운전 의무 불이행,교차로,교차로내,원동기장치자전거,원동기장치자전거,,,1145672,1681878,129.0986738,35.12155912
2016,야간,월,1,1,0,0,0,경북,영양군,차대사람,횡단중,횡단중,운전자법규위반,안전운전 의무 불이행,교차로,교차로내,승용차,소형,보행자,보행자,1145103,1856503,129.1242912,36.69545236
2016,주간,목,1,1,0,0,0,경북,안동시,차대사람,횡단중,횡단중,운전자법규위반,보행자 보호의무 위반,단일로,기타단일로,화물차,소형,보행자,보행자,1108686,1843480,128.7148897,36.58294038
2016,야간,월,1,1,0,0,0,대전,서구,차대차,정면충돌,정면충돌,운전자법규위반,안전운전 의무 불이행,교차로,교차로내,승용차,중형,이륜차,소형,988327,1812217,127.3699775,36.30721693
2016,주간,금,1,1,0,0,0,경기,시흥시,차대사람,횡단중,횡단중,운전자법규위반,보행자 보호의무 위반,교차로,교차로내,승용차,중형,보행자,보행자,939431,1929772,126.815987,37.3650301
2016,야간,화,1,1,0,0,0,부산,기장군,차대사람,횡단중,횡단중,운전자법규위반,안전운전 의무 불이행,단일로,기타단일로,승용차,경형,보행자,보행자,1148826,1707774,129.137962,35.35450877
2016,주간,목,1,1,0,0,0,경기,광주시,차대차,추돌,진행중 추돌,운전자법규위반,안전운전 의무 불이행,단일로,기타단일로,승용차,대형,화물차,중형,975396,1928447,127.2221805,37.35473833
2016,야간,월,1,1,0,0,0,대구,남구,차대사람,횡단중,횡단중,운전자법규위반,안전운전 의무 불이행,교차로,교차로내,승합차,중형,보행자,보행자,1099165,1762693,128.5983342,35.85585991
2016,주간,목,2,2,0,0,0,경북,포항시,차대차,기타,기타,운전자법규위반,안전운전 의무 불이행,단일로,기타단일로,화물차,경형,화물차,대형,1163382,1779723,129.3127052,36.0006321
2016,야간,수,1,1,0,0,0,강원,원주시,차대차,기타,기타,운전자법규위반,안전운전 의무 불이행,단일로,기타단일로,승용차,중형,승용차,중형,1034782,1913092,127.892025,37.21600596
2016,야간,목,1,2,0,1,0,경남,진주시,차대사람,횡단중,횡단중,운전자법규위반,안전운전 의무 불이행,단일로,기타단일로,원동기장치자전거,원동기장치자전거,보행자,보행자,1053425,1689235,128.0868756,35.19702108
2016,야간,수,1,1,0,0,0,전북,남원시,차대사람,횡단중,횡단중,운전자법규위반,과속,단일로,횡단보도상,승용차,중형,보행자,보행자,989798,1712427,127.3881108,35.40754134
2016,주간,일,2,2,0,0,0,서울,영등포구,차대차,정면충돌,정면충돌,운전자법규위반,중앙선 침범,단일로,기타단일로,승용차,중형,화물차,중형,946513,1945054,126.8948526,37.50320626
2016,야간,월,1,2,1,0,0,충북,청주시,차대차,추돌,진행중 추돌,운전자법규위반,안전운전 의무 불이행,교차로,교차로부근,승용차,경형,화물차,소형,997151,1851857,127.4681196,36.6646463
2016,주간,토,1,3,2,0,0,경기,안산시,차대사람,횡단중,횡단중,운전자법규위반,신호위반,단일로,횡단보도상,승합차,대형,보행자,보행자,941985,1924586,126.8452338,37.31845031
2016,야간,월,1,2,0,1,0,경기,광주시,차대차,추돌,진행중 추돌,운전자법규위반,안전운전 의무 불이행,단일로,기타단일로,승용차,중형,승합차,대형,979346,1934070,127.2666251,37.40551913
2016,야간,월,1,1,0,0,0,경북,포항시,차량단독,전도전복,전도전복,운전자법규위반,신호위반,단일로,기타단일로,승용차,경형,,,1166936,1782448,129.3526396,36.0245871
2016,주간,월,1,1,0,0,0,경북,청도군,차량단독,전도전복,전도전복,운전자법규위반,안전운전 의무 불이행,기타/불명,기타/불명,승용차,경형,,,1128655,1747330,128.9223085,35.71386591
2016,야간,월,1,2,1,0,0,강원,원주시,차대사람,길가장자리구역통행중,길가장자리구역통행중,운전자법규위반,안전운전 의무 불이행,단일로,기타단일로,승용차,경형,보행자,보행자,1031416,1927009,127.8546759,37.34157094
2016,야간,금,1,2,1,0,0,전북,군산시,차대차,측면직각충돌,측면직각충돌,운전자법규위반,안전운전 의무 불이행,교차로,교차로부근,승용차,경형,화물차,경형,913083,1772237,126.5419738,35.9438052
2016,주간,금,1,1,0,0,0,전남,영광군,차대사람,기타,기타,운전자법규위반,안전운전 의무 불이행,단일로,기타단일로,승용차,대형,보행자,보행자,907169,1702503,126.4787969,35.3137692
2016,야간,금,1,1,0,0,0,경남,밀양시,차대사람,길가장자리구역통행중,길가장자리구역통행중,운전자법규위반,안전운전 의무 불이행,교차로,교차로부근,화물차,소형,보행자,보행자,1113412,1708950,128.7484582,35.36976383
2016,주간,금,1,1,0,0,0,충남,당진시,차대차,추돌,진행중 추돌,운전자법규위반,안전거리 미확보,단일로,기타단일로,화물차,소형,원동기장치자전거,원동기장치자전거,919144,1871717,126.5931659,36.84022589
2016,주간,토,1,1,0,0,0,경북,구미시,차대사람,횡단중,횡단중,운전자법규위반,안전운전 의무 불이행,단일로,기타단일로,승용차,경형,보행자,보행자,1089294,1795704,128.4926728,36.15429858
2016,주간,일,1,1,0,0,0,전북,전주시,차대차,추돌,진행중 추돌,운전자법규위반,안전운전 의무 불이행,단일로,기타단일로,승용차,소형,건설기계,건설기계,963174,1764163,127.092054,35.87334936
2016,주간,화,1,1,0,0,0,경기,이천시,차대사람,기타,기타,운전자법규위반,안전운전 의무 불이행,단일로,기타단일로,승용차,중형,보행자,보행자,1001946,1914812,127.5219379,37.23215689
2016,주간,월,1,1,0,0,0,경기,안산시,차대차,기타,기타,운전자법규위반,안전운전 의무 불이행,단일로,기타단일로,특수차,대형,자전거,자전거,942867,1920470,126.8555043,37.28140581
2016,주간,월,1,1,0,0,0,경북,문경시,차대사람,횡단중,횡단중,운전자법규위반,안전운전 의무 불이행,단일로,기타단일로,화물차,소형,보행자,보행자,1055425,1855188,128.1198043,36.69324722
2016,주간,월,1,1,0,0,0,전남,목포시,차대사람,길가장자리구역통행중,길가장자리구역통행중,운전자법규위반,안전운전 의무 불이행,교차로,교차로내,화물차,소형,보행자,보행자,897171,1646743,126.3757441,34.81008068
2016,주간,화,1,1,0,0,0,전남,나주시,차량단독,공작물충돌,공작물충돌,운전자법규위반,안전운전 의무 불이행,단일로,기타단일로,화물차,소형,,,919876,1670383,126.6216864,35.02527103
2016,야간,금,1,1,0,0,0,경북,예천군,차대사람,기타,기타,운전자법규위반,안전운전 의무 불이행,단일로,기타단일로,화물차,소형,보행자,보행자,1084065,1860891,128.441625,36.74236552
2016,주간,금,1,2,1,0,0,경기,김포시,차대차,추돌,진행중 추돌,운전자법규위반,안전운전 의무 불이행,단일로,기타단일로,승용차,경형,승용차,중형,920286,1966306,126.5958358,37.69284506
2016,야간,목,1,1,0,0,0,제주,서귀포시,차대사람,횡단중,횡단중,운전자법규위반,안전운전 의무 불이행,단일로,기타단일로,승용차,경형,보행자,보행자,944194,1495001,126.8995767,33.44530133
2016,야간,화,1,1,0,0,0,서울,노원구,차대차,정면충돌,정면충돌,운전자법규위반,신호위반,교차로,교차로내,이륜차,중형,승용차,중형,962022,1961150,127.0694802,37.64905282
2016,주간,토,1,3,0,2,0,서울,영등포구,차대차,추돌,진행중 추돌,운전자법규위반,안전거리 미확보,기타/불명,기타/불명,이륜차,중형,승용차,중형,947162,1945307,126.9017097,37.50634275
2016,야간,일,1,1,0,0,0,울산,북구,차대사람,횡단중,횡단중,운전자법규위반,안전운전 의무 불이행,교차로,교차로내,승용차,대형,보행자,보행자,1171989,1727455,129.3969332,35.5281479
2016,주간,수,1,1,0,0,0,경남,고성군,차대사람,횡단중,횡단중,운전자법규위반,안전운전 의무 불이행,교차로,교차로내,승용차,경형,보행자,보행자,1075006,1664503,128.3216856,34.97264701
2016,야간,일,1,1,0,0,0,울산,동구,차대차,기타,기타,운전자법규위반,직진 및 우회전차의 통행방해,교차로,교차로내,화물차,소형,이륜차,소형,1174357,1723582,129.4222054,35.49283249
2016,주간,월,1,1,0,0,0,경북,경주시,차대사람,횡단중,횡단중,운전자법규위반,안전운전 의무 불이행,단일로,기타단일로,화물차,대형,보행자,보행자,1144661,1762765,129.1019892,35.85075667
2016,야간,토,1,2,0,1,0,충북,청주시,차대차,정면충돌,정면충돌,운전자법규위반,안전운전 의무 불이행,교차로,교차로내,승용차,경형,이륜차,소형,1000623,1845667,127.5069664,36.60884763
2016,야간,일,1,1,0,0,0,세종,세종,차대사람,횡단중,횡단중,운전자법규위반,안전운전 의무 불이행,교차로,교차로부근,화물차,소형,보행자,보행자,981356,1843817,127.291569,36.59198777
2016,주간,목,1,1,0,0,0,부산,사상구,차대차,측면직각충돌,측면직각충돌,운전자법규위반,신호위반,교차로,교차로내,건설기계,건설기계,자전거,자전거,1133319,1682371,128.9630921,35.12761234
2016,야간,일,1,1,0,0,0,제주,제주시,차대사람,횡단중,횡단중,운전자법규위반,과속,단일로,기타단일로,승용차,경형,보행자,보행자,915648,1500381,126.591872,33.49195861
2016,야간,금,1,1,0,0,0,경기,연천군,차량단독,전도전복,전도전복,운전자법규위반,안전운전 의무 불이행,단일로,기타단일로,승용차,중형,,,957780,2008791,127.0186092,38.07824598
2016,야간,화,1,1,0,0,0,전북,김제시,차대사람,횡단중,횡단중,운전자법규위반,안전운전 의무 불이행,단일로,기타단일로,승용차,중형,보행자,보행자,945612,1757114,126.8979966,35.80897965
2016,주간,금,1,1,0,0,0,경남,거제시,차량단독,전도전복,전도전복,운전자법규위반,안전운전 의무 불이행,단일로,기타단일로,이륜차,소형,,,1108029,1665813,128.6835622,34.98147104
2016,야간,화,1,1,0,0,0,전남,보성군,차대사람,차도통행중,차도통행중,운전자법규위반,안전운전 의무 불이행,단일로,기타단일로,화물차,소형,보행자,보행자,985534,1652386,127.3417289,34.86605825
2016,야간,수,1,1,0,0,0,경기,고양시,차대사람,차도통행중,차도통행중,운전자법규위반,안전운전 의무 불이행,교차로,교차로내,승용차,중형,보행자,보행자,941843,1961848,126.8406863,37.65428726
2016,주간,수,1,1,0,0,0,전남,순천시,차량단독,전도전복,전도전복,운전자법규위반,안전운전 의무 불이행,단일로,기타단일로,건설기계,건설기계,,,999036,1665205,127.4894382,34.98175683
2016,주간,월,1,1,0,0,0,충북,충주시,차대차,측면직각충돌,측면직각충돌,운전자법규위반,안전운전 의무 불이행,기타/불명,기타/불명,승용차,경형,승용차,중형,1018993,1889347,127.7134685,37.00241907
2016,주간,월,1,1,0,0,0,대구,달서구,차대차,측면직각충돌,측면직각충돌,운전자법규위반,부당한 회전,단일로,기타단일로,이륜차,소형,화물차,소형,1089568,1761341,128.4916684,35.84446408
2016,야간,일,1,1,0,0,0,제주,서귀포시,차량단독,공작물충돌,공작물충돌,운전자법규위반,중앙선 침범,단일로,기타단일로,승용차,중형,,,935259,1480042,126.8024802,33.31581617
2016,야간,일,1,1,0,0,0,전북,순창군,차대사람,횡단중,횡단중,운전자법규위반,보행자 보호의무 위반,단일로,횡단보도상,화물차,소형,보행자,보행자,963739,1707991,127.1008375,35.36690718
2016,야간,목,1,1,0,0,0,경북,안동시,차대사람,길가장자리구역통행중,길가장자리구역통행중,운전자법규위반,안전운전 의무 불이행,단일로,기타단일로,화물차,소형,보행자,보행자,1113394,1847726,128.7681305,36.6206609
2016,야간,화,1,1,0,0,0,충남,논산시,차대사람,횡단중,횡단중,운전자법규위반,안전운전 의무 불이행,단일로,기타단일로,승용차,경형,보행자,보행자,958796,1804052,127.0414761,36.2327972
2016,야간,일,1,2,1,0,0,경북,경주시,차대차,정면충돌,정면충돌,운전자법규위반,안전운전 의무 불이행,단일로,기타단일로,승용차,경형,건설기계,건설기계,1159653,1777905,129.2709839,35.98486695
2016,야간,화,1,3,2,0,0,전북,남원시,차대차,추돌,진행중 추돌,운전자법규위반,안전운전 의무 불이행,단일로,기타단일로,승용차,소형,화물차,중형,983014,1704858,127.3127862,35.33862683
2016,야간,일,1,1,0,0,0,경기,화성시,차대차,기타,기타,운전자법규위반,안전운전 의무 불이행,단일로,기타단일로,승용차,중형,건설기계,건설기계,938186,1912035,126.8034032,37.2050786
2016,야간,월,2,4,2,0,0,서울,동작구,차대차,추돌,진행중 추돌,운전자법규위반,안전운전 의무 불이행,단일로,기타단일로,화물차,중형,승용차,중형,950513,1946541,126.940006,37.51683208
2016,주간,금,1,1,0,0,0,충남,아산시,차대차,측면직각충돌,측면직각충돌,운전자법규위반,안전운전 의무 불이행,단일로,기타단일로,원동기장치자전거,원동기장치자전거,승용차,중형,959639,1865826,127.0476277,36.78971871
2016,주간,금,1,4,0,3,0,전남,고흥군,차대차,추돌,진행중 추돌,운전자법규위반,안전운전 의무 불이행,단일로,기타단일로,화물차,소형,화물차,소형,986786,1634247,127.355712,34.70250264
2016,야간,화,1,1,0,0,0,경남,거제시,차대사람,횡단중,횡단중,운전자법규위반,안전운전 의무 불이행,교차로,교차로부근,승합차,소형,보행자,보행자,1100831,1655440,128.6034612,34.88869259
2016,주간,화,1,3,0,2,0,강원,평창군,차량단독,공작물충돌,공작물충돌,운전자법규위반,안전운전 의무 불이행,단일로,기타단일로,화물차,소형,,,1095924,1961987,128.5874318,37.65237024
2016,야간,화,1,1,0,0,0,경남,창녕군,차대사람,횡단중,횡단중,운전자법규위반,안전운전 의무 불이행,단일로,기타단일로,승용차,중형,보행자,보행자,1090209,1727315,128.4951111,35.53770058
2016,주간,목,1,1,0,0,0,경기,부천시,차대차,추돌,진행중 추돌,운전자법규위반,안전운전 의무 불이행,단일로,기타단일로,화물차,소형,승합차,대형,939371,1941476,126.8143484,37.47051604
2016,주간,일,1,1,0,0,0,강원,춘천시,차대사람,횡단중,횡단중,운전자법규위반,안전운전 의무 불이행,단일로,기타단일로,승용차,중형,보행자,보행자,1018658,1986567,127.7121632,37.87873729
2016,야간,화,1,1,0,0,0,충북,제천시,차대사람,횡단중,횡단중,운전자법규위반,안전운전 의무 불이행,기타/불명,기타/불명,승용차,경형,보행자,보행자,1066270,1908411,128.245248,37.17152469
2016,주간,화,1,1,0,0,0,인천,강화군,차대사람,차도통행중,차도통행중,운전자법규위반,부당한 회전,단일로,기타단일로,화물차,소형,보행자,보행자,905968,1959962,126.434274,37.63431693
2016,야간,목,1,8,0,2,5,서울,중구,차대차,추돌,진행중 추돌,운전자법규위반,안전운전 의무 불이행,단일로,터널안,승용차,경형,승용차,경형,955225,1950811,126.9930645,37.55555946
2016,야간,토,1,1,0,0,0,경기,시흥시,차량단독,전도전복,전도전복,운전자법규위반,안전운전 의무 불이행,단일로,기타단일로,원동기장치자전거,원동기장치자전거,,,932475,1928526,126.7375517,37.35331945
2016,주간,일,1,1,0,0,0,전남,광양시,차대차,추돌,진행중 추돌,운전자법규위반,안전운전 의무 불이행,단일로,기타단일로,승용차,경형,원동기장치자전거,원동기장치자전거,1010586,1668228,127.6160215,35.00896158
2016,야간,월,2,2,0,0,0,경북,안동시,차대사람,횡단중,횡단중,운전자법규위반,보행자 보호의무 위반,단일로,횡단보도부근,승용차,중형,보행자,보행자,1109710,1841705,128.7260806,36.5668251
2016,야간,화,1,1,0,0,0,경기,양평군,차대사람,기타,기타,운전자법규위반,안전운전 의무 불이행,단일로,기타단일로,승용차,중형,보행자,보행자,1003210,1937098,127.5362839,37.43303763
2016,주간,금,1,1,0,0,0,강원,철원군,차대차,추돌,진행중 추돌,운전자법규위반,안전운전 의무 불이행,단일로,기타단일로,화물차,소형,건설기계,건설기계,982872,2020531,127.3044224,38.18487806
2016,야간,금,1,1,0,0,0,경기,과천시,차대사람,기타,기타,운전자법규위반,안전운전 의무 불이행,단일로,기타단일로,승용차,경형,보행자,보행자,955894,1936850,127.0014756,37.42975656
2016,야간,목,1,2,0,1,0,경남,거제시,차량단독,전도전복,전도전복,운전자법규위반,안전운전 의무 불이행,교차로,교차로부근,승용차,중형,,,1108716,1653428,128.6894748,34.86973923
2016,야간,수,1,1,0,0,0,충북,청주시,차대사람,횡단중,횡단중,운전자법규위반,안전운전 의무 불이행,단일로,기타단일로,승용차,경형,보행자,보행자,996561,1849454,127.4615283,36.64298142
2016,야간,목,1,1,0,0,0,경북,영양군,차대사람,횡단중,횡단중,운전자법규위반,안전운전 의무 불이행,단일로,기타단일로,승용차,대형,보행자,보행자,1141769,1848245,129.0854563,36.62153877
2016,주간,월,1,1,0,0,0,강원,화천군,차량단독,도로이탈,도로이탈 기타,운전자법규위반,안전운전 의무 불이행,단일로,기타단일로,이륜차,대형,,,1005099,2006354,127.5581222,38.05725332
2016,야간,금,1,1,0,0,0,대구,중구,차대사람,횡단중,횡단중,운전자법규위반,안전운전 의무 불이행,단일로,기타단일로,승용차,중형,보행자,보행자,1098629,1763766,128.5924529,35.86549535
2016,주간,금,1,1,0,0,0,부산,사하구,차대차,추돌,진행중 추돌,운전자법규위반,안전운전 의무 불이행,단일로,기타단일로,건설기계,건설기계,자전거,자전거,1134269,1677929,128.9727097,35.08764395
2016,주간,수,1,1,0,0,0,경기,수원시,차대사람,횡단중,횡단중,운전자법규위반,안전운전 의무 불이행,단일로,횡단보도상,승용차,소형,보행자,보행자,955540,1922117,126.9983593,37.2969433
2016,야간,토,1,2,1,0,0,대구,달서구,차대차,기타,기타,운전자법규위반,교차로 통행방법 위반,교차로,교차로내,승용차,중형,이륜차,소형,1091944,1757761,128.5177264,35.81201218
2016,야간,월,1,1,0,0,0,인천,동구,차대사람,횡단중,횡단중,운전자법규위반,안전운전 의무 불이행,교차로,교차로내,승용차,중형,보행자,보행자,926405,1942441,126.6676327,37.47827158
2016,야간,목,1,1,0,0,0,제주,제주시,차대사람,횡단중,횡단중,운전자법규위반,과속,단일로,기타단일로,승용차,경형,보행자,보행자,918838,1504703,126.6259132,33.53117908
2016,야간,금,1,1,0,0,0,광주,남구,차대사람,횡단중,횡단중,운전자법규위반,안전운전 의무 불이행,단일로,기타단일로,승용차,중형,보행자,보행자,946308,1683602,126.9105583,35.14621572
2016,야간,토,1,1,0,0,0,서울,광진구,차대사람,횡단중,횡단중,운전자법규위반,안전운전 의무 불이행,단일로,기타단일로,승합차,대형,보행자,보행자,963461,1948058,127.0864458,37.53110919
2016,야간,목,1,1,0,0,0,경남,김해시,차대차,추돌,진행중 추돌,운전자법규위반,안전운전 의무 불이행,단일로,기타단일로,승용차,소형,화물차,소형,1110936,1701996,128.7202646,35.30735283
2016,주간,목,1,1,0,0,0,강원,횡성군,차량단독,기타,기타,운전자법규위반,안전운전 의무 불이행,단일로,기타단일로,화물차,소형,,,1055495,1930612,128.126778,37.37291878
2016,주간,목,1,1,0,0,0,충북,청주시,차대사람,횡단중,횡단중,운전자법규위반,보행자 보호의무 위반,단일로,기타단일로,승용차,대형,보행자,보행자,998472,1851175,127.482903,36.65850115
2016,야간,수,1,1,0,0,0,서울,중랑구,차대사람,차도통행중,차도통행중,운전자법규위반,안전운전 의무 불이행,단일로,기타단일로,승용차,소형,보행자,보행자,964747,1956463,127.1005963,37.6069164
2016,주간,일,1,1,0,0,0,경북,안동시,차량단독,전도전복,전도전복,운전자법규위반,안전운전 의무 불이행,단일로,기타단일로,승용차,중형,,,1103819,1842943,128.6604244,36.57864231
2016,야간,월,1,1,0,0,0,광주,광산구,차대차,기타,기타,운전자법규위반,신호위반,교차로,교차로내,승용차,중형,승합차,중형,936584,1683417,126.8038269,35.14398136
2016,주간,금,1,4,0,2,1,서울,강남구,차대차,측면직각충돌,측면직각충돌,운전자법규위반,중앙선 침범,단일로,교량위,승용차,대형,승용차,중형,960850,1946844,127.0569596,37.5200598
2016,야간,금,1,1,0,0,0,서울,서대문구,차대사람,기타,기타,운전자법규위반,안전운전 의무 불이행,단일로,횡단보도부근,승용차,중형,보행자,보행자,951032,1954421,126.9453527,37.58788351
2016,야간,화,1,1,0,0,0,경남,밀양시,차대사람,횡단중,횡단중,운전자법규위반,안전운전 의무 불이행,교차로,교차로내,승용차,중형,보행자,보행자,1104545,1727730,128.6532808,35.54003326
2016,야간,월,1,1,0,0,0,대전,대덕구,차대사람,길가장자리구역통행중,길가장자리구역통행중,운전자법규위반,과속,교차로,교차로부근,승용차,중형,보행자,보행자,992401,1817331,127.4153068,36.35336261
2016,야간,금,1,1,0,0,0,제주,제주시,차대사람,차도통행중,차도통행중,운전자법규위반,안전운전 의무 불이행,단일로,기타단일로,승용차,경형,보행자,보행자,915827,1503695,126.5935303,33.52153568
2016,주간,금,1,1,0,0,0,부산,남구,차대사람,횡단중,횡단중,운전자법규위반,보행자 보호의무 위반,단일로,횡단보도상,화물차,중형,보행자,보행자,1144298,1683373,129.0838609,35.13523267
2016,야간,금,1,1,0,0,0,강원,속초시,차대사람,횡단중,횡단중,운전자법규위반,안전운전 의무 불이행,단일로,기타단일로,승용차,대형,보행자,보행자,1092359,2018916,128.5543201,38.16575268
2016,주간,수,1,5,1,3,0,경기,안양시,차대사람,기타,기타,운전자법규위반,기타(운전자법규위반),단일로,기타단일로,승용차,대형,보행자,보행자,949549,1932280,126.9300741,37.38824131
2016,주간,수,1,1,0,0,0,충남,예산군,차대차,측면직각충돌,측면직각충돌,운전자법규위반,안전운전 의무 불이행,단일로,기타단일로,화물차,소형,자전거,자전거,935902,1852963,126.7826746,36.67246069
2016,야간,토,1,1,0,0,0,경북,문경시,차대차,기타,기타,운전자법규위반,안전운전 의무 불이행,단일로,기타단일로,승용차,중형,승용차,경형,1054663,1859553,128.1122146,36.73245454
2016,주간,일,1,1,0,0,0,광주,광산구,차대사람,횡단중,횡단중,운전자법규위반,신호위반,단일로,기타단일로,승용차,대형,보행자,보행자,940190,1691237,126.8428435,35.21471197
2016,주간,화,1,1,0,0,0,전남,목포시,차대차,측면직각충돌,측면직각충돌,운전자법규위반,안전운전 의무 불이행,교차로,교차로부근,화물차,소형,자전거,자전거,898123,1644876,126.3863773,34.79334347
2016,주간,화,1,1,0,0,0,경남,김해시,차대차,측면직각충돌,측면직각충돌,운전자법규위반,안전운전 의무 불이행,교차로,교차로내,원동기장치자전거,원동기장치자전거,화물차,소형,1120017,1689841,128.8183548,35.19673046
2016,주간,화,1,1,0,0,0,충북,청주시,차대차,정면충돌,정면충돌,운전자법규위반,차로위반(진로변경 위반),교차로,교차로부근,자전거,자전거,화물차,소형,993589,1828952,127.4278823,36.45806318
2016,주간,목,1,1,0,0,0,전남,담양군,차량단독,공작물충돌,공작물충돌,운전자법규위반,안전운전 의무 불이행,단일로,기타단일로,승용차,중형,,,960015,1705974,127.0599433,35.34857826
2016,야간,목,1,1,0,0,0,강원,양구군,차량단독,전도전복,전도전복,운전자법규위반,안전운전 의무 불이행,단일로,기타단일로,화물차,소형,,,1040195,2024084,127.9591657,38.21616467
2016,야간,수,1,1,0,0,0,경북,구미시,차대사람,횡단중,횡단중,운전자법규위반,보행자 보호의무 위반,단일로,횡단보도상,승용차,중형,보행자,보행자,1075335,1792613,128.3373771,36.12756088
2016,주간,일,1,1,0,0,0,경북,성주군,차량단독,도로이탈,도로이탈 추락,운전자법규위반,안전운전 의무 불이행,단일로,기타단일로,이륜차,사발이,,,1061624,1759202,128.1822527,35.82737644
2016,야간,수,1,1,0,0,0,서울,서초구,차대차,기타,기타,운전자법규위반,안전운전 의무 불이행,단일로,기타단일로,이륜차,소형,불명,불명,956891,1942667,127.0124039,37.48223453
2016,야간,수,1,1,0,0,0,전북,김제시,차대사람,횡단중,횡단중,운전자법규위반,안전운전 의무 불이행,단일로,기타단일로,원동기장치자전거,원동기장치자전거,보행자,보행자,944522,1756949,126.8859438,35.80743104
2016,야간,화,1,1,0,0,0,경북,상주시,차대차,측면직각충돌,측면직각충돌,운전자법규위반,신호위반,교차로,교차로내,승용차,중형,자전거,자전거,1060365,1825356,128.1733896,36.42384198
2016,주간,토,1,1,0,0,0,경기,오산시,차대차,기타,기타,운전자법규위반,안전운전 의무 불이행,단일로,횡단보도상,건설기계,건설기계,자전거,자전거,963430,1906770,127.0881326,37.1589516
2016,주간,토,1,3,2,0,0,충남,공주시,차량단독,공작물충돌,공작물충돌,운전자법규위반,안전운전 의무 불이행,교차로,교차로내,화물차,소형,,,958897,1814931,127.0420274,36.33087819
2016,주간,화,2,2,0,0,0,충북,음성군,차대차,기타,기타,운전자법규위반,중앙선 침범,단일로,기타단일로,화물차,대형,화물차,소형,1004688,1889513,127.5526912,37.00409572
2016,야간,수,1,1,0,0,0,충북,청주시,차대사람,횡단중,횡단중,운전자법규위반,과속,단일로,기타단일로,승용차,경형,보행자,보행자,998642,1845918,127.4848145,36.61110963
2016,주간,토,1,1,0,0,0,강원,홍천군,차대사람,횡단중,횡단중,운전자법규위반,보행자 보호의무 위반,단일로,횡단보도상,이륜차,사발이,보행자,보행자,1033595,1965504,127.8810357,37.68846719
2016,야간,수,1,1,0,0,0,충남,부여군,차량단독,기타,기타,운전자법규위반,안전운전 의무 불이행,단일로,기타단일로,이륜차,소형,,,943237,1793480,126.8691064,36.13670061
2016,야간,일,1,1,0,0,0,경남,창원시(통합),차대사람,횡단중,횡단중,운전자법규위반,안전운전 의무 불이행,단일로,횡단보도상,승용차,소형,보행자,보행자,1100711,1696265,128.6071086,35.25676851
2016,야간,목,1,1,0,0,0,경기,광주시,차대사람,횡단중,횡단중,운전자법규위반,안전운전 의무 불이행,교차로,교차로내,화물차,소형,보행자,보행자,974585,1934056,127.2128304,37.40527452
2016,야간,금,1,2,1,0,0,부산,강서구,차대차,추돌,진행중 추돌,운전자법규위반,안전운전 의무 불이행,교차로,교차로부근,화물차,대형,화물차,대형,1121681,1677288,128.8346623,35.08367278
2016,주간,일,1,1,0,0,0,전북,장수군,차대차,측면직각충돌,측면직각충돌,운전자법규위반,앞지르기 금지위반,교차로,교차로내,승용차,경형,이륜차,사발이,1008901,1747798,127.5984212,35.72645093
2016,주간,목,1,1,0,0,0,경남,함안군,차량단독,전도전복,전도전복,운전자법규위반,안전운전 의무 불이행,단일로,기타단일로,농기계,농기계,,,1083885,1697198,128.4222604,35.26673121
2016,야간,일,1,4,1,2,0,전남,고흥군,차량단독,전도전복,전도전복,운전자법규위반,안전운전 의무 불이행,단일로,기타단일로,승용차,중형,,,977358,1639296,127.2526297,34.74786796
2016,야간,금,1,1,0,0,0,대전,동구,차대사람,횡단중,횡단중,운전자법규위반,안전운전 의무 불이행,단일로,횡단보도상,승용차,소형,보행자,보행자,996680,1810304,127.4630275,36.29003528
2016,주간,금,1,1,0,0,0,경기,용인시,차대사람,횡단중,횡단중,운전자법규위반,보행자 보호의무 위반,교차로,교차로부근,승합차,경형,보행자,보행자,965030,1919240,127.1055674,37.27141604
2016,주간,토,1,1,0,0,0,충북,청주시,차대차,기타,기타,운전자법규위반,안전운전 의무 불이행,교차로,교차로부근,승합차,대형,자전거,자전거,1003230,1858722,127.5361728,36.72653231
2016,야간,토,1,1,0,0,0,충남,청양군,차대차,추돌,진행중 추돌,운전자법규위반,과속,교차로,교차로부근,화물차,소형,농기계,농기계,942953,1814771,126.8643984,36.32862312
2016,야간,화,1,1,0,0,0,강원,홍천군,차대사람,횡단중,횡단중,운전자법규위반,안전운전 의무 불이행,단일로,기타단일로,승용차,대형,보행자,보행자,1035635,1966010,127.9041976,37.69295081
2016,야간,목,1,1,0,0,0,경북,경산시,차대사람,차도통행중,차도통행중,운전자법규위반,안전운전 의무 불이행,단일로,기타단일로,화물차,대형,보행자,보행자,1120235,1769907,128.8326439,35.91843406
2016,야간,수,1,1,0,0,0,충남,아산시,차대사람,횡단중,횡단중,운전자법규위반,안전운전 의무 불이행,교차로,교차로부근,승용차,대형,보행자,보행자,958274,1874192,127.0318698,36.86507394
2016,주간,일,1,1,0,0,0,경기,가평군,차대사람,기타,기타,운전자법규위반,안전운전 의무 불이행,교차로,교차로부근,승용차,중형,보행자,보행자,988158,1977451,127.3654917,37.79668781
2016,야간,목,1,1,0,0,0,충북,보은군,차대사람,차도통행중,차도통행중,운전자법규위반,안전운전 의무 불이행,단일로,기타단일로,승용차,중형,보행자,보행자,1027079,1828068,127.8021118,36.44978006
2016,주간,수,1,2,1,0,0,전북,익산시,차대차,정면충돌,정면충돌,운전자법규위반,신호위반,교차로,교차로내,이륜차,소형,화물차,소형,950895,1772234,126.9556976,35.9452521
2016,주간,토,1,1,0,0,0,강원,정선군,차량단독,기타,기타,운전자법규위반,안전운전 의무 불이행,단일로,기타단일로,자전거,자전거,,,1108744,1914993,128.725807,37.22744629
2016,주간,목,1,1,0,0,0,전남,나주시,차대사람,횡단중,횡단중,운전자법규위반,신호위반,단일로,횡단보도상,승용차,중형,보행자,보행자,928970,1666803,126.7216713,34.99367216
2016,야간,수,1,1,0,0,0,경기,안양시,차대사람,횡단중,횡단중,운전자법규위반,안전운전 의무 불이행,교차로,교차로내,화물차,소형,보행자,보행자,953690,1933800,126.9767563,37.40215795
2016,주간,화,1,1,0,0,0,경기,부천시,차대사람,횡단중,횡단중,운전자법규위반,안전운전 의무 불이행,교차로,교차로내,승용차,중형,보행자,보행자,936258,1942605,126.7790483,37.48048219
2016,주간,목,2,2,0,0,0,경남,창녕군,차대차,추돌,진행중 추돌,운전자법규위반,안전운전 의무 불이행,단일로,기타단일로,화물차,중형,농기계,농기계,1089014,1729158,128.4821331,35.55442382
2016,주간,일,1,1,0,0,0,부산,진구,차대사람,횡단중,횡단중,운전자법규위반,안전운전 의무 불이행,단일로,횡단보도상,승용차,소형,보행자,보행자,1141644,1686383,129.0551804,35.16294098
2016,주간,금,1,1,0,0,0,경기,하남시,차대차,기타,기타,운전자법규위반,중앙선 침범,교차로,교차로부근,화물차,소형,원동기장치자전거,원동기장치자전거,975740,1945909,127.2254906,37.51214401
2016,야간,금,1,4,2,1,0,충남,천안시,차대차,정면충돌,정면충돌,운전자법규위반,중앙선 침범,기타/불명,기타/불명,승용차,중형,승용차,중형,975087,1878876,127.2203406,36.90789108
2016,야간,토,1,1,0,0,0,서울,중구,차대사람,횡단중,횡단중,운전자법규위반,안전운전 의무 불이행,단일로,기타단일로,승합차,대형,보행자,보행자,957489,1951903,127.0185886,37.56571092
2016,주간,토,1,1,0,0,0,충북,옥천군,차대사람,기타,기타,운전자법규위반,안전운전 의무 불이행,단일로,기타단일로,승합차,대형,보행자,보행자,1013401,1810305,127.6492373,36.28995689
2016,주간,수,1,1,0,0,0,대구,수성구,차대사람,횡단중,횡단중,운전자법규위반,안전운전 의무 불이행,교차로,교차로내,특수차,대형,보행자,보행자,1102659,1758786,128.6365754,35.82027476
2016,주간,목,2,4,0,2,0,경기,이천시,차대차,기타,기타,운전자법규위반,신호위반,교차로,교차로내,승용차,중형,화물차,대형,991111,1918488,127.3997474,37.26525213
2016,주간,월,1,1,0,0,0,전남,강진군,차대차,기타,기타,운전자법규위반,안전거리 미확보,단일로,기타단일로,화물차,소형,원동기장치자전거,원동기장치자전거,933352,1627280,126.7731889,34.63776486
2016,야간,금,1,1,0,0,0,강원,홍천군,차량단독,공작물충돌,공작물충돌,운전자법규위반,안전운전 의무 불이행,단일로,기타단일로,승용차,경형,,,1043195,1973355,127.9903822,37.75882614
2016,야간,금,1,2,0,1,0,전북,익산시,차대차,추돌,진행중 추돌,운전자법규위반,안전운전 의무 불이행,교차로,교차로내,승용차,중형,화물차,소형,950918,1777860,126.9538756,35.98974704
2016,야간,수,1,1,0,0,0,경기,용인시,차량단독,전도전복,전도전복,운전자법규위반,안전운전 의무 불이행,단일로,기타단일로,승용차,대형,,,964741,1922536,127.1021514,37.30111454
2016,야간,화,1,1,0,0,0,전남,여수시,차대사람,횡단중,횡단중,운전자법규위반,안전운전 의무 불이행,단일로,기타단일로,승용차,소형,보행자,보행자,1021302,1638452,127.7327092,34.74028584
2016,주간,수,1,1,0,0,0,충북,제천시,차대사람,횡단중,횡단중,운전자법규위반,과속,기타/불명,기타/불명,승합차,경형,보행자,보행자,1062804,1903883,128.2070676,37.13153454
2016,주간,목,2,3,1,0,0,전남,무안군,차대차,정면충돌,정면충돌,운전자법규위반,중앙선 침범,단일로,기타단일로,승용차,소형,승용차,중형,899423,1671575,126.3973709,35.03418816
2016,야간,화,1,3,1,1,0,경기,용인시,차대차,측면직각충돌,측면직각충돌,운전자법규위반,신호위반,교차로,교차로내,이륜차,소형,승합차,중형,966458,1925226,127.1214034,37.32542508
2016,야간,금,1,2,0,1,0,전북,완주군,차대차,추돌,진행중 추돌,운전자법규위반,안전운전 의무 불이행,교차로,교차로부근,화물차,소형,화물차,대형,966773,1774004,127.1315104,35.96220342
2016,야간,수,1,1,0,0,0,경북,문경시,차량단독,전도전복,전도전복,운전자법규위반,안전운전 의무 불이행,단일로,기타단일로,원동기장치자전거,원동기장치자전거,,,1061757,1844796,128.1904716,36.59899561
2016,주간,목,1,2,1,0,0,전남,해남군,차량단독,공작물충돌,공작물충돌,운전자법규위반,안전운전 의무 불이행,단일로,기타단일로,승합차,경형,,,894635,1634245,126.3495862,34.69713963
2016,주간,일,1,1,0,0,0,강원,원주시,차대차,측면직각충돌,측면직각충돌,운전자법규위반,직진 및 우회전차의 통행방해,교차로,교차로내,승합차,경형,이륜차,소형,1041175,1927243,127.9647387,37.3432918
2016,주간,일,1,2,1,0,0,대구,서구,차대차,정면충돌,정면충돌,운전자법규위반,신호위반,교차로,교차로내,이륜차,소형,승합차,중형,1095224,1765240,128.5549198,35.87911988
2016,야간,토,1,1,0,0,0,경북,경산시,차대사람,횡단중,횡단중,운전자법규위반,안전운전 의무 불이행,단일로,기타단일로,승용차,경형,보행자,보행자,1117395,1765057,128.8004584,35.8750625
2016,주간,토,1,1,0,0,0,서울,송파구,차대사람,기타,기타,운전자법규위반,안전운전 의무 불이행,단일로,기타단일로,건설기계,건설기계,보행자,보행자,962971,1945239,127.0810421,37.50568087
2016,야간,일,1,1,0,0,0,전북,완주군,차대차,측면직각충돌,측면직각충돌,운전자법규위반,교차로 통행방법 위반,교차로,교차로내,이륜차,사발이,승용차,중형,966203,1770880,127.1253222,35.93401839
2016,주간,목,1,1,0,0,0,강원,홍천군,차대차,정면충돌,정면충돌,운전자법규위반,안전운전 의무 불이행,단일로,기타단일로,이륜차,소형,승용차,중형,1041356,1977846,127.9697613,37.79938825
2016,야간,월,1,2,0,1,0,경기,가평군,차대차,기타,기타,운전자법규위반,안전운전 의무 불이행,단일로,기타단일로,화물차,대형,승용차,대형,992997,1971091,127.4205172,37.73941349
2016,야간,토,1,1,0,0,0,서울,중구,차대사람,기타,기타,운전자법규위반,안전운전 의무 불이행,단일로,기타단일로,승용차,중형,보행자,보행자,955389,1951456,126.9948819,37.56138094
2016,야간,금,1,1,0,0,0,전북,전주시,차량단독,공작물충돌,공작물충돌,운전자법규위반,안전운전 의무 불이행,단일로,기타단일로,승용차,대형,,,968740,1764484,127.1536986,35.87643704
2016,주간,금,1,1,0,0,0,충북,단양군,차대사람,기타,기타,운전자법규위반,중앙선 침범,단일로,기타단일로,승용차,중형,보행자,보행자,1073333,1900940,128.3253081,37.1042421
2016,야간,일,1,1,0,0,0,경기,오산시,차대사람,길가장자리구역통행중,길가장자리구역통행중,운전자법규위반,안전운전 의무 불이행,단일로,기타단일로,승용차,경형,보행자,보행자,961721,1903824,127.0690363,37.13232805
2016,주간,목,1,2,1,0,0,대구,중구,차대차,측면직각충돌,측면직각충돌,운전자법규위반,안전거리 미확보,교차로,교차로부근,승용차,경형,승합차,대형,1098660,1763273,128.5927352,35.86104807
2016,주간,금,1,1,0,0,0,서울,도봉구,차대차,기타,기타,운전자법규위반,안전운전 의무 불이행,교차로,교차로내,건설기계,건설기계,자전거,자전거,959194,1959924,127.0374913,37.63788135
2016,야간,목,1,1,0,0,0,전북,익산시,차량단독,전도전복,전도전복,운전자법규위반,안전운전 의무 불이행,단일로,기타단일로,승용차,중형,,,955980,1792208,127.0108046,36.12589527
2016,주간,금,1,1,0,0,0,경북,상주시,차대차,측면직각충돌,측면직각충돌,운전자법규위반,안전운전 의무 불이행,교차로,교차로내,자전거,자전거,화물차,소형,1058741,1825568,128.1552905,36.42585389
2016,주간,토,1,1,0,0,0,충남,논산시,차대차,측면직각충돌,측면직각충돌,운전자법규위반,안전운전 의무 불이행,단일로,교량위,건설기계,건설기계,원동기장치자전거,원동기장치자전거,965193,1801635,127.1127687,36.21125859
2016,야간,금,1,1,0,0,0,경기,평택시,차대사람,횡단중,횡단중,운전자법규위반,안전운전 의무 불이행,교차로,교차로내,승용차,경형,보행자,보행자,961822,1895858,127.0705788,37.06052642
2016,주간,화,1,3,2,0,0,경남,창원시(통합),차대차,측면직각충돌,측면직각충돌,운전자법규위반,중앙선 침범,단일로,기타단일로,승합차,대형,화물차,소형,1097632,1682452,128.5716299,35.13254141
2016,주간,토,1,1,0,0,0,제주,제주시,차대차,정면충돌,정면충돌,운전자법규위반,과속,교차로,교차로내,승용차,중형,원동기장치자전거,원동기장치자전거,938135,1504873,126.8337093,33.53400469
2016,주간,토,1,2,1,0,0,경기,화성시,차대차,기타,기타,운전자법규위반,안전운전 의무 불이행,단일로,기타단일로,승용차,중형,이륜차,소형,926532,1916054,126.671687,37.24045739
2016,야간,일,1,1,0,0,0,서울,서초구,차대사람,차도통행중,차도통행중,운전자법규위반,안전운전 의무 불이행,단일로,기타단일로,승용차,대형,보행자,보행자,959230,1942058,127.0388927,37.47685159
2016,야간,목,1,1,0,0,0,제주,서귀포시,차대차,추돌,진행중 추돌,운전자법규위반,안전운전 의무 불이행,단일로,기타단일로,승용차,경형,승용차,대형,914617,1474990,126.5834223,33.26340867
2016,야간,월,1,1,0,0,0,경기,화성시,차대사람,횡단중,횡단중,운전자법규위반,안전운전 의무 불이행,단일로,기타단일로,승합차,중형,보행자,보행자,949299,1906903,126.9289803,37.1594905
2016,야간,금,1,2,1,0,0,경기,용인시,차대차,측면직각충돌,측면직각충돌,운전자법규위반,신호위반,교차로,교차로내,승용차,소형,화물차,소형,985451,1909087,127.3360961,37.18043975
2016,야간,일,1,3,2,0,0,경기,남양주시,차량단독,전도전복,전도전복,운전자법규위반,안전운전 의무 불이행,단일로,기타단일로,승용차,중형,,,972876,1969571,127.192206,37.72533825
2016,주간,일,1,1,0,0,0,충남,아산시,차대사람,횡단중,횡단중,운전자법규위반,안전운전 의무 불이행,단일로,기타단일로,건설기계,건설기계,보행자,보행자,952038,1869098,126.9622314,36.8188591
2016,주간,월,1,1,0,0,0,제주,제주시,차대사람,횡단중,횡단중,운전자법규위반,안전운전 의무 불이행,단일로,기타단일로,승용차,중형,보행자,보행자,908488,1502037,126.5145887,33.50634437
2016,주간,화,1,1,0,0,0,서울,중구,차대사람,횡단중,횡단중,운전자법규위반,안전운전 의무 불이행,단일로,기타단일로,화물차,소형,보행자,보행자,953535,1951656,126.9738777,37.56309191
2016,야간,월,1,1,0,0,0,충북,청주시,차대사람,기타,기타,운전자법규위반,안전운전 의무 불이행,단일로,기타단일로,승용차,경형,보행자,보행자,998204,1848719,127.4800634,36.63614089
2016,주간,화,1,1,0,0,0,충북,충주시,차대사람,횡단중,횡단중,운전자법규위반,신호위반,교차로,교차로부근,화물차,소형,보행자,보행자,1037077,1887190,127.9166107,36.98243588
2016,야간,금,1,1,0,0,0,경기,과천시,차대차,추돌,진행중 추돌,운전자법규위반,안전운전 의무 불이행,교차로,교차로부근,승용차,중형,자전거,자전거,954042,1934819,126.9806699,37.41136018
2016,주간,금,1,1,0,0,0,경남,창원시(통합),차대사람,횡단중,횡단중,운전자법규위반,안전운전 의무 불이행,교차로,교차로부근,승용차,중형,보행자,보행자,1092020,1695313,128.5114763,35.24902196
2016,주간,월,1,1,0,0,0,경기,양평군,차대사람,횡단중,횡단중,운전자법규위반,보행자 보호의무 위반,단일로,횡단보도상,승용차,중형,보행자,보행자,999510,1943420,127.4944571,37.49002785
2016,야간,일,2,3,0,1,0,강원,삼척시,차대차,측면직각충돌,측면직각충돌,운전자법규위반,신호위반,교차로,교차로내,승용차,경형,승용차,경형,1147415,1940038,129.0499342,37.24926284
2016,야간,일,1,1,0,0,0,충남,서산시,차량단독,전도전복,전도전복,운전자법규위반,안전운전 의무 불이행,단일로,기타단일로,화물차,중형,,,906853,1863925,126.4562902,36.76886353
2016,주간,금,1,1,0,0,0,전북,완주군,차대차,측면직각충돌,측면직각충돌,운전자법규위반,안전거리 미확보,단일로,기타단일로,원동기장치자전거,원동기장치자전거,화물차,소형,974162,1762030,127.2138428,35.85446984
2016,주간,수,2,2,0,0,0,전남,장성군,차대차,측면직각충돌,측면직각충돌,운전자법규위반,안전운전 의무 불이행,교차로,교차로내,화물차,소형,원동기장치자전거,원동기장치자전거,935546,1701639,126.7910049,35.30821245
2016,주간,목,1,4,2,1,0,강원,홍천군,차대차,정면충돌,정면충돌,운전자법규위반,중앙선 침범,단일로,기타단일로,승용차,경형,화물차,소형,1031495,1954547,127.8567453,37.58978325
2016,야간,목,1,1,0,0,0,경북,경산시,차대사람,횡단중,횡단중,운전자법규위반,보행자 보호의무 위반,단일로,기타단일로,승용차,대형,보행자,보행자,1113741,1773695,128.7612251,35.95335579
2016,야간,수,1,1,0,0,0,경북,성주군,차량단독,공작물충돌,공작물충돌,운전자법규위반,안전운전 의무 불이행,단일로,기타단일로,화물차,소형,,,1058529,1765146,128.1484255,35.88115469
2016,주간,금,1,2,1,0,0,강원,삼척시,차대차,추돌,진행중 추돌,운전자법규위반,안전운전 의무 불이행,단일로,기타단일로,건설기계,건설기계,이륜차,사발이,1154406,1927829,129.2430086,37.33665208
2016,야간,화,1,1,0,0,0,경기,고양시,차대사람,횡단중,횡단중,운전자법규위반,안전운전 의무 불이행,단일로,기타단일로,승합차,대형,보행자,보행자,935485,1963305,126.7494109,37.67541767
2016,야간,토,1,10,5,3,1,인천,남동구,차대차,추돌,진행중 추돌,운전자법규위반,안전운전 의무 불이행,교차로,교차로부근,승용차,대형,화물차,소형,929470,1940846,126.7024478,37.46413522
2016,주간,화,1,1,0,0,0,경북,경주시,차대차,추돌,진행중 추돌,운전자법규위반,안전운전 의무 불이행,단일로,기타단일로,원동기장치자전거,원동기장치자전거,화물차,소형,1146774,1760949,129.1250464,35.83407568
2016,야간,토,1,1,0,0,0,서울,관악구,차대차,추돌,진행중 추돌,운전자법규위반,중앙선 침범,교차로,교차로부근,이륜차,소형,화물차,소형,948815,1943556,126.9231244,37.48984992
2016,야간,토,1,1,0,0,0,세종,세종,차대사람,기타,기타,운전자법규위반,안전운전 의무 불이행,단일로,기타단일로,승용차,중형,보행자,보행자,982443,1844331,127.3037094,36.59664211
2016,야간,금,1,1,0,0,0,경기,시흥시,차대차,측면직각충돌,측면직각충돌,운전자법규위반,신호위반,교차로,교차로내,승용차,소형,승합차,대형,929592,1926266,126.7052162,37.3327357
2016,야간,일,1,1,0,0,0,전남,순천시,차대사람,횡단중,횡단중,운전자법규위반,안전운전 의무 불이행,단일로,기타단일로,승합차,소형,보행자,보행자,1003354,1663813,127.5367417,34.9691994
2016,야간,금,1,2,0,1,0,경기,용인시,차대사람,횡단중,횡단중,운전자법규위반,안전운전 의무 불이행,교차로,교차로부근,승용차,중형,보행자,보행자,964820,1926427,127.1028583,37.33618994
2016,주간,금,1,1,0,0,0,전남,함평군,차대차,추돌,진행중 추돌,운전자법규위반,안전운전 의무 불이행,교차로,교차로부근,자전거,자전거,화물차,소형,912694,1671126,126.5428891,35.03137472
2016,주간,토,1,1,0,0,0,경북,김천시,차대차,기타,기타,운전자법규위반,안전운전 의무 불이행,단일로,기타단일로,화물차,중형,자전거,자전거,1055465,1792188,128.1163766,36.12512806
2016,주간,금,1,1,0,0,0,경기,화성시,차대사람,횡단중,횡단중,운전자법규위반,안전운전 의무 불이행,단일로,기타단일로,승용차,소형,보행자,보행자,947673,1903988,126.9108722,37.13312584
2016,야간,수,1,1,0,0,0,경북,군위군,차대사람,차도통행중,차도통행중,운전자법규위반,안전운전 의무 불이행,단일로,기타단일로,승용차,중형,보행자,보행자,1104906,1788483,128.6652376,36.08764495
2016,주간,수,1,1,0,0,0,경북,고령군,차대차,정면충돌,정면충돌,운전자법규위반,신호위반,교차로,교차로내,원동기장치자전거,원동기장치자전거,건설기계,건설기계,1086321,1758999,128.4556273,35.8236835
2016,주간,목,1,1,0,0,0,서울,관악구,차대사람,보도통행중,보도통행중,운전자법규위반,안전운전 의무 불이행,교차로,교차로부근,화물차,소형,보행자,보행자,952761,1941772,126.9657496,37.47396561
2016,야간,화,1,4,0,0,3,전남,장흥군,차대차,정면충돌,정면충돌,운전자법규위반,중앙선 침범,단일로,기타단일로,승용차,중형,승용차,소형,954817,1641353,127.0062584,34.76566772
2016,야간,월,1,2,1,0,0,경기,시흥시,차대사람,기타,기타,운전자법규위반,안전운전 의무 불이행,단일로,기타단일로,화물차,대형,보행자,보행자,941314,1932873,126.8370046,37.39310124
2016,야간,목,1,1,0,0,0,강원,강릉시,차량단독,공작물충돌,공작물충돌,운전자법규위반,과속,단일로,기타단일로,승용차,대형,,,1115670,1982372,128.8144758,37.83378235
2016,야간,수,2,4,1,1,0,충남,천안시,차대차,추돌,진행중 추돌,운전자법규위반,안전운전 의무 불이행,단일로,기타단일로,화물차,대형,화물차,중형,976450,1860739,127.2362026,36.74442834
2016,야간,금,1,2,0,1,0,충북,청주시,차대차,기타,기타,운전자법규위반,안전운전 의무 불이행,단일로,기타단일로,화물차,중형,화물차,중형,993870,1835944,127.431532,36.52117446
2016,야간,화,1,2,1,0,0,충남,공주시,차대차,정면충돌,정면충돌,운전자법규위반,안전운전 의무 불이행,단일로,기타단일로,승용차,중형,특수차,대형,962317,1825810,127.0796048,36.4290937
2016,주간,토,1,9,1,7,0,경기,남양주시,차대차,기타,기타,운전자법규위반,안전운전 의무 불이행,단일로,기타단일로,승용차,중형,화물차,중형,984369,1959157,127.3228472,37.63174159
2016,주간,월,1,1,0,0,0,경북,성주군,차량단독,공작물충돌,공작물충돌,운전자법규위반,안전운전 의무 불이행,단일로,기타단일로,승용차,경형,,,1068136,1769051,128.2551852,35.91573781
2016,야간,화,2,2,0,0,0,충북,음성군,차대차,추돌,진행중 추돌,운전자법규위반,안전운전 의무 불이행,단일로,기타단일로,승용차,중형,화물차,대형,998413,1891018,127.4789246,37.00440393
2016,야간,목,1,1,0,0,0,경기,수원시,차대사람,차도통행중,차도통행중,운전자법규위반,안전운전 의무 불이행,단일로,기타단일로,승용차,대형,보행자,보행자,960157,1922395,127.0504363,37.29965843
2016,주간,수,1,1,0,0,0,경기,화성시,차대사람,기타,기타,운전자법규위반,안전운전 의무 불이행,단일로,기타단일로,화물차,중형,보행자,보행자,945702,1918201,126.8876488,37.26112398
2016,야간,목,1,2,0,0,1,경기,안양시,차대차,추돌,진행중 추돌,운전자법규위반,안전운전 의무 불이행,단일로,기타단일로,화물차,대형,화물차,대형,949803,1930968,126.9378695,37.3772332
2016,주간,수,1,3,0,2,0,서울,영등포구,차대차,측면직각충돌,측면직각충돌,운전자법규위반,안전운전 의무 불이행,단일로,기타단일로,승용차,중형,승용차,소형,946576,1949361,126.895252,37.54202946
2016,야간,화,1,1,0,0,0,전남,영암군,차대차,추돌,진행중 추돌,운전자법규위반,안전운전 의무 불이행,단일로,기타단일로,승용차,중형,원동기장치자전거,원동기장치자전거,902582,1639336,126.4357526,34.74382977
2016,주간,수,1,1,0,0,0,전남,장성군,차대사람,횡단중,횡단중,운전자법규위반,안전거리 미확보,기타/불명,기타/불명,화물차,대형,보행자,보행자,923030,1694657,126.6539958,35.24437696
2016,주간,일,1,1,0,0,0,충남,부여군,차량단독,전도전복,전도전복,운전자법규위반,안전운전 의무 불이행,단일로,기타단일로,이륜차,소형,,,950364,1803321,126.9476936,36.22581073
2016,야간,일,1,1,0,0,0,서울,서초구,차대사람,기타,기타,운전자법규위반,안전운전 의무 불이행,단일로,기타단일로,승용차,중형,보행자,보행자,961053,1939880,127.0596254,37.45729896
2016,주간,금,1,1,0,0,0,부산,금정구,차대차,측면직각충돌,측면직각충돌,운전자법규위반,교차로 통행방법 위반,교차로,교차로내,이륜차,소형,승합차,대형,1144440,1695413,129.0874962,35.24385839
2016,주간,토,1,1,0,0,0,경북,안동시,차대사람,횡단중,횡단중,운전자법규위반,안전운전 의무 불이행,교차로,교차로부근,승용차,중형,보행자,보행자,1109228,1841509,128.7206673,36.56511382
2016,야간,금,1,1,0,0,0,경북,구미시,차대차,추돌,진행중 추돌,운전자법규위반,안전운전 의무 불이행,단일로,기타단일로,화물차,중형,화물차,대형,1070416,1805059,128.283668,36.24018779
2016,야간,월,1,1,0,0,0,서울,서대문구,차대사람,기타,기타,운전자법규위반,신호위반,단일로,기타단일로,원동기장치자전거,원동기장치자전거,보행자,보행자,950107,1951211,126.9350945,37.55890171
2016,주간,월,1,2,0,1,0,경기,고양시,차대차,측면직각충돌,측면직각충돌,운전자법규위반,신호위반,교차로,교차로내,승용차,경형,승용차,경형,937258,1962940,126.7886167,37.6638272
2016,야간,토,1,1,0,0,0,충남,아산시,차량단독,전도전복,전도전복,운전자법규위반,안전운전 의무 불이행,교차로,교차로부근,승용차,소형,,,943844,1874168,126.869987,36.86410975
2016,주간,금,1,1,0,0,0,충남,태안군,차대차,기타,기타,운전자법규위반,신호위반,교차로,교차로내,화물차,대형,승용차,중형,889847,1863099,126.2658947,36.759595
2016,야간,토,1,1,0,0,0,서울,영등포구,차대사람,횡단중,횡단중,운전자법규위반,안전운전 의무 불이행,단일로,횡단보도상,승용차,중형,보행자,보행자,947124,1947616,126.9014625,37.52638665
2016,주간,수,1,1,0,0,0,경기,안양시,차대사람,횡단중,횡단중,운전자법규위반,안전운전 의무 불이행,교차로,교차로내,화물차,소형,보행자,보행자,951794,1929933,126.9555868,37.36720626
2016,야간,수,1,1,0,0,0,경남,고성군,차대사람,횡단중,횡단중,운전자법규위반,안전운전 의무 불이행,단일로,기타단일로,화물차,소형,보행자,보행자,1079890,1663980,128.3751339,34.96755762
2016,야간,목,1,1,0,0,0,인천,강화군,차대사람,차도통행중,차도통행중,운전자법규위반,안전운전 의무 불이행,단일로,기타단일로,승용차,경형,보행자,보행자,906314,1975272,126.4362247,37.77232296
2016,주간,목,1,1,0,0,0,경기,수원시,차대사람,기타,기타,운전자법규위반,안전운전 의무 불이행,단일로,기타단일로,화물차,소형,보행자,보행자,957819,1921683,127.024097,37.29313756
2016,주간,목,1,2,0,1,0,서울,성북구,차대차,측면직각충돌,측면직각충돌,운전자법규위반,신호위반,교차로,교차로내,원동기장치자전거,원동기장치자전거,승용차,중형,957563,1955995,127.0190188,37.60252453
2016,주간,금,1,1,0,0,0,충남,천안시,차대사람,횡단중,횡단중,운전자법규위반,안전운전 의무 불이행,교차로,교차로부근,승용차,중형,보행자,보행자,969040,1868298,127.152893,36.81235677
2016,주간,금,1,1,0,0,0,제주,서귀포시,차대차,기타,기타,운전자법규위반,직진 및 우회전차의 통행방해,교차로,교차로내,승합차,대형,이륜차,사발이,935437,1488733,126.8056793,33.38826511
2016,야간,금,1,1,0,0,0,경기,부천시,차대차,정면충돌,정면충돌,운전자법규위반,안전운전 의무 불이행,교차로,교차로내,승용차,경형,승용차,중형,933992,1945431,126.7531671,37.50579351
2016,주간,목,1,1,0,0,0,울산,중구,차대차,측면직각충돌,측면직각충돌,운전자법규위반,안전운전 의무 불이행,단일로,기타단일로,특수차,대형,이륜차,소형,1165572,1731177,129.3269513,35.56278292
2016,야간,화,1,1,0,0,0,경기,안산시,차대차,측면직각충돌,측면직각충돌,운전자법규위반,안전운전 의무 불이행,교차로,교차로부근,이륜차,소형,승용차,중형,941779,1922938,126.8430383,37.3035834
2016,야간,화,1,5,2,1,1,경기,시흥시,차대사람,기타,기타,운전자법규위반,과속,단일로,기타단일로,화물차,소형,보행자,보행자,944348,1930125,126.8714855,37.36851988
2016,주간,금,1,2,1,0,0,충북,영동군,차대사람,기타,기타,운전자법규위반,안전운전 의무 불이행,기타/불명,기타/불명,승용차,중형,보행자,보행자,1034528,1802450,127.8901534,36.21676753
2016,야간,목,1,3,1,1,0,대구,북구,차대차,추돌,진행중 추돌,운전자법규위반,안전운전 의무 불이행,단일로,기타단일로,화물차,대형,화물차,대형,1100424,1769303,128.6130301,35.91522568
2016,야간,일,1,5,4,0,0,경북,구미시,차대차,추돌,진행중 추돌,운전자법규위반,안전운전 의무 불이행,단일로,기타단일로,승용차,중형,승용차,대형,1091328,1794497,128.5151412,36.14322875
2016,주간,금,1,2,1,0,0,인천,연수구,차대차,추돌,진행중 추돌,운전자법규위반,안전운전 의무 불이행,고가도로위,고가도로위,승합차,대형,승용차,중형,920819,1934400,126.6053246,37.40533889
2016,주간,토,1,1,0,0,0,경기,용인시,차대사람,기타,기타,운전자법규위반,안전운전 의무 불이행,기타/불명,기타/불명,화물차,대형,보행자,보행자,965019,1915310,127.105628,37.23599128
2016,야간,화,1,10,2,7,0,경기,광주시,차대차,추돌,진행중 추돌,운전자법규위반,안전운전 의무 불이행,단일로,기타단일로,승용차,중형,승용차,소형,983650,1931769,127.3153078,37.38486441
2016,야간,금,1,2,0,1,0,경남,김해시,차대차,추돌,진행중 추돌,운전자법규위반,안전운전 의무 불이행,단일로,기타단일로,화물차,소형,화물차,대형,1122363,1687711,128.8438025,35.17724593
2016,야간,금,1,1,0,0,0,충남,논산시,차대차,추돌,진행중 추돌,운전자법규위반,안전운전 의무 불이행,단일로,기타단일로,화물차,중형,화물차,대형,975185,1796060,127.2241056,36.16130491
2016,야간,월,1,2,1,0,0,충북,청주시,차대차,추돌,진행중 추돌,운전자법규위반,안전운전 의무 불이행,단일로,기타단일로,승용차,중형,화물차,중형,998101,1861800,127.4530147,36.72999203
2016,야간,월,1,1,0,0,0,인천,서구,차대사람,보도통행중,보도통행중,운전자법규위반,안전운전 의무 불이행,단일로,기타단일로,승용차,중형,보행자,보행자,927058,1943186,126.6750606,37.48520004
2016,야간,일,1,4,1,2,0,전북,부안군,차대차,추돌,진행중 추돌,운전자법규위반,안전운전 의무 불이행,단일로,기타단일로,승용차,중형,승용차,중형,931408,1743409,126.7419606,35.68453172
2016,주간,화,1,1,0,0,0,경북,상주시,차대차,추돌,진행중 추돌,운전자법규위반,안전운전 의무 불이행,단일로,기타단일로,화물차,중형,승용차,중형,1063286,1827921,128.2061815,36.44677623
2016,주간,월,1,7,1,5,0,대구,북구,차대차,추돌,진행중 추돌,운전자법규위반,안전운전 의무 불이행,단일로,기타단일로,승용차,중형,승합차,대형,1093423,1771569,128.5357141,35.93634689
2016,주간,일,1,1,0,0,0,충남,금산군,차대차,추돌,진행중 추돌,운전자법규위반,안전운전 의무 불이행,단일로,기타단일로,이륜차,소형,농기계,농기계,987879,1793702,127.365274,36.14028791
2016,주간,월,1,1,0,0,0,광주,서구,차대차,측면직각충돌,측면직각충돌,운전자법규위반,안전거리 미확보,단일로,기타단일로,이륜차,소형,화물차,소형,941238,1680151,126.8554647,35.11699766
2016,야간,일,1,2,1,0,0,강원,평창군,차대차,정면충돌,정면충돌,운전자법규위반,중앙선 침범,단일로,기타단일로,화물차,소형,승합차,소형,1105346,1962937,128.69436,37.65989827
2016,야간,금,1,1,0,0,0,경남,창원시(통합),차량단독,공작물충돌,공작물충돌,운전자법규위반,안전운전 의무 불이행,단일로,기타단일로,승용차,경형,,,1109023,1703558,128.6994342,35.32164473
2016,야간,일,1,3,2,0,0,전북,익산시,차량단독,공작물충돌,공작물충돌,운전자법규위반,안전운전 의무 불이행,단일로,기타단일로,승용차,소형,,,955118,1773940,127.0022632,35.96115995
2016,주간,토,1,3,1,1,0,전남,해남군,차대차,정면충돌,정면충돌,운전자법규위반,중앙선 침범,단일로,기타단일로,화물차,소형,승합차,대형,902969,1618987,126.4423131,34.56039164
2016,주간,금,1,1,0,0,0,경남,하동군,차대차,기타,기타,운전자법규위반,안전운전 의무 불이행,교차로,교차로부근,원동기장치자전거,원동기장치자전거,화물차,소형,1033784,1689076,127.8711171,35.1964408
2016,주간,목,1,1,0,0,0,경남,김해시,차대사람,길가장자리구역통행중,길가장자리구역통행중,운전자법규위반,안전운전 의무 불이행,단일로,기타단일로,승용차,중형,보행자,보행자,1121287,1699141,128.833674,35.28041393
2016,야간,목,1,1,0,0,0,대구,수성구,차대차,추돌,진행중 추돌,운전자법규위반,안전운전 의무 불이행,단일로,기타단일로,이륜차,소형,승용차,중형,1100374,1760157,128.6156034,35.83233406
2016,주간,목,1,1,0,0,0,부산,해운대구,차대차,추돌,진행중 추돌,운전자법규위반,안전운전 의무 불이행,단일로,기타단일로,화물차,중형,화물차,경형,1149775,1693338,129.145831,35.22444865
2016,야간,화,1,1,0,0,0,경기,성남시,차대사람,횡단중,횡단중,운전자법규위반,신호위반,교차로,교차로부근,승용차,소형,보행자,보행자,968788,1938012,127.1471626,37.44075514
2016,야간,화,1,1,0,0,0,서울,구로구,차대사람,기타,기타,운전자법규위반,안전운전 의무 불이행,지하도로내,지하도로내,승용차,중형,보행자,보행자,945739,1945394,126.886071,37.50622555
2016,주간,화,1,2,1,0,0,충남,예산군,차대차,정면충돌,정면충돌,운전자법규위반,중앙선 침범,단일로,기타단일로,화물차,소형,화물차,소형,937068,1854100,126.795629,36.68278776
2016,주간,토,1,1,0,0,0,강원,원주시,차량단독,전도전복,전도전복,운전자법규위반,안전운전 의무 불이행,단일로,기타단일로,이륜차,소형,,,1028989,1919344,127.826977,37.27255902
2016,주간,토,1,1,0,0,0,경기,광명시,차대차,기타,기타,운전자법규위반,안전거리 미확보,단일로,기타단일로,승용차,경형,이륜차,소형,945386,1941023,126.8824016,37.46680819
2016,야간,월,1,3,1,1,0,충북,충주시,차대차,정면충돌,정면충돌,운전자법규위반,안전운전 의무 불이행,단일로,기타단일로,화물차,소형,화물차,소형,1021863,1893771,127.7458536,37.04223599
2016,주간,수,1,1,0,0,0,인천,연수구,차대사람,기타,기타,운전자법규위반,안전운전 의무 불이행,단일로,기타단일로,화물차,대형,보행자,보행자,922681,1934806,126.6263188,37.40915539
2016,야간,월,1,3,0,2,0,경북,상주시,차대차,추돌,진행중 추돌,운전자법규위반,안전운전 의무 불이행,단일로,기타단일로,화물차,대형,승용차,중형,1065152,1819083,128.22626,36.36698018
2016,주간,화,4,19,11,4,0,전북,임실군,차대차,추돌,진행중 추돌,운전자법규위반,안전운전 의무 불이행,단일로,기타단일로,화물차,대형,승합차,경형,984211,1732843,127.3257095,35.59152405
2016,주간,목,1,3,0,2,0,경기,고양시,차대차,추돌,진행중 추돌,운전자법규위반,안전운전 의무 불이행,단일로,기타단일로,화물차,소형,화물차,소형,945554,1964012,126.8825933,37.67401878
2016,주간,금,1,4,2,1,0,인천,남구,차대차,추돌,진행중 추돌,운전자법규위반,안전운전 의무 불이행,단일로,기타단일로,화물차,중형,승용차,중형,924078,1938364,126.6417368,37.44133841
2016,야간,금,1,1,0,0,0,서울,강동구,차대사람,기타,기타,운전자법규위반,안전운전 의무 불이행,단일로,기타단일로,화물차,중형,보행자,보행자,971876,1949454,127.1816331,37.54398711
2016,주간,월,1,1,0,0,0,경남,김해시,차량단독,공작물충돌,공작물충돌,운전자법규위반,안전운전 의무 불이행,단일로,기타단일로,화물차,소형,,,1127934,1693352,128.905844,35.22740213
2016,주간,토,1,1,0,0,0,경기,안산시,차대차,추돌,진행중 추돌,운전자법규위반,안전운전 의무 불이행,단일로,기타단일로,승용차,중형,화물차,대형,945209,1924686,126.881611,37.31954739
2016,야간,월,1,1,0,0,0,충북,청주시,차대사람,횡단중,횡단중,운전자법규위반,안전운전 의무 불이행,단일로,기타단일로,승용차,소형,보행자,보행자,989436,1847019,127.3818553,36.62097756
2016,야간,금,1,1,0,0,0,경북,안동시,차량단독,공작물충돌,공작물충돌,운전자법규위반,안전운전 의무 불이행,교차로,교차로부근,이륜차,소형,,,1109248,1841683,128.7209154,36.5666798
2016,야간,토,1,1,0,0,0,서울,서초구,차대사람,기타,기타,운전자법규위반,보행자 보호의무 위반,교차로,교차로부근,승합차,중형,보행자,보행자,956186,1942705,127.0044278,37.48254387
2016,야간,금,1,1,0,0,0,경기,평택시,차대사람,횡단중,횡단중,운전자법규위반,안전운전 의무 불이행,단일로,기타단일로,승용차,경형,보행자,보행자,952740,1889962,126.9687996,37.00696618
2016,주간,수,1,1,0,0,0,충북,청주시,차대차,기타,기타,운전자법규위반,안전운전 의무 불이행,단일로,기타단일로,원동기장치자전거,원동기장치자전거,화물차,소형,994806,1840529,127.4419556,36.56251433
2016,주간,화,1,1,0,0,0,강원,홍천군,차대차,측면직각충돌,측면직각충돌,운전자법규위반,안전운전 의무 불이행,교차로,교차로내,화물차,소형,이륜차,소형,1032588,1964744,127.8695805,37.68165351
2016,야간,토,1,1,0,0,0,전북,익산시,차대사람,횡단중,횡단중,운전자법규위반,안전운전 의무 불이행,단일로,기타단일로,승용차,중형,보행자,보행자,953555,1773719,126.9849432,35.95909435
2016,주간,목,1,1,0,0,0,경남,창원시(통합),차대사람,횡단중,횡단중,운전자법규위반,신호위반,단일로,횡단보도상,승용차,중형,보행자,보행자,1096650,1691475,128.5619103,35.21398427
2016,주간,금,1,1,0,0,0,충북,청주시,차대사람,횡단중,횡단중,운전자법규위반,안전운전 의무 불이행,교차로,교차로부근,승용차,경형,보행자,보행자,997210,1848584,127.4687917,36.63514051
2016,야간,목,1,1,0,0,0,부산,강서구,차대사람,차도통행중,차도통행중,운전자법규위반,안전운전 의무 불이행,단일로,기타단일로,승용차,중형,보행자,보행자,1131245,1692200,128.9420341,35.21658974
2016,주간,월,1,1,0,0,0,경남,하동군,차대차,추돌,진행중 추돌,운전자법규위반,안전운전 의무 불이행,기타/불명,기타/불명,승용차,중형,농기계,농기계,1017986,1679388,127.6973664,35.10949004
2016,주간,월,1,1,0,0,0,대구,북구,차대차,측면직각충돌,측면직각충돌,운전자법규위반,신호위반,단일로,횡단보도상,승합차,중형,자전거,자전거,1095744,1771059,128.561296,35.93154712
2016,주간,월,1,1,0,0,0,전북,김제시,차량단독,전도전복,전도전복,운전자법규위반,안전운전 의무 불이행,단일로,기타단일로,원동기장치자전거,원동기장치자전거,,,954315,1747354,126.9945099,35.72177428
2016,주간,목,1,5,4,0,0,경기,용인시,차대차,측면직각충돌,측면직각충돌,운전자법규위반,중앙선 침범,단일로,기타단일로,승용차,소형,승용차,경형,989060,1905904,127.3768003,37.15179696
2016,야간,목,1,1,0,0,0,경기,용인시,차대차,정면충돌,정면충돌,운전자법규위반,안전운전 의무 불이행,단일로,기타단일로,화물차,소형,화물차,대형,974034,1911124,127.2074065,37.1985536
2016,야간,금,1,2,0,1,0,경북,안동시,차대차,추돌,진행중 추돌,운전자법규위반,안전운전 의무 불이행,단일로,기타단일로,승용차,소형,화물차,중형,1099731,1835187,128.6137359,36.50917031
2016,야간,화,1,1,0,0,0,경북,김천시,차대차,추돌,진행중 추돌,운전자법규위반,안전운전 의무 불이행,단일로,기타단일로,화물차,중형,특수차,대형,1069319,1790240,128.2701519,36.10667585
2016,야간,목,2,2,0,0,0,대전,대덕구,차대사람,기타,기타,운전자법규위반,안전운전 의무 불이행,단일로,기타단일로,화물차,소형,보행자,보행자,992824,1823283,127.4199663,36.40702529
2016,야간,목,1,1,0,0,0,전남,순천시,차대차,추돌,진행중 추돌,운전자법규위반,안전운전 의무 불이행,단일로,기타단일로,승용차,경형,화물차,중형,997751,1667687,127.4753526,35.0041361
2016,야간,금,1,1,0,0,0,인천,남동구,차대사람,차도통행중,차도통행중,운전자법규위반,과속,단일로,기타단일로,승용차,소형,보행자,보행자,932664,1937552,126.7389549,37.43468901
2016,주간,수,1,3,0,2,0,경기,안산시,차대차,추돌,진행중 추돌,운전자법규위반,안전운전 의무 불이행,단일로,기타단일로,화물차,대형,화물차,대형,946532,1923207,126.8966486,37.30629358
2016,주간,금,1,1,0,0,0,경남,김해시,차대차,추돌,진행중 추돌,운전자법규위반,안전운전 의무 불이행,단일로,기타단일로,화물차,대형,화물차,소형,1125390,1686956,128.8769221,35.1700666
2016,주간,목,1,1,0,0,0,충남,논산시,차대차,추돌,진행중 추돌,운전자법규위반,안전거리 미확보,단일로,기타단일로,화물차,대형,화물차,중형,968554,1793679,127.1504782,36.13964633
2016,야간,목,1,2,1,0,0,경기,이천시,차대차,추돌,진행중 추돌,운전자법규위반,안전거리 미확보,단일로,기타단일로,화물차,중형,화물차,중형,994139,1915068,127.4339249,37.23444809
2016,주간,월,1,2,1,0,0,충남,당진시,차대차,추돌,진행중 추돌,운전자법규위반,안전운전 의무 불이행,단일로,기타단일로,화물차,소형,화물차,중형,935896,1882140,126.7801499,36.93546226
2016,야간,목,10,19,8,1,0,울산,울주군,차량단독,기타,기타,운전자법규위반,안전운전 의무 불이행,단일로,기타단일로,승합차,대형,,,1147813,1731792,129.1311829,35.57113587
2016,야간,일,1,5,0,0,4,경기,평택시,차대차,기타,기타,운전자법규위반,안전운전 의무 불이행,단일로,기타단일로,화물차,소형,승용차,중형,943948,1887499,126.870166,36.98428156
2016,주간,화,1,6,3,2,0,전남,함평군,차량단독,공작물충돌,공작물충돌,운전자법규위반,안전운전 의무 불이행,단일로,기타단일로,승합차,소형,,,916766,1675017,126.5871338,35.06680071
2016,주간,화,1,13,7,5,0,충북,충주시,차대차,추돌,진행중 추돌,운전자법규위반,과속,단일로,기타단일로,화물차,중형,승용차,중형,1021445,1893826,127.7483379,37.0419658
2016,야간,수,1,2,0,1,0,인천,부평구,차대사람,기타,기타,운전자법규위반,안전운전 의무 불이행,단일로,기타단일로,승용차,중형,보행자,보행자,930843,1947455,126.7277072,37.5238901
2016,야간,수,1,2,1,0,0,경북,구미시,차대차,추돌,진행중 추돌,운전자법규위반,안전운전 의무 불이행,기타/불명,기타/불명,화물차,대형,화물차,대형,1077563,1789127,128.3614337,36.09454425
